C h:0.0133333
C GRID SIZE:76
C N:74
0 0.000177778 0.000711111 0.0016 0.00284444 0.00444444 0.0064 0.00871111 0.0113778 0.0144 0.0177778 0.0215111 0.0256 0.0300444 0.0348444 0.04 0.0455111 0.0513778 0.0576 0.0641778 0.0711111 0.0784 0.0860444 0.0940444 0.1024 0.111111 0.120178 0.1296 0.139378 0.149511 0.16 0.170844 0.182044 0.1936 0.205511 0.217778 0.2304 0.243378 0.256711 0.2704 0.284444 0.298844 0.3136 0.328711 0.344178 0.36 0.376178 0.392711 0.4096 0.426844 0.444444 0.4624 0.480711 0.499378 0.5184 0.537778 0.557511 0.5776 0.598044 0.618844 0.64 0.661511 0.683378 0.7056 0.728178 0.751111 0.7744 0.798044 0.822044 0.8464 0.871111 0.896178 0.9216 0.947378 0.973511 1 
4 2.00121 1.21192 0.841722 0.640057 0.5168 0.434965 0.37738 0.335183 0.303397 0.27902 0.260136 0.245462 0.234113 0.22546 0.219042 0.214514 0.21161 0.210124 0.209894 0.210793 0.212717 0.215581 0.219314 0.223859 0.229168 0.235205 0.241939 0.249346 0.257404 0.266095 0.275404 0.285317 0.295818 0.306897 0.318542 0.330747 0.343507 0.356823 0.370697 0.385137 0.400148 0.415739 0.431914 0.44868 0.466042 0.484009 0.502596 0.521825 0.541725 0.562328 0.583669 0.605784 0.628714 0.652507 0.677233 0.702982 0.72987 0.758033 0.787626 0.818839 0.851922 0.887227 0.925238 0.966609 1.01222 1.0633 1.12174 1.19058 1.27484 1.3834 1.53338 1.76173 2.15854 2.97448 5 
4 2.7926 2.00408 1.51328 1.19887 0.987756 0.839295 0.730669 0.648596 0.58501 0.534795 0.494569 0.462017 0.435507 0.413861 0.396211 0.3819 0.370421 0.36138 0.354464 0.349426 0.346064 0.344214 0.34374 0.344529 0.346489 0.349542 0.353626 0.358689 0.36469 0.371591 0.379363 0.387979 0.397416 0.407655 0.418677 0.430471 0.443026 0.45634 0.470414 0.485256 0.500876 0.517289 0.53451 0.552554 0.571437 0.591181 0.611812 0.633369 0.655901 0.679471 0.704149 0.730015 0.757156 0.785673 0.815693 0.84738 0.880946 0.916654 0.954823 0.995836 1.04017 1.08848 1.14164 1.20087 1.26782 1.34478 1.43508 1.5438 1.6791 1.85427 2.09212 2.43331 2.95076 3.76588 5 
4 3.16514 2.49865 2.00851 1.65443 1.39611 1.20383 1.05742 0.943535 0.853265 0.780586 0.721325 0.672519 0.632023 0.598254 0.570027 0.546435 0.526774 0.510487 0.497133 0.486357 0.477872 0.471442 0.466872 0.464 0.462689 0.462827 0.464319 0.467089 0.471073 0.476218 0.48248 0.489822 0.498211 0.507621 0.518029 0.529416 0.54177 0.555084 0.569357 0.584598 0.60082 0.618042 0.636289 0.655586 0.675963 0.697452 0.720093 0.743937 0.769051 0.795522 0.823452 0.852964 0.884191 0.917288 0.952437 0.989864 1.02986 1.07279 1.11912 1.16942 1.22435 1.2848 1.35195 1.4274 1.51335 1.61279 1.72983 1.87043 2.04354 2.26261 2.54773 2.92855 3.44541 4.13847 5 
4 3.36936 2.81692 2.36769 2.01418 1.73842 1.52245 1.35162 1.21481 1.10389 1.01293 0.93759 0.874674 0.821777 0.777079 0.739187 0.707024 0.679737 0.656648 0.637213 0.62099 0.607618 0.596803 0.588299 0.581899 0.577431 0.574749 0.573731 0.574278 0.576304 0.579742 0.584534 0.590633 0.597997 0.606596 0.6164 0.627387 0.639543 0.652857 0.667326 0.682958 0.699769 0.717781 0.737027 0.757543 0.77937 0.802555 0.82715 0.853219 0.880844 0.910129 0.941202 0.97422 1.00936 1.04684 1.08687 1.12976 1.17584 1.22556 1.2795 1.33835 1.40296 1.47439 1.55399 1.64357 1.74558 1.86328 2.00102 2.16461 2.3621 2.60468 2.90721 3.28757 3.76373 4.34274 5 
4 3.49543 3.03205 2.63116 2.29619 2.02094 1.79595 1.61177 1.46017 1.33453 1.22962 1.14141 1.06678 1.0033 0.949065 0.902597 0.862716 0.828484 0.79914 0.774068 0.75276 0.734802 0.719849 0.707616 0.69786 0.69038 0.685 0.681577 0.679988 0.680133 0.681927 0.685301 0.690198 0.69657 0.70438 0.713596 0.724193 0.736154 0.749466 0.764126 0.780139 0.797522 0.816301 0.836513 0.858203 0.881426 0.906241 0.932714 0.960925 0.990965 1.02295 1.05703 1.09339 1.13224 1.17384 1.21846 1.26644 1.31818 1.37417 1.43504 1.50158 1.57476 1.65575 1.74599 1.84733 1.96219 2.09377 2.24619 2.42464 2.63561 2.8872 3.18907 3.55083 3.97873 4.46877 5 
4 3.58034 3.1847 2.82871 2.51844 2.25319 2.02867 1.83933 1.67958 1.54443 1.42961 1.33166 1.24773 1.17555 1.11328 1.05941 1.01275 0.972336 0.937354 0.907149 0.881174 0.858975 0.840173 0.824451 0.811542 0.801219 0.793287 0.787581 0.783963 0.782315 0.78254 0.784559 0.788306 0.793726 0.800778 0.809427 0.819645 0.831415 0.844723 0.859565 0.875946 0.893883 0.913401 0.934542 0.957358 0.981913 1.00828 1.03654 1.06678 1.09912 1.13367 1.1706 1.21011 1.25243 1.29785 1.3467 1.39935 1.45625 1.5179 1.58496 1.65826 1.73879 1.82781 1.92677 2.03747 2.16212 2.30356 2.46539 2.65193 2.86814 3.11943 3.41136 3.74837 4.13128 4.55362 5 
4 3.64127 3.29771 2.9805 2.69563 2.44466 2.22619 2.03728 1.87439 1.73397 1.61275 1.50788 1.41695 1.33792 1.26908 1.20902 1.15657 1.11077 1.0708 1.03601 1.00582 0.979756 0.957422 0.938479 0.922641 0.909665 0.899342 0.891491 0.88596 0.882619 0.881362 0.882097 0.884753 0.889269 0.895599 0.903705 0.91356 0.925144 0.938444 0.953458 0.97019 0.988656 1.00888 1.03091 1.0548 1.08062 1.10845 1.13839 1.17054 1.20502 1.24198 1.28158 1.32402 1.36956 1.41849 1.47118 1.52803 1.58952 1.65617 1.72865 1.80774 1.89444 1.98997 2.09575 2.21348 2.34512 2.49304 2.66011 2.84968 3.0654 3.31074 3.58854 3.90023 4.24429 4.61454 5 
4 3.6871 3.38438 3.09993 2.8389 2.6036 2.39414 2.2092 2.04672 1.90428 1.77951 1.67018 1.57429 1.4901 1.41611 1.35103 1.29376 1.24338 1.19911 1.16029 1.12635 1.09683 1.0713 1.04942 1.03089 1.01547 1.00293 0.993079 0.985762 0.980837 0.978188 0.977718 0.979348 0.983012 0.98866 0.996253 1.00576 1.01717 1.03046 1.04563 1.06269 1.08166 1.10256 1.12543 1.15033 1.17734 1.20654 1.23805 1.27197 1.30845 1.34762 1.38968 1.43482 1.48329 1.53541 1.59154 1.65211 1.7176 1.78857 1.86565 1.9496 2.04133 2.14198 2.25285 2.37551 2.51166 2.66323 2.83239 3.02155 3.23319 3.46948 3.73169 4.01964 4.33095 4.66037 5 
4 3.72282 3.45281 3.19592 2.95641 2.73668 2.53755 2.35868 2.19897 2.05691 1.93082 1.81901 1.71991 1.63208 1.55423 1.48522 1.42406 1.36989 1.32198 1.2797 1.24251 1.20992 1.18155 1.15703 1.13607 1.11841 1.10383 1.09214 1.08317 1.07678 1.07284 1.07124 1.07191 1.07478 1.07979 1.0869 1.09608 1.10732 1.12059 1.13591 1.15328 1.17271 1.19424 1.2179 1.24376 1.27188 1.30237 1.33532 1.37087 1.40917 1.45037 1.49466 1.54224 1.59337 1.64833 1.70751 1.77131 1.84023 1.91482 1.9957 2.08359 2.1793 2.28382 2.39831 2.52411 2.6627 2.81564 2.98453 3.17099 3.37657 3.60247 3.84909 4.11555 4.39932 4.69607 5 
4 3.75143 3.50812 3.27453 3.05413 2.84915 2.6607 2.489 2.33358 2.19357 2.06782 1.95513 1.85426 1.76407 1.6835 1.61155 1.54735 1.49014 1.43923 1.39405 1.35406 1.31883 1.28795 1.2611 1.23797 1.2183 1.20188 1.18851 1.17802 1.17027 1.16514 1.1625 1.16229 1.16442 1.16884 1.1755 1.18438 1.19545 1.20871 1.22415 1.2418 1.26166 1.28377 1.30816 1.3349 1.36406 1.39573 1.43002 1.46706 1.50701 1.55003 1.59631 1.64607 1.69955 1.75703 1.81885 1.88543 1.95723 2.0348 2.11872 2.20967 2.30837 2.41567 2.53253 2.66007 2.79949 2.95205 3.11893 3.30119 3.49968 3.71491 3.94675 4.19409 4.45455 4.72465 5 
4 3.77486 3.5537 3.33994 3.1364 2.94506 2.76711 2.60305 2.45282 2.31597 2.19179 2.07941 1.97794 1.88647 1.80414 1.73012 1.66366 1.60407 1.55076 1.50319 1.46087 1.42338 1.39035 1.36146 1.33641 1.31496 1.29689 1.28201 1.27015 1.26117 1.25494 1.25135 1.25032 1.25177 1.25565 1.2619 1.27049 1.28141 1.29465 1.31021 1.32811 1.34836 1.37099 1.39606 1.42361 1.45372 1.48647 1.52198 1.56037 1.6018 1.64644 1.69449 1.74615 1.80167 1.86132 1.92542 1.99435 2.06853 2.14847 2.23474 2.32795 2.42875 2.53786 2.65606 2.78422 2.9233 3.07424 3.23792 3.41503 3.60597 3.81078 4.02901 4.25946 4.50008 4.74805 5 
4 3.79439 3.59188 3.39512 3.20643 3.02755 2.85961 2.70326 2.55867 2.42571 2.30394 2.19281 2.09164 1.99976 1.91648 1.84113 1.77308 1.71173 1.65656 1.60707 1.56284 1.52347 1.48862 1.45798 1.43127 1.40826 1.38873 1.3725 1.35941 1.34932 1.3421 1.33765 1.33588 1.33671 1.34009 1.34596 1.35429 1.36508 1.3783 1.39396 1.41208 1.43268 1.45579 1.48146 1.50974 1.54071 1.57444 1.61105 1.65065 1.69341 1.73948 1.78906 1.84236 1.89963 1.96112 2.02712 2.09798 2.17408 2.25588 2.34389 2.43866 2.54078 2.65085 2.76952 2.89744 3.03531 3.18382 3.34359 3.51503 3.6983 3.89318 4.09901 4.31462 4.53822 4.76757 5 
4 3.81092 3.62429 3.44224 3.26666 3.09906 2.94051 2.79169 2.65292 2.52425 2.40547 2.29623 2.19606 2.10447 2.02091 1.94487 1.87581 1.81323 1.75667 1.70571 1.65995 1.61905 1.58268 1.55056 1.52243 1.49807 1.47727 1.45986 1.44568 1.4346 1.4265 1.42127 1.41883 1.4191 1.42203 1.42756 1.43566 1.44632 1.45953 1.47528 1.4936 1.51451 1.53804 1.56424 1.59318 1.6249 1.65951 1.6971 1.73779 1.78171 1.82903 1.87993 1.93464 1.99336 2.05636 2.12391 2.19632 2.27392 2.35712 2.44635 2.5421 2.64488 2.75522 2.87363 3.00062 3.13666 3.28223 3.4377 3.60331 3.77904 3.96456 4.15915 4.36168 4.5706 4.78408 5 
4 3.82507 3.65213 3.48288 3.3189 3.16151 3.01167 2.87006 2.73708 2.61289 2.49745 2.39056 2.29191 2.20114 2.11786 2.04164 1.97206 1.90872 1.8512 1.79915 1.75222 1.71009 1.67249 1.63915 1.60983 1.58431 1.56242 1.54399 1.52886 1.51691 1.50802 1.50211 1.49907 1.49884 1.50136 1.50658 1.51448 1.52502 1.53821 1.55405 1.57255 1.59373 1.61764 1.64431 1.67382 1.70622 1.74159 1.78004 1.82166 1.8666 1.915 1.96704 2.02291 2.08284 2.14705 2.21582 2.28941 2.36812 2.4523 2.54231 2.63856 2.7415 2.85154 2.96913 3.09464 3.2284 3.3707 3.52173 3.68156 3.85008 4.02689 4.21129 4.40223 4.59838 4.79821 5 
4 3.83732 3.67627 3.51824 3.36457 3.2164 3.07459 2.93979 2.81245 2.69279 2.58088 2.47663 2.37987 2.29034 2.20775 2.13178 2.0621 1.99838 1.94028 1.88748 1.83969 1.79663 1.75806 1.72372 1.69342 1.66694 1.64413 1.62481 1.60886 1.59615 1.58658 1.58005 1.57648 1.57581 1.57797 1.58292 1.59063 1.60108 1.61426 1.63017 1.64883 1.67026 1.69449 1.72158 1.75158 1.78455 1.82059 1.85977 1.90221 1.94802 1.99734 2.05033 2.10716 2.16805 2.23322 2.3029 2.37734 2.45682 2.54161 2.63202 2.72839 2.83107 2.94041 3.05675 3.18038 3.31154 3.45037 3.59693 3.75117 3.91289 4.08166 4.25684 4.43749 4.62244 4.81042 5 
4 3.84801 3.69737 3.54924 3.40476 3.26491 3.13048 3.00208 2.88014 2.76495 2.65664 2.55522 2.46059 2.37259 2.29101 2.21564 2.1462 2.08243 2.02405 1.97081 1.92244 1.87871 1.83939 1.80428 1.77318 1.74592 1.72233 1.70228 1.68563 1.67227 1.6621 1.65504 1.65101 1.64994 1.65178 1.65648 1.66403 1.67439 1.68756 1.70354 1.72234 1.74398 1.76851 1.79595 1.82638 1.85985 1.89645 1.93625 1.97937 2.02591 2.07599 2.12976 2.18738 2.24903 2.31491 2.38524 2.46025 2.54017 2.62525 2.71574 2.8119 2.91401 3.02233 3.13713 3.25863 3.38698 3.52225 3.6644 3.81329 3.96866 4.13007 4.29692 4.46838 4.64346 4.82106 5 
4 3.85741 3.71594 3.57659 3.44032 3.308 3.18034 3.05789 2.9411 2.83025 2.72553 2.62701 2.53466 2.4484 2.36809 2.29356 2.22463 2.16108 2.1027 2.04926 2.00055 1.95637 1.91653 1.88083 1.84912 1.82123 1.79702 1.77635 1.75911 1.7452 1.73453 1.727 1.72256 1.72115 1.72271 1.7272 1.7346 1.74488 1.75804 1.77408 1.793 1.81483 1.8396 1.86736 1.89815 1.93204 1.96911 2.00943 2.05311 2.10024 2.15093 2.20533 2.26356 2.32578 2.39218 2.46294 2.53827 2.61837 2.70346 2.79375 2.88943 2.99072 3.09781 3.21089 3.33011 3.45555 3.58723 3.72508 3.86888 4.01835 4.17304 4.33237 4.49563 4.66195 4.83041 5 
4 3.86572 3.73238 3.60084 3.47194 3.34644 3.22497 3.10805 2.9961 2.88943 2.78823 2.69263 2.60266 2.51826 2.43938 2.3659 2.29768 2.23457 2.17639 2.12297 2.07414 2.0297 1.98951 1.95341 1.92124 1.89287 1.86816 1.847 1.82929 1.81492 1.80381 1.7959 1.79111 1.7894 1.79071 1.79501 1.80228 1.81248 1.82563 1.84171 1.86074 1.88273 1.90772 1.93574 1.96683 2.00108 2.03853 2.07927 2.12339 2.17099 2.22217 2.27704 2.33572 2.39836 2.4651 2.5361 2.61155 2.69162 2.77649 2.86634 2.96133 3.06161 3.16731 3.27854 3.39541 3.51793 3.6461 3.77979 3.91879 4.06277 4.21131 4.36386 4.51977 4.67831 4.83867 5 
4 3.8731 3.74701 3.62245 3.50017 3.38085 3.26504 3.15324 3.04584 2.94313 2.84535 2.75264 2.66505 2.58261 2.50528 2.43298 2.36564 2.30313 2.24533 2.19211 2.14331 2.09879 2.05842 2.02205 1.98956 1.96084 1.93576 1.91421 1.89612 1.88138 1.86992 1.86168 1.8566 1.85463 1.85573 1.85986 1.86701 1.87715 1.89028 1.90639 1.9255 1.94763 1.97279 2.00103 2.03238 2.06691 2.10467 2.14575 2.19022 2.23817 2.2897 2.34491 2.40391 2.46681 2.53374 2.60483 2.68023 2.7601 2.84458 2.93381 3.02793 3.12704 3.23123 3.34056 3.45507 3.57473 3.6995 3.82923 3.9637 4.1026 4.24551 4.39192 4.54125 4.69284 4.84601 5 
4 3.87968 3.76006 3.64177 3.52546 3.41174 3.30112 3.19404 3.09087 2.99192 2.89741 2.80751 2.72231 2.64185 2.56613 2.49512 2.42876 2.36699 2.30972 2.25682 2.2082 2.16374 2.12331 2.08681 2.05412 2.02516 1.99981 1.97798 1.95959 1.94455 1.93282 1.92431 1.91899 1.9168 1.91772 1.92171 1.92875 1.93883 1.95193 1.96807 1.98724 2.00947 2.03478 2.06319 2.09476 2.12951 2.16752 2.20886 2.25358 2.30179 2.35357 2.409 2.46818 2.53121 2.5982 2.66924 2.74447 2.824 2.90794 2.99643 3.08955 3.18739 3.29 3.39739 3.50956 3.62645 3.74798 3.87397 4.00422 4.13842 4.27617 4.41702 4.56042 4.70579 4.85254 5 
4 3.88556 3.77175 3.65909 3.54818 3.43954 3.33365 3.23092 3.1317 3.03627 2.94487 2.85768 2.77481 2.69633 2.62226 2.5526 2.48732 2.42638 2.36973 2.31728 2.26895 2.22465 2.18428 2.14775 2.11497 2.08586 2.06033 2.0383 2.01969 2.00444 1.99248 1.98377 1.97825 1.97589 1.97666 1.98052 1.98747 1.99749 2.01057 2.02671 2.04593 2.06824 2.09365 2.1222 2.15392 2.18886 2.22706 2.26858 2.31349 2.36187 2.41379 2.46933 2.52859 2.59164 2.65856 2.72945 2.80439 2.88348 2.9668 3.05445 3.14649 3.24299 3.34398 3.44943 3.55931 3.67354 3.79199 3.91449 4.04082 4.17068 4.30372 4.43951 4.57757 4.71737 4.85837 5 
4 3.89083 3.78223 3.67465 3.56861 3.4646 3.36304 3.2643 3.16873 3.0766 2.98815 2.90354 2.82293 2.74639 2.67396 2.60568 2.54153 2.48149 2.42554 2.37362 2.32568 2.28163 2.24141 2.20495 2.17216 2.14299 2.11735 2.09519 2.07643 2.06102 2.0489 2.04002 2.03435 2.03186 2.0325 2.03627 2.04314 2.0531 2.06615 2.08229 2.10154 2.12389 2.14938 2.17803 2.20987 2.24493 2.28326 2.32491 2.36994 2.41842 2.4704 2.52598 2.58521 2.64818 2.71494 2.78558 2.86015 2.93871 3.02134 3.10809 3.19902 3.29415 3.3935 3.49704 3.6047 3.71638 3.83194 3.95119 4.0739 4.19979 4.32852 4.45972 4.59295 4.72773 4.86359 5 
4 3.89556 3.79164 3.68864 3.58701 3.4872 3.38959 3.29453 3.20234 3.11328 3.02758 2.94544 2.86698 2.79232 2.72152 2.65461 2.59161 2.53252 2.47733 2.426 2.37851 2.33479 2.2948 2.25847 2.22575 2.19659 2.17091 2.14868 2.12982 2.1143 2.10207 2.09307 2.08729 2.08468 2.08523 2.08891 2.09572 2.10563 2.11865 2.13479 2.15404 2.17642 2.20196 2.23067 2.26259 2.29773 2.33615 2.37787 2.42296 2.47147 2.52346 2.57898 2.63812 2.70092 2.76744 2.83774 2.91187 2.98985 3.07174 3.15757 3.24737 3.34114 3.43888 3.54055 3.64607 3.75533 3.86817 3.9844 4.10378 4.22604 4.35086 4.4779 4.60676 4.73703 4.86826 5 
4 3.89979 3.80009 3.70122 3.60358 3.50758 3.41358 3.32189 3.23282 3.14661 3.0635 2.98366 2.90726 2.8344 2.76517 2.69962 2.63777 2.57964 2.52524 2.47456 2.42757 2.38424 2.34453 2.3084 2.27581 2.2467 2.22104 2.19879 2.17989 2.1643 2.15199 2.14291 2.13704 2.13435 2.13482 2.13844 2.14519 2.15506 2.16805 2.18417 2.20342 2.22582 2.25137 2.28012 2.31207 2.34726 2.38571 2.42747 2.47257 2.52106 2.57299 2.62841 2.68738 2.74995 2.81617 2.88607 2.9597 3.03706 3.11818 3.20308 3.29175 3.38419 3.48037 3.58024 3.68372 3.7907 3.90099 4.01442 4.13075 4.2497 4.37098 4.49425 4.61918 4.74537 4.87246 5 
4 3.9036 3.80768 3.71252 3.6185 3.52596 3.43524 3.34664 3.26043 3.17686 3.09614 3.01848 2.94401 2.87288 2.80515 2.74091 2.68019 2.62303 2.56944 2.51942 2.47296 2.43006 2.39069 2.3548 2.32238 2.29339 2.26779 2.24555 2.22665 2.21103 2.19867 2.18954 2.18361 2.18086 2.18128 2.18484 2.19154 2.20137 2.21434 2.23043 2.24967 2.27206 2.29761 2.32636 2.35832 2.39351 2.43196 2.47371 2.51878 2.5672 2.61903 2.67431 2.73307 2.79536 2.86123 2.93069 3.00377 3.08048 3.16082 3.24478 3.33235 3.42351 3.5182 3.61637 3.71793 3.82275 3.93068 4.04153 4.15505 4.27099 4.38906 4.50894 4.63032 4.75287 4.87622 5 
4 3.90701 3.8145 3.72268 3.63191 3.5425 3.45476 3.36897 3.28539 3.20425 3.12576 3.05011 2.97747 2.90795 2.84166 2.77868 2.71906 2.66284 2.61005 2.5607 2.51481 2.47236 2.43334 2.39774 2.36553 2.33669 2.31119 2.28901 2.27013 2.25451 2.24213 2.23297 2.227 2.22421 2.22458 2.2281 2.23476 2.24455 2.25749 2.27356 2.29277 2.31514 2.34068 2.3694 2.40134 2.4365 2.47492 2.51662 2.56162 2.60995 2.66164 2.71673 2.77525 2.83723 2.90271 2.9717 3.04421 3.12025 3.19981 3.28285 3.36936 3.45928 3.55256 3.64913 3.74889 3.85173 3.95747 4.06594 4.1769 4.2901 4.40527 4.52211 4.64031 4.75958 4.87959 5 
4 3.91007 3.8206 3.73178 3.64393 3.55734 3.4723 3.38907 3.30789 3.22898 3.15255 3.07877 3.00781 2.93981 2.87488 2.8131 2.75453 2.69923 2.64722 2.59854 2.55321 2.51122 2.47259 2.43729 2.40531 2.37665 2.35128 2.32918 2.31035 2.29476 2.28239 2.27322 2.26723 2.26441 2.26474 2.26822 2.27484 2.2846 2.2975 2.31354 2.33272 2.35506 2.38056 2.40925 2.44114 2.47625 2.5146 2.55622 2.60112 2.64932 2.70085 2.75573 2.81398 2.87564 2.94071 3.00921 3.08115 3.15651 3.23529 3.31744 3.40292 3.49168 3.58364 3.67872 3.77682 3.87782 3.98155 4.08784 4.19648 4.30721 4.41977 4.53387 4.64923 4.76557 4.8826 5 
4 3.91282 3.82606 3.73992 3.65468 3.57063 3.48802 3.4071 3.3281 3.25123 3.17667 3.10462 3.03523 2.96864 2.90497 2.84432 2.78674 2.73231 2.68106 2.63304 2.58825 2.54674 2.50849 2.4735 2.44178 2.41332 2.3881 2.36611 2.34735 2.3318 2.31945 2.31029 2.30429 2.30145 2.30176 2.30521 2.3118 2.32152 2.33438 2.35038 2.36952 2.39181 2.41726 2.4459 2.47772 2.51276 2.55102 2.59253 2.63731 2.68536 2.7367 2.79135 2.84932 2.91063 2.97529 3.04331 3.11468 3.18938 3.2674 3.34868 3.43319 3.52085 3.61158 3.70529 3.80187 3.90119 4.0031 4.10742 4.21395 4.32245 4.43266 4.54432 4.65716 4.7709 4.88528 5 
4 3.91527 3.83093 3.74717 3.66426 3.58246 3.50203 3.42319 3.34615 3.27112 3.19828 3.1278 3.05985 2.99457 2.93207 2.87246 2.81583 2.76222 2.71169 2.66429 2.62004 2.57898 2.54112 2.50645 2.475 2.44674 2.42168 2.39982 2.38115 2.36566 2.35335 2.3442 2.3382 2.33535 2.33564 2.33906 2.34562 2.3553 2.36812 2.38408 2.40317 2.42541 2.4508 2.47936 2.5111 2.54605 2.5842 2.62559 2.67021 2.71809 2.76922 2.82363 2.88131 2.94228 3.00654 3.07408 3.14489 3.21896 3.29625 3.37671 3.4603 3.54693 3.63653 3.72898 3.82418 3.92198 4.02225 4.1248 4.22944 4.33594 4.44407 4.55356 4.66416 4.7756 4.88764 5 
4 3.91745 3.83524 3.75358 3.67273 3.59294 3.51444 3.43745 3.36217 3.2888 3.21751 3.14846 3.08182 3.01773 2.95631 2.89767 2.84189 2.78905 2.7392 2.69239 2.64866 2.60804 2.57054 2.5362 2.505 2.47696 2.45208 2.43035 2.41177 2.39635 2.38409 2.37496 2.36898 2.36612 2.3664 2.3698 2.37632 2.38596 2.39874 2.41464 2.43367 2.45585 2.48117 2.50965 2.5413 2.57613 2.61416 2.6554 2.69986 2.74755 2.79847 2.85262 2.91001 2.97064 3.0345 3.10158 3.17187 3.24533 3.32194 3.40164 3.48437 3.57006 3.65861 3.74992 3.84387 3.94032 4.03912 4.1401 4.24306 4.3478 4.45408 4.56166 4.67029 4.77972 4.88971 5 
4 3.91938 3.83904 3.75923 3.68018 3.60214 3.52534 3.44998 3.37626 3.30436 3.23445 3.16669 3.10124 3.03822 2.97778 2.92003 2.86504 2.8129 2.76368 2.71742 2.67417 2.63396 2.59683 2.56279 2.53185 2.50403 2.47931 2.45772 2.43925 2.42391 2.41169 2.4026 2.39663 2.39377 2.39404 2.39741 2.4039 2.4135 2.42623 2.44207 2.46104 2.48314 2.50838 2.53677 2.56831 2.60302 2.64091 2.682 2.72628 2.77377 2.82446 2.87836 2.93546 2.99576 3.05924 3.12588 3.19567 3.26858 3.34455 3.42355 3.5055 3.59032 3.67793 3.76822 3.86105 3.9563 4.05381 4.15341 4.2549 4.3581 4.46277 4.56868 4.6756 4.78329 4.8915 5 
4 3.92107 3.84236 3.76414 3.68665 3.61013 3.5348 3.46087 3.38851 3.3179 3.24922 3.1826 3.1182 3.05616 2.9966 2.93963 2.88536 2.83386 2.78521 2.73945 2.69665 2.65683 2.62003 2.58628 2.55559 2.52797 2.50343 2.48197 2.46361 2.44835 2.43618 2.42712 2.42117 2.41832 2.41857 2.42192 2.42837 2.43793 2.4506 2.46638 2.48528 2.5073 2.53245 2.56074 2.59216 2.62674 2.66449 2.70541 2.7495 2.79678 2.84725 2.90089 2.9577 3.01768 3.08079 3.14703 3.21636 3.28875 3.36416 3.44252 3.52376 3.60782 3.69459 3.78396 3.87582 3.97002 4.0664 4.16481 4.26504 4.36691 4.47019 4.57468 4.68013 4.78633 4.89303 5 
4 3.92253 3.8452 3.76835 3.69221 3.61699 3.54291 3.47019 3.39899 3.3295 3.26187 3.19625 3.13278 3.07159 3.01282 2.95656 2.90293 2.852 2.80386 2.75856 2.71615 2.67669 2.6402 2.60671 2.57625 2.54883 2.52445 2.50313 2.48488 2.46969 2.45758 2.44856 2.44262 2.43977 2.44 2.44333 2.44974 2.45926 2.47187 2.48758 2.5064 2.52833 2.55338 2.58156 2.61286 2.64731 2.6849 2.72565 2.76955 2.81662 2.86685 2.92024 2.97677 3.03644 3.09921 3.16507 3.23399 3.30592 3.38081 3.4586 3.53923 3.62261 3.70865 3.79723 3.88824 3.98154 4.07697 4.17436 4.27353 4.37428 4.47641 4.57969 4.68392 4.78886 4.89431 5 
4 3.92375 3.8476 3.7719 3.69687 3.62274 3.54972 3.478 3.40779 3.33923 3.2725 3.20772 3.14505 3.0846 3.02651 2.97087 2.9178 2.86738 2.81969 2.77479 2.73274 2.69359 2.65737 2.62413 2.59388 2.56664 2.54242 2.52123 2.50307 2.48796 2.47591 2.46692 2.46099 2.45814 2.45836 2.46165 2.46803 2.47749 2.49003 2.50567 2.5244 2.54624 2.57119 2.59925 2.63043 2.66473 2.70216 2.74273 2.78645 2.8333 2.88331 2.93644 2.99271 3.05208 3.11454 3.18005 3.24859 3.32011 3.39455 3.47186 3.55196 3.63476 3.72017 3.80809 3.89839 3.99093 4.08557 4.18213 4.28042 4.38026 4.48144 4.58375 4.68698 4.79092 4.89533 5 
4 3.92475 3.84954 3.77478 3.70067 3.62743 3.55526 3.48437 3.41494 3.34715 3.28114 3.21706 3.15505 3.09523 3.03771 2.98261 2.93003 2.88004 2.83274 2.78819 2.74645 2.70757 2.6716 2.63857 2.60851 2.58143 2.55735 2.53627 2.51821 2.50318 2.49118 2.48222 2.4763 2.47345 2.47365 2.47691 2.48324 2.49264 2.50511 2.52067 2.53931 2.56104 2.58588 2.61381 2.64486 2.67901 2.71628 2.75668 2.8002 2.84685 2.89663 2.94953 3.00553 3.06463 3.12679 3.192 3.2602 3.33136 3.40542 3.48232 3.56197 3.6443 3.7292 3.81657 3.9063 3.99824 4.09224 4.18814 4.28575 4.38488 4.48533 4.58689 4.68935 4.79249 4.89613 5 
4 3.92551 3.85105 3.77702 3.70363 3.63108 3.55958 3.48932 3.42051 3.3533 3.28786 3.22433 3.16284 3.10352 3.04648 2.99182 2.93964 2.89003 2.84306 2.7988 2.75733 2.71868 2.68292 2.65007 2.62016 2.59322 2.56926 2.5483 2.53032 2.51536 2.5034 2.49447 2.48857 2.4857 2.48588 2.48911 2.49539 2.50472 2.51712 2.53258 2.55112 2.57275 2.59746 2.62526 2.65617 2.69017 2.72728 2.7675 2.81083 2.85728 2.90684 2.95951 3.01527 3.07411 3.13601 3.20093 3.26885 3.3397 3.41344 3.49 3.5693 3.65125 3.73576 3.82272 3.912 4.00348 4.09701 4.19243 4.28954 4.38816 4.48808 4.5891 4.69102 4.79361 4.89669 5 
4 3.92605 3.85211 3.77861 3.70574 3.6337 3.56268 3.49289 3.42451 3.35772 3.29269 3.22956 3.16846 3.10951 3.05283 2.99852 2.94666 2.89735 2.85066 2.80665 2.76539 2.72694 2.69135 2.65865 2.62888 2.60205 2.5782 2.55732 2.53942 2.52451 2.5126 2.5037 2.4978 2.49493 2.49508 2.49826 2.50448 2.51375 2.52606 2.54143 2.55986 2.58136 2.60595 2.63361 2.66436 2.69821 2.73515 2.77519 2.81834 2.86459 2.91395 2.9664 3.02194 3.08055 3.14221 3.20688 3.27455 3.34515 3.41863 3.49493 3.57396 3.65564 3.73987 3.82653 3.91552 4.00669 4.09991 4.19501 4.29181 4.39011 4.48972 4.59042 4.692 4.79427 4.89701 5 
4 3.92636 3.85274 3.77956 3.70702 3.63529 3.56458 3.49508 3.42697 3.36045 3.29566 3.23278 3.17193 3.11323 3.0568 3.00273 2.95112 2.90203 2.85555 2.81175 2.77067 2.73238 2.69692 2.66434 2.63467 2.60794 2.58417 2.56336 2.54552 2.53067 2.51879 2.5099 2.50401 2.50113 2.50125 2.50439 2.51055 2.51973 2.53196 2.54722 2.56553 2.58691 2.61135 2.63887 2.66946 2.70314 2.73991 2.77978 2.82274 2.8688 2.91795 2.9702 3.02553 3.08394 3.14538 3.20985 3.27731 3.34771 3.421 3.49711 3.57597 3.65747 3.74153 3.82803 3.91685 4.00787 4.10094 4.19589 4.29256 4.39074 4.49023 4.59082 4.69231 4.79447 4.89711 5 
4 3.92646 3.85294 3.77987 3.70744 3.63584 3.56526 3.49588 3.42789 3.36147 3.29679 3.23401 3.17327 3.11469 3.0584 3.00447 2.95301 2.90408 2.85775 2.81409 2.77315 2.73498 2.69963 2.66715 2.63756 2.6109 2.58719 2.56644 2.54865 2.53383 2.52198 2.51311 2.50722 2.50431 2.5044 2.50749 2.51358 2.52269 2.53482 2.54997 2.56816 2.58939 2.61368 2.64104 2.67147 2.70498 2.74157 2.78125 2.82402 2.86989 2.91886 2.97092 3.02606 3.08428 3.14555 3.20984 3.27714 3.34739 3.42055 3.49654 3.5753 3.65673 3.74073 3.82719 3.91599 4.007 4.10008 4.19507 4.29178 4.39004 4.48962 4.59032 4.69192 4.79421 4.89698 5 
4 3.92635 3.85272 3.77954 3.70703 3.63535 3.56471 3.49529 3.42725 3.36079 3.29608 3.23326 3.1725 3.11392 3.05763 3.00375 2.95234 2.90349 2.85726 2.81369 2.77285 2.73477 2.6995 2.66709 2.63756 2.61096 2.58729 2.56657 2.54881 2.53402 2.52219 2.51332 2.50742 2.5045 2.50455 2.50758 2.51361 2.52263 2.53465 2.54968 2.56774 2.58883 2.61296 2.64015 2.6704 2.70372 2.74013 2.77962 2.8222 2.86788 2.91666 2.96854 3.02351 3.08156 3.14268 3.20684 3.27402 3.34417 3.41725 3.4932 3.57195 3.6534 3.73746 3.824 3.91291 4.00407 4.09732 4.19251 4.28947 4.38799 4.48788 4.5889 4.69084 4.79348 4.89662 5 
4 3.92603 3.85207 3.77857 3.70576 3.63381 3.56292 3.49327 3.42503 3.35838 3.29349 3.23051 3.1696 3.1109 3.05451 3.00056 2.94912 2.90027 2.85405 2.81053 2.76974 2.73172 2.69651 2.66415 2.63467 2.6081 2.58447 2.56377 2.54604 2.53126 2.51943 2.51056 2.50465 2.5017 2.50171 2.50468 2.51063 2.51956 2.53147 2.54638 2.56429 2.58522 2.60918 2.63619 2.66625 2.69938 2.73559 2.77488 2.81727 2.86276 2.91136 2.96306 3.01787 3.07578 3.13677 3.20083 3.26792 3.33803 3.4111 3.48708 3.56589 3.64746 3.73167 3.81842 3.90759 3.99904 4.09263 4.1882 4.28559 4.38458 4.48497 4.58654 4.68905 4.79228 4.89601 5 
4 3.92549 3.85099 3.77696 3.70363 3.6312 3.55986 3.48979 3.42118 3.35419 3.28899 3.22572 3.16455 3.10561 3.04903 2.99491 2.94334 2.8944 2.84814 2.8046 2.76382 2.72583 2.69066 2.65833 2.62889 2.60235 2.57873 2.55806 2.54033 2.52555 2.51373 2.50485 2.49892 2.49593 2.49589 2.4988 2.50467 2.51349 2.52529 2.54006 2.55783 2.57859 2.60237 2.62918 2.65904 2.69196 2.72796 2.76704 2.80923 2.85452 2.90293 2.95446 3.00912 3.06689 3.12778 3.19177 3.25882 3.32893 3.40204 3.47811 3.55708 3.63885 3.72333 3.81041 3.89997 3.99187 4.08596 4.1821 4.2801 4.37976 4.48088 4.58321 4.68653 4.79059 4.89517 5 
4 3.92472 3.84947 3.7747 3.70063 3.6275 3.5555 3.48484 3.41567 3.34818 3.28252 3.21885 3.1573 3.09802 3.04114 2.98677 2.93499 2.88588 2.8395 2.79589 2.75507 2.71708 2.68192 2.64962 2.6202 2.59369 2.57009 2.54942 2.5317 2.51692 2.50509 2.49619 2.49023 2.48721 2.48711 2.48995 2.49573 2.50445 2.51612 2.53075 2.54835 2.56894 2.59253 2.61913 2.64877 2.68147 2.71724 2.7561 2.79807 2.84315 2.89137 2.94272 2.99723 3.05488 3.11569 3.17962 3.24668 3.31683 3.39004 3.46627 3.54545 3.62752 3.71238 3.79991 3.88999 3.98249 4.07726 4.17414 4.27295 4.3735 4.47556 4.57889 4.68325 4.78839 4.89406 5 
4 3.92372 3.84749 3.77175 3.69674 3.62269 3.54983 3.47835 3.40845 3.34029 3.27403 3.20982 3.14779 3.08808 3.03081 2.97609 2.92402 2.87468 2.82812 2.78438 2.74348 2.70545 2.67028 2.63799 2.6086 2.5821 2.55853 2.53788 2.52016 2.50538 2.49353 2.48461 2.47862 2.47555 2.4754 2.47816 2.48384 2.49245 2.50398 2.51846 2.53589 2.55628 2.57966 2.60604 2.63545 2.66791 2.70343 2.74205 2.78378 2.82864 2.87665 2.92783 2.98218 3.03972 3.10044 3.16435 3.23143 3.30166 3.37502 3.45147 3.53095 3.61341 3.69874 3.78684 3.87758 3.97083 4.06644 4.16425 4.26408 4.36572 4.46895 4.57353 4.67918 4.78565 4.89269 5 
4 3.92246 3.84503 3.7681 3.69192 3.61674 3.5428 3.47031 3.39947 3.33046 3.26345 3.19856 3.13594 3.0757 3.01796 2.96283 2.91041 2.86077 2.81397 2.77005 2.72903 2.69092 2.65572 2.62343 2.59406 2.56759 2.54404 2.52341 2.5057 2.49093 2.47907 2.47013 2.4641 2.46098 2.46076 2.46344 2.46901 2.4775 2.48889 2.5032 2.52044 2.54063 2.56378 2.58992 2.61908 2.65127 2.68653 2.72489 2.76636 2.81098 2.85877 2.90975 2.96394 3.02135 3.082 3.14589 3.21301 3.28336 3.35691 3.43363 3.51349 3.59641 3.68232 3.7711 3.86264 3.9568 4.05343 4.15236 4.25341 4.35637 4.46101 4.56707 4.67428 4.78236 4.89104 5 
4 3.92094 3.84204 3.76368 3.68611 3.60959 3.53435 3.46064 3.38867 3.31863 3.25069 3.18499 3.12165 3.06079 3.00251 2.94691 2.89407 2.84409 2.797 2.75286 2.71168 2.67347 2.63823 2.60593 2.57656 2.55013 2.52661 2.50602 2.48834 2.47357 2.46171 2.45276 2.44669 2.44352 2.44323 2.44581 2.45128 2.45962 2.47086 2.48499 2.50202 2.52199 2.5449 2.57078 2.59966 2.63157 2.66654 2.7046 2.74579 2.79015 2.83769 2.88845 2.94246 2.99974 3.06031 3.12418 3.19137 3.26185 3.33563 3.41268 3.49296 3.57643 3.66301 3.75259 3.84506 3.94029 4.0381 4.13835 4.24084 4.34536 4.45165 4.55947 4.66851 4.77849 4.88909 5 
4 3.91914 3.83851 3.75846 3.67925 3.60115 3.52441 3.44927 3.37597 3.30471 3.23567 3.169 3.10482 3.04324 2.98434 2.92822 2.87493 2.82457 2.77717 2.73278 2.69142 2.65309 2.61777 2.58545 2.5561 2.52971 2.50624 2.4857 2.46806 2.45332 2.44147 2.43251 2.42642 2.42319 2.42283 2.42531 2.43066 2.43886 2.44992 2.46385 2.48067 2.50039 2.52303 2.54862 2.5772 2.60879 2.64344 2.68119 2.72206 2.76612 2.81338 2.8639 2.9177 2.97483 3.03531 3.09916 3.1664 3.23704 3.31107 3.38849 3.46926 3.55334 3.64068 3.73118 3.82471 3.92116 4.02035 4.12211 4.22626 4.33257 4.44079 4.55064 4.66181 4.77398 4.88683 5 
4 3.91705 3.83439 3.75237 3.67126 3.59134 3.51287 3.4361 3.36127 3.28861 3.2183 3.15051 3.08536 3.02295 2.96336 2.90665 2.85289 2.80212 2.75439 2.70974 2.66819 2.62972 2.59433 2.56199 2.53266 2.50632 2.48292 2.46244 2.44487 2.43018 2.41836 2.4094 2.40329 2.40002 2.39958 2.40197 2.40718 2.41522 2.4261 2.43981 2.45639 2.47584 2.49819 2.52347 2.55171 2.58295 2.61725 2.65463 2.69515 2.73887 2.78582 2.83605 2.88962 2.94656 3.00692 3.07073 3.13803 3.20883 3.28313 3.36094 3.44224 3.52701 3.6152 3.70671 3.80144 3.89926 4 4.10349 4.20953 4.31789 4.42831 4.54049 4.6541 4.76879 4.88422 5 
4 3.91466 3.82965 3.74535 3.66206 3.58005 3.49961 3.42099 3.34444 3.2702 3.19846 3.1294 3.06314 2.9998 2.93943 2.88209 2.82781 2.77663 2.72858 2.68368 2.64193 2.60334 2.56788 2.53553 2.50623 2.47995 2.45663 2.43625 2.41876 2.40415 2.39238 2.38345 2.37733 2.37403 2.37352 2.37581 2.38088 2.38875 2.39942 2.41291 2.42921 2.44837 2.47039 2.49532 2.5232 2.55405 2.58795 2.62493 2.66505 2.70838 2.75496 2.80487 2.85815 2.91487 2.97507 3.03882 3.10615 3.17709 3.25167 3.32989 3.41177 3.49728 3.58638 3.67901 3.77506 3.87441 3.97689 4.08232 4.19049 4.30118 4.41409 4.52892 4.6453 4.76287 4.88124 5 
4 3.91196 3.82427 3.73735 3.65154 3.56716 3.48448 3.40379 3.32532 3.24932 3.176 3.10552 3.03804 2.97365 2.91243 2.8544 2.79958 2.74799 2.69963 2.65449 2.61259 2.57389 2.53839 2.50604 2.47679 2.45059 2.42739 2.40712 2.38976 2.37524 2.36356 2.35468 2.34858 2.34525 2.34468 2.34686 2.3518 2.35949 2.36994 2.38316 2.39918 2.418 2.43967 2.46421 2.49168 2.5221 2.55555 2.59207 2.63174 2.67462 2.72079 2.7703 2.82324 2.87968 2.93968 3.00332 3.07064 3.14171 3.21655 3.2952 3.37767 3.46396 3.55405 3.64789 3.74538 3.84641 3.95081 4.0584 4.16896 4.28225 4.39798 4.51579 4.63532 4.75615 4.87787 5 
4 3.90891 3.81818 3.72829 3.63962 3.55253 3.46733 3.3843 3.30371 3.22579 3.15073 3.07872 3.0099 2.94438 2.88222 2.82345 2.76807 2.71606 2.66741 2.62208 2.58006 2.54131 2.50581 2.4735 2.44433 2.41825 2.39518 2.37507 2.35785 2.34348 2.33191 2.3231 2.31705 2.31372 2.3131 2.31518 2.31997 2.32747 2.33768 2.35063 2.36632 2.38478 2.40605 2.43016 2.45716 2.4871 2.52005 2.55606 2.59521 2.63758 2.68325 2.73231 2.78484 2.84093 2.90066 2.96412 3.03139 3.10254 3.17761 3.25667 3.33974 3.42685 3.51798 3.61311 3.71216 3.81502 3.92152 4.0315 4.14471 4.26091 4.37978 4.50096 4.62404 4.74855 4.87404 5 
4 3.90546 3.8113 3.71806 3.62617 3.53602 3.44797 3.36234 3.27939 3.19935 3.12243 3.04877 2.97853 2.9118 2.84865 2.7891 2.73314 2.68073 2.63181 2.58635 2.54427 2.50553 2.47008 2.43788 2.40884 2.38292 2.36003 2.3401 2.32307 2.30887 2.29744 2.28876 2.28277 2.27946 2.27881 2.28081 2.28545 2.29275 2.30271 2.31534 2.33068 2.34874 2.36957 2.3932 2.41968 2.44908 2.48145 2.51688 2.55544 2.59722 2.64233 2.69085 2.74288 2.79853 2.85791 2.92112 2.98826 3.05942 3.13469 3.21412 3.29778 3.38571 3.47793 3.57442 3.67513 3.77996 3.88876 4.00135 4.11749 4.23692 4.35931 4.48425 4.61131 4.73998 4.86973 5 
4 3.90156 3.80354 3.70654 3.61103 3.51745 3.42621 3.33766 3.2521 3.16976 3.09081 3.01542 2.94369 2.87571 2.81154 2.7512 2.69465 2.64185 2.59272 2.54716 2.5051 2.46646 2.43116 2.39913 2.3703 2.34459 2.32193 2.30224 2.28543 2.27144 2.26021 2.25167 2.24578 2.24252 2.24185 2.24378 2.24828 2.25537 2.26506 2.27737 2.29232 2.30994 2.33027 2.35336 2.37927 2.40805 2.43978 2.47454 2.51243 2.55354 2.59797 2.64585 2.69729 2.75241 2.81134 2.8742 2.94111 3.0122 3.08758 3.16733 3.25155 3.3403 3.43361 3.53152 3.63398 3.74092 3.8522 3.96763 4.087 4.21 4.33629 4.46545 4.59697 4.7303 4.86486 5 
4 3.89713 3.79477 3.69355 3.594 3.4966 3.40181 3.31003 3.22157 3.1367 3.05559 2.97836 2.9051 2.83586 2.77068 2.70956 2.65245 2.5993 2.55 2.50443 2.46247 2.42402 2.38896 2.35721 2.32868 2.30327 2.28091 2.26151 2.24498 2.23125 2.22024 2.21188 2.20613 2.20294 2.20229 2.20415 2.20852 2.2154 2.22481 2.23676 2.25129 2.26842 2.28821 2.3107 2.33596 2.36405 2.39506 2.42906 2.46617 2.5065 2.55017 2.59729 2.64802 2.70248 2.76084 2.82322 2.8898 2.9607 3.03609 3.11608 3.20078 3.2903 3.38472 3.48407 3.58835 3.69752 3.81146 3.92999 4.05287 4.17981 4.31044 4.44429 4.58082 4.7194 4.85937 5 
4 3.8921 3.78483 3.67887 3.57481 3.47318 3.37447 3.27912 3.1875 3.09987 3.01643 2.93727 2.86245 2.79196 2.72582 2.66397 2.60637 2.55294 2.50354 2.45803 2.41628 2.37813 2.34344 2.31208 2.28395 2.25895 2.23698 2.21794 2.20176 2.18833 2.17759 2.16946 2.16387 2.16079 2.16016 2.16198 2.16622 2.17289 2.18201 2.19358 2.20766 2.22426 2.24345 2.26528 2.28981 2.31712 2.34731 2.38046 2.41669 2.45611 2.49888 2.54512 2.59499 2.64866 2.70629 2.76806 2.83415 2.90474 2.98 3.0601 3.1452 3.23542 3.33089 3.43168 3.53785 3.64936 3.76613 3.88799 4.0147 4.14597 4.2814 4.42048 4.56262 4.7071 4.85317 5 
4 3.8864 3.77357 3.66226 3.55314 3.44682 3.3438 3.24456 3.1495 3.0589 2.97296 2.89178 2.81537 2.74368 2.67664 2.61419 2.55621 2.5026 2.45321 2.40789 2.36645 2.32872 2.29452 2.2637 2.23611 2.21163 2.19015 2.17158 2.15581 2.14276 2.13234 2.12447 2.11908 2.11613 2.11555 2.11734 2.12146 2.12792 2.13673 2.14791 2.16149 2.17752 2.19605 2.21714 2.24087 2.26732 2.29658 2.32876 2.36398 2.40238 2.4441 2.4893 2.53817 2.59087 2.64761 2.70859 2.77401 2.8441 2.91907 2.99913 3.08448 3.1753 3.27174 3.37395 3.482 3.59593 3.71568 3.84111 3.97199 4.10801 4.24874 4.39365 4.54207 4.69319 4.84616 5 
4 3.87995 3.7608 3.64343 3.52863 3.41707 3.30932 3.20586 3.10711 3.01335 2.92479 2.84151 2.7635 2.69065 2.62284 2.55992 2.50172 2.4481 2.39889 2.35389 2.31291 2.27574 2.24218 2.21203 2.18512 2.1613 2.14045 2.12244 2.10719 2.09458 2.08455 2.07699 2.07184 2.06905 2.06855 2.07031 2.07432 2.08056 2.08905 2.09981 2.11287 2.12828 2.14609 2.16637 2.18921 2.21469 2.24292 2.27401 2.30809 2.3453 2.38582 2.42982 2.47749 2.52904 2.58468 2.64466 2.70921 2.77859 2.85306 2.93288 3.0183 3.10954 3.20684 3.31038 3.4203 3.53669 3.65955 3.78877 3.92414 4.06534 4.21194 4.36335 4.51881 4.67744 4.8382 5 
4 3.87263 3.74631 3.62207 3.50085 3.38343 3.27045 3.16244 3.05976 2.96269 2.87143 2.78602 2.70643 2.63252 2.56407 2.50086 2.44266 2.38925 2.34041 2.29593 2.25559 2.21915 2.18638 2.15706 2.13098 2.10798 2.08789 2.07059 2.05595 2.04389 2.03431 2.02712 2.02226 2.01965 2.01924 2.021 2.0249 2.03092 2.03907 2.04938 2.06188 2.07662 2.09365 2.11305 2.13491 2.15932 2.18639 2.21625 2.24905 2.28492 2.32406 2.36666 2.41293 2.4631 2.51742 2.57615 2.63958 2.708 2.78171 2.86104 2.94628 3.03774 3.13571 3.24043 3.35214 3.47099 3.59705 3.73026 3.87045 4.01731 4.17038 4.32902 4.49241 4.65951 4.82915 5 
4 3.86429 3.72981 3.59777 3.46929 3.3453 3.22655 3.11358 3.00675 2.90629 2.8123 2.72482 2.64374 2.56888 2.49997 2.4367 2.37875 2.32582 2.27763 2.23391 2.19442 2.1589 2.12711 2.09879 2.07372 2.05169 2.03252 2.01605 2.00216 1.99075 1.98171 1.97496 1.97043 1.96805 1.96776 1.96952 1.97331 1.9791 1.98691 1.99674 2.00863 2.02264 2.03883 2.05726 2.07805 2.10128 2.12707 2.15556 2.18691 2.22127 2.25884 2.29983 2.34447 2.39302 2.44575 2.50296 2.56497 2.63212 2.70477 2.78328 2.86805 2.95944 3.05781 3.16352 3.27686 3.3981 3.5274 3.66476 3.81009 3.96308 4.12328 4.29 4.46232 4.63904 4.81878 5 
4 3.85469 3.71088 3.56998 3.43332 3.30198 3.17684 3.05849 2.94728 2.84336 2.74673 2.65731 2.57493 2.49934 2.43021 2.36714 2.30973 2.25759 2.21035 2.1677 2.12934 2.09499 2.06439 2.03726 2.01337 1.99247 1.97438 1.9589 1.94589 1.93524 1.92685 1.92062 1.91648 1.91436 1.91422 1.91601 1.91968 1.92524 1.93267 1.942 1.95325 1.96647 1.98174 1.99913 2.01873 2.04066 2.06504 2.09202 2.12174 2.1544 2.19019 2.22934 2.27211 2.31876 2.36961 2.42498 2.48523 2.55076 2.62196 2.69929 2.7832 2.87414 2.97258 3.07896 3.19371 3.31718 3.44967 3.5913 3.74204 3.90166 4.0697 4.24543 4.42783 4.61552 4.80686 5 
4 3.84355 3.68899 3.53799 3.3921 3.25258 3.1204 2.99623 2.88042 2.77302 2.6739 2.5828 2.49944 2.42344 2.35441 2.29188 2.23536 2.18436 2.13844 2.09719 2.06028 2.02739 1.99823 1.97251 1.94999 1.93041 1.91355 1.89921 1.88723 1.87747 1.86983 1.86421 1.86053 1.85874 1.85877 1.86059 1.86417 1.86948 1.87652 1.8853 1.89586 1.90825 1.92252 1.93877 1.95709 1.97759 2.00042 2.02571 2.05364 2.08439 2.11818 2.15524 2.19585 2.24031 2.28895 2.34212 2.40024 2.46373 2.53306 2.60875 2.69133 2.78135 2.8794 2.98604 3.10182 3.22727 3.3628 3.50871 3.6651 3.83183 4.00846 4.19426 4.38807 4.58832 4.79305 5 
4 3.83053 3.66346 3.50083 3.3445 3.1959 3.05608 2.92573 2.80515 2.69431 2.59292 2.50052 2.41662 2.34069 2.27222 2.21065 2.15542 2.10596 2.06175 2.0223 1.9872 1.9561 1.92866 1.90461 1.88368 1.8656 1.85014 1.8371 1.82628 1.81755 1.81077 1.80585 1.80272 1.8013 1.80155 1.80343 1.80691 1.81196 1.81859 1.8268 1.83662 1.84811 1.86132 1.87633 1.89326 1.91221 1.93333 1.95677 1.9827 2.01133 2.04287 2.07758 2.11575 2.15768 2.20375 2.25433 2.30988 2.37087 2.43783 2.51134 2.59203 2.68057 2.77764 2.88398 3.00029 3.12727 3.26556 3.41564 3.57781 3.75207 3.93809 4.13512 4.34191 4.55663 4.77692 5 
4 3.8152 3.63343 3.45731 3.28909 3.13042 2.98239 2.8456 2.72024 2.60615 2.50284 2.40964 2.32578 2.25055 2.18323 2.12317 2.06974 2.02229 1.98022 1.94298 1.91008 1.88113 1.85575 1.83365 1.81454 1.79817 1.78429 1.7727 1.76319 1.7556 1.74981 1.74569 1.74318 1.74221 1.74272 1.74469 1.74807 1.75287 1.75906 1.76666 1.7757 1.78623 1.79829 1.81199 1.82741 1.84468 1.86394 1.88535 1.90909 1.93536 1.9644 1.99647 2.03187 2.07093 2.11403 2.16159 2.21409 2.27205 2.33606 2.40678 2.48492 2.57126 2.66665 2.77195 2.88809 3.01599 3.15653 3.31048 3.4784 3.66053 3.85672 4.06627 4.28785 4.51934 4.75788 5 
4 3.79693 3.59776 3.40587 3.22402 3.05417 2.89742 2.75414 2.62425 2.50733 2.40264 2.30928 2.22621 2.15243 2.08703 2.02918 1.97816 1.93325 1.89381 1.85922 1.82895 1.80253 1.77956 1.75972 1.74271 1.72827 1.71617 1.70618 1.69812 1.69181 1.6871 1.68389 1.68209 1.68162 1.68245 1.68453 1.68784 1.69236 1.6981 1.70506 1.71327 1.72277 1.73362 1.7459 1.75971 1.77517 1.79242 1.81162 1.83296 1.85664 1.88292 1.91204 1.94433 1.98014 2.01984 2.0639 2.11283 2.16718 2.2276 2.29481 2.36963 2.45294 2.54575 2.6491 2.76416 2.89209 3.03411 3.19135 3.36474 3.55491 3.76198 3.98544 4.22392 4.47499 4.73515 5 
4 3.77486 3.55487 3.34442 3.14697 2.96474 2.79881 2.64923 2.5154 2.39644 2.29126 2.19863 2.11725 2.04584 1.98323 1.92843 1.88055 1.83882 1.80256 1.77111 1.7439 1.72041 1.70022 1.68296 1.66833 1.65606 1.64594 1.63774 1.63126 1.62635 1.62285 1.62063 1.61961 1.61972 1.62091 1.62314 1.62639 1.63064 1.63591 1.6422 1.64953 1.65794 1.6675 1.67827 1.69035 1.70387 1.71896 1.73577 1.75451 1.77537 1.7986 1.82448 1.85331 1.88546 1.92133 1.96138 2.00615 2.05624 2.11235 2.17525 2.24585 2.32515 2.4143 2.51457 2.62734 2.75413 2.89651 3.05608 3.23431 3.43235 3.65084 3.88963 4.14743 4.42153 4.70762 5 
4 3.74765 3.50239 3.27004 3.0548 2.85909 2.68376 2.52836 2.39161 2.27187 2.16749 2.07684 1.99829 1.93033 1.87154 1.82071 1.77683 1.73902 1.70656 1.67878 1.65508 1.63493 1.61788 1.60353 1.59158 1.58175 1.57382 1.56758 1.56285 1.55945 1.55725 1.55613 1.55598 1.55672 1.55832 1.56073 1.56393 1.56792 1.57269 1.57827 1.58467 1.59194 1.60012 1.60929 1.61955 1.63099 1.64376 1.65802 1.67395 1.69176 1.71168 1.734 1.75902 1.7871 1.81865 1.85416 1.89417 1.93931 1.99031 2.048 2.11337 2.18752 2.27174 2.36752 2.47651 2.60057 2.74173 2.90217 3.08405 3.28931 3.5194 3.77482 4.05467 4.35606 4.67369 5 
4 3.71337 3.43689 3.17848 2.94317 2.73325 2.54887 2.38872 2.25058 2.13187 2.0301 1.94309 1.86885 1.80562 1.75179 1.70597 1.667 1.63392 1.60595 1.58242 1.56272 1.54632 1.53277 1.52167 1.51269 1.50556 1.50004 1.49595 1.4931 1.49136 1.49057 1.49061 1.4914 1.49284 1.4949 1.49752 1.50069 1.50441 1.50868 1.51352 1.51895 1.525 1.53173 1.53921 1.54752 1.55676 1.56707 1.5786 1.59152 1.60604 1.62239 1.64083 1.66168 1.68529 1.71207 1.74249 1.77711 1.81656 1.86161 1.91312 1.97212 2.03982 2.11765 2.20726 2.31059 2.42987 2.56766 2.72682 2.91039 3.12143 3.36258 3.63559 3.94044 4.27436 4.63095 5 
4 3.66905 3.35324 3.06362 2.80605 2.58201 2.39 2.22718 2.08998 1.9747 1.87789 1.79664 1.72854 1.67158 1.62399 1.58429 1.5512 1.5237 1.50096 1.48228 1.46708 1.45487 1.44519 1.43765 1.43192 1.42772 1.42484 1.42308 1.42229 1.42232 1.42304 1.42434 1.42613 1.42833 1.43088 1.43375 1.43692 1.44037 1.44413 1.44819 1.4526 1.45738 1.46258 1.46827 1.47453 1.48144 1.48915 1.49777 1.50749 1.51849 1.531 1.54528 1.56161 1.58034 1.60187 1.62665 1.65524 1.68826 1.72648 1.77078 1.82221 1.88204 1.9518 2.03329 2.12871 2.24065 2.37221 2.52703 2.70924 2.92336 3.17386 3.46451 3.79716 4.17003 4.57565 5 
4 3.60977 3.24344 2.91659 2.63521 2.39857 2.20212 2.04027 1.90755 1.79891 1.70993 1.63698 1.57718 1.52825 1.48835 1.45594 1.42974 1.40866 1.39188 1.37868 1.36852 1.36092 1.35546 1.35178 1.34957 1.34855 1.34851 1.34927 1.35067 1.3526 1.35494 1.35758 1.36044 1.36344 1.36654 1.36968 1.37286 1.37606 1.37929 1.38256 1.3859 1.38935 1.39296 1.39677 1.40087 1.40534 1.41029 1.41585 1.42218 1.42944 1.43786 1.44766 1.45913 1.47259 1.4884 1.50701 1.52894 1.55479 1.58529 1.62132 1.66392 1.71438 1.77424 1.84544 1.93032 2.03181 2.1535 2.29983 2.47616 2.68885 2.94491 3.25137 3.61371 4.03294 4.50155 5 
4 3.52665 3.09429 2.72415 2.41966 2.17467 1.97947 1.82438 1.70124 1.60349 1.52582 1.46403 1.41489 1.37594 1.34529 1.32141 1.30308 1.28927 1.27915 1.27204 1.26743 1.26486 1.26398 1.26445 1.26599 1.26836 1.27135 1.27479 1.27855 1.2825 1.28655 1.29061 1.2946 1.29846 1.30213 1.30558 1.30878 1.31173 1.31443 1.31689 1.31914 1.32122 1.32316 1.32501 1.32686 1.32877 1.33083 1.33318 1.33593 1.33926 1.34334 1.3484 1.35468 1.36248 1.37214 1.38405 1.3987 1.41664 1.43856 1.46527 1.49777 1.53729 1.58536 1.64391 1.71535 1.80278 1.91016 2.04262 2.20675 2.41093 2.66548 2.9823 3.37335 3.8465 4.39757 5 
4 3.40243 2.88289 2.46619 2.14488 1.90097 1.71645 1.57642 1.46968 1.38812 1.32581 1.27833 1.24232 1.21533 1.19548 1.18139 1.17191 1.16615 1.16333 1.16287 1.16427 1.16714 1.17117 1.17606 1.18159 1.18753 1.19372 1.19999 1.20622 1.2123 1.21816 1.22371 1.22889 1.23365 1.23793 1.24171 1.24495 1.24766 1.24983 1.25146 1.2526 1.25326 1.25349 1.25332 1.25283 1.25207 1.25114 1.25013 1.24915 1.24835 1.24789 1.24795 1.24875 1.25055 1.25364 1.25837 1.26516 1.27451 1.287 1.30338 1.32454 1.35159 1.38595 1.42942 1.48433 1.55373 1.64171 1.75373 1.89729 2.08264 2.32374 2.63898 3.05092 3.58218 4.24223 5 
4 3.20008 2.56845 2.11279 1.79279 1.56808 1.40891 1.29501 1.21289 1.15358 1.11106 1.08111 1.06067 1.0475 1.03994 1.03677 1.03706 1.04005 1.04513 1.05178 1.0596 1.06826 1.07748 1.08705 1.09676 1.10646 1.11598 1.1252 1.13402 1.14233 1.15008 1.15719 1.16361 1.16931 1.17423 1.17835 1.18166 1.18412 1.18576 1.18657 1.18656 1.18578 1.18425 1.18201 1.17911 1.17561 1.17158 1.16709 1.16225 1.15717 1.15197 1.14682 1.14188 1.13738 1.13355 1.13068 1.12911 1.12924 1.13157 1.1367 1.14537 1.15853 1.17736 1.2034 1.2387 1.286 1.34906 1.43316 1.54592 1.69853 1.90777 2.19891 2.60921 3.18917 3.98933 5 
4 2.82956 2.07789 1.62365 1.34529 1.16966 1.05611 0.981754 0.933199 0.902275 0.883826 0.874439 0.871735 0.873995 0.879961 0.888706 0.899531 0.911888 0.92533 0.939485 0.954048 0.968765 0.983433 0.99788 1.01196 1.02555 1.03854 1.05081 1.0623 1.07293 1.08263 1.09136 1.09908 1.10575 1.11134 1.11582 1.11919 1.12142 1.12251 1.12248 1.12133 1.11908 1.11576 1.1114 1.10603 1.09972 1.0925 1.08445 1.07563 1.06613 1.05605 1.04551 1.03464 1.0236 1.01256 1.00175 0.991407 0.981834 0.97339 0.966517 0.961761 0.959809 0.96154 0.968102 0.981031 1.00243 1.03525 1.0838 1.15453 1.25762 1.40973 1.63947 1.99774 2.57603 3.52614 5 
4 2.04039 1.29009 0.958473 0.794927 0.709175 0.664166 0.64269 0.635809 0.638449 0.647537 0.661109 0.677831 0.69675 0.717158 0.738528 0.76046 0.782639 0.804811 0.82676 0.848304 0.869286 0.889574 0.909059 0.927644 0.945247 0.961792 0.977212 0.991448 1.00445 1.01616 1.02656 1.03561 1.04329 1.04957 1.05443 1.05786 1.05985 1.06041 1.05952 1.0572 1.05346 1.04832 1.0418 1.03393 1.02475 1.01428 1.00257 0.989685 0.975668 0.960589 0.944525 0.927561 0.909798 0.891347 0.872342 0.852931 0.833295 0.813642 0.794227 0.775361 0.757429 0.740922 0.726477 0.714944 0.707495 0.705794 0.712303 0.730847 0.767725 0.834091 0.951486 1.16623 1.59112 2.53949 5 
0 0.0418757 0.0836778 0.125333 0.166769 0.207912 0.24869 0.289032 0.328867 0.368125 0.406737 0.444635 0.481754 0.518027 0.553392 0.587785 0.621148 0.653421 0.684547 0.714473 0.743145 0.770513 0.79653 0.821149 0.844328 0.866025 0.886204 0.904827 0.921863 0.937282 0.951057 0.963163 0.973579 0.982287 0.989272 0.994522 0.998027 0.999781 0.999781 0.998027 0.994522 0.989272 0.982287 0.973579 0.963163 0.951057 0.937282 0.921863 0.904827 0.886204 0.866025 0.844328 0.821149 0.79653 0.770513 0.743145 0.714473 0.684547 0.653421 0.621148 0.587785 0.553392 0.518027 0.481754 0.444635 0.406737 0.368125 0.328867 0.289032 0.24869 0.207912 0.166769 0.125333 0.0836778 0.0418757 0 
