C h:0.010989
C GRID SIZE:92
C N:90
0 0.000120758 0.000483033 0.00108683 0.00193213 0.00301896 0.0043473 0.00591716 0.00772854 0.00978143 0.0120758 0.0146118 0.0173892 0.0204082 0.0236686 0.0271706 0.0309141 0.0348992 0.0391257 0.0435938 0.0483033 0.0532544 0.058447 0.0638812 0.0695568 0.075474 0.0816327 0.0880328 0.0946746 0.101558 0.108683 0.116049 0.123657 0.131506 0.139597 0.147929 0.156503 0.165318 0.174375 0.183673 0.193213 0.202995 0.213018 0.223282 0.233788 0.244536 0.255525 0.266755 0.278227 0.289941 0.301896 0.314093 0.326531 0.33921 0.352131 0.365294 0.378698 0.392344 0.406231 0.42036 0.43473 0.449342 0.464195 0.47929 0.494626 0.510204 0.526023 0.542084 0.558387 0.574931 0.591716 0.608743 0.626011 0.643521 0.661273 0.679266 0.6975 0.715976 0.734694 0.753653 0.772854 0.792296 0.811979 0.831904 0.852071 0.872479 0.893129 0.91402 0.935153 0.956527 0.978143 1 
4 2.00088 1.21128 0.840537 0.638247 0.514292 0.431655 0.37315 0.32993 0.297017 0.271401 0.251155 0.234997 0.222047 0.211673 0.20341 0.196907 0.191896 0.188174 0.18558 0.183983 0.183279 0.18338 0.184214 0.185724 0.187861 0.190586 0.193863 0.197663 0.201957 0.206725 0.211948 0.217609 0.223696 0.230196 0.237101 0.244402 0.252093 0.260168 0.268622 0.277451 0.286649 0.296212 0.306136 0.316414 0.327044 0.338024 0.349355 0.36104 0.373082 0.385488 0.398261 0.411406 0.424924 0.438818 0.453092 0.467749 0.482801 0.498261 0.514143 0.530462 0.547233 0.564463 0.582164 0.600347 0.619035 0.638264 0.65808 0.67854 0.699699 0.721607 0.744316 0.767894 0.792442 0.81811 0.845087 0.873596 0.903885 0.936263 0.971175 1.00928 1.05152 1.09919 1.15414 1.2193 1.29969 1.40427 1.55024 1.77453 2.16717 2.97868 5 
4 2.79211 2.00299 1.51142 1.19617 0.984179 0.834754 0.725052 0.6418 0.576936 0.525334 0.483598 0.449406 0.421129 0.39759 0.377913 0.361433 0.347639 0.336133 0.326604 0.318802 0.312522 0.307596 0.303885 0.301274 0.299668 0.298988 0.299165 0.300141 0.301865 0.304294 0.30739 0.31112 0.315459 0.320383 0.325872 0.331908 0.338479 0.345572 0.353177 0.361285 0.36989 0.378982 0.388556 0.398604 0.409121 0.420103 0.43155 0.443464 0.45585 0.468717 0.482071 0.495924 0.510281 0.52515 0.540538 0.556455 0.572914 0.589936 0.607546 0.625774 0.644652 0.664211 0.68448 0.705491 0.727285 0.749916 0.773464 0.798025 0.823712 0.850645 0.878949 0.908765 0.940274 0.973731 1.00948 1.04795 1.08967 1.13526 1.18554 1.24168 1.30538 1.37902 1.46599 1.57127 1.7029 1.87425 2.10823 2.4455 2.95918 3.77003 5 
4 3.16443 2.49709 2.00601 1.65091 1.39155 1.19815 1.05054 0.935329 0.843638 0.769433 0.70852 0.657924 0.615499 0.579663 0.549227 0.523272 0.501085 0.482105 0.465889 0.45208 0.440386 0.430567 0.422422 0.415784 0.410514 0.406496 0.403631 0.401834 0.401031 0.401159 0.402162 0.403993 0.406612 0.409983 0.414077 0.418869 0.424337 0.430462 0.43723 0.444629 0.452647 0.461275 0.470504 0.480326 0.490733 0.501721 0.513287 0.525432 0.538162 0.551485 0.565414 0.579963 0.595145 0.610975 0.627465 0.644629 0.662485 0.681058 0.70038 0.720493 0.741445 0.763287 0.786073 0.809857 0.834699 0.860673 0.887879 0.916447 0.946537 0.978336 1.01205 1.04788 1.08611 1.12707 1.1712 1.21911 1.27157 1.32946 1.39394 1.46651 1.54934 1.6455 1.75924 1.89652 2.06611 2.28143 2.56286 2.94009 3.45344 4.1425 5 
4 3.36848 2.81501 2.36468 2.01 1.73304 1.51582 1.34364 1.20537 1.09288 1.00024 0.923102 0.858243 0.803251 0.75631 0.716023 0.6813 0.651279 0.625271 0.602728 0.583205 0.566339 0.551827 0.539415 0.528892 0.520078 0.512824 0.507004 0.502508 0.499243 0.497126 0.496086 0.496061 0.496997 0.49885 0.50158 0.505152 0.509539 0.514716 0.520664 0.527365 0.534806 0.542976 0.551865 0.561463 0.571763 0.582758 0.594443 0.606819 0.61989 0.633666 0.648161 0.663392 0.679381 0.696149 0.713715 0.7321 0.751329 0.771428 0.792435 0.814399 0.83738 0.861447 0.886678 0.91315 0.940949 0.970169 1.00093 1.03337 1.0677 1.10415 1.143 1.18454 1.22912 1.27713 1.32912 1.38577 1.44802 1.51699 1.59408 1.681 1.7801 1.89464 2.02915 2.1896 2.38394 2.62305 2.9218 3.29847 3.77109 4.34648 5 
4 3.49438 3.02982 2.62771 2.29144 2.01487 1.78851 1.60285 1.44966 1.32231 1.21558 1.12542 1.04869 0.982949 0.926295 0.87724 0.834601 0.797423 0.764936 0.736512 0.711642 0.689906 0.670952 0.654486 0.640256 0.628052 0.617694 0.609031 0.601933 0.596289 0.591999 0.588978 0.587152 0.586455 0.586832 0.588234 0.590621 0.593955 0.598209 0.603356 0.609376 0.616253 0.623973 0.632527 0.641903 0.652095 0.663095 0.674899 0.687504 0.700913 0.715136 0.730188 0.746088 0.762863 0.78054 0.799149 0.818719 0.83928 0.860865 0.883517 0.907287 0.932243 0.958467 0.986056 1.01511 1.04575 1.07808 1.11224 1.14841 1.18678 1.22764 1.27131 1.31816 1.36861 1.42314 1.48233 1.54691 1.61788 1.6965 1.78432 1.8832 1.99542 2.12406 2.27328 2.44853 2.65646 2.905 3.20345 3.56156 3.9857 4.47226 5 
4 3.57914 3.18218 2.82485 2.51318 2.24648 2.02048 1.82956 1.66812 1.53113 1.41436 1.31432 1.22816 1.15357 1.08869 1.03206 0.982446 0.938874 0.900527 0.866733 0.836937 0.810681 0.787579 0.767305 0.749579 0.734163 0.720855 0.709482 0.699896 0.691969 0.685592 0.680664 0.677102 0.674829 0.67378 0.673899 0.675138 0.677454 0.680813 0.685184 0.690544 0.696873 0.704155 0.71238 0.721537 0.73162 0.742623 0.754539 0.767367 0.781109 0.795773 0.811371 0.827925 0.845465 0.864024 0.883639 0.904348 0.926192 0.949211 0.973451 0.99897 1.02584 1.05414 1.08399 1.11551 1.14884 1.18412 1.2215 1.26119 1.30338 1.34838 1.39653 1.44825 1.50404 1.56443 1.63006 1.70166 1.78021 1.86699 1.96358 2.07188 2.1941 2.33293 2.49179 2.67509 2.8881 3.13638 3.42525 3.75892 4.13809 4.557 5 
4 3.63997 3.29497 2.97631 2.68994 2.43741 2.21733 2.02675 1.86206 1.71969 1.5964 1.48932 1.39602 1.31444 1.24285 1.17985 1.12426 1.07511 1.03157 0.992959 0.958702 0.928314 0.901391 0.877584 0.856596 0.83817 0.822084 0.80815 0.796204 0.786108 0.777738 0.770987 0.76576 0.761974 0.759555 0.75844 0.758575 0.759911 0.762408 0.766032 0.770755 0.776554 0.783413 0.791318 0.800261 0.810235 0.821234 0.833256 0.846299 0.860363 0.875455 0.891588 0.908782 0.927066 0.946478 0.967061 0.988863 1.01193 1.03632 1.06208 1.08927 1.11797 1.14827 1.18028 1.21414 1.25 1.28804 1.32843 1.37139 1.41715 1.46598 1.51825 1.57439 1.63494 1.70049 1.77171 1.84935 1.93434 2.02783 2.13133 2.24666 2.3759 2.52139 2.68583 2.87242 3.0849 3.32706 3.60182 3.91036 4.2509 4.61785 5 
4 3.68573 3.38148 3.09549 2.83286 2.5959 2.38473 2.19801 2.03362 1.88914 1.76218 1.65051 1.55212 1.46526 1.38839 1.32021 1.25963 1.20572 1.15768 1.11483 1.0766 1.0425 1.0121 0.985064 0.96107 0.939853 0.92118 0.904848 0.890686 0.878541 0.868285 0.859802 0.85299 0.84776 0.844031 0.841735 0.840812 0.841208 0.842879 0.845786 0.849899 0.855191 0.861642 0.86924 0.877974 0.887839 0.898832 0.91095 0.924194 0.938566 0.954071 0.970722 0.988537 1.00754 1.02778 1.04929 1.07214 1.09637 1.12206 1.14926 1.17804 1.20848 1.24068 1.27473 1.31079 1.34903 1.38962 1.43279 1.47876 1.52776 1.5801 1.63611 1.69622 1.76097 1.83096 1.90691 1.98957 2.07982 2.17868 2.28747 2.40777 2.54147 2.6906 2.85731 3.0438 3.25245 3.48555 3.74458 4.02936 4.33732 4.66359 5 
4 3.72137 3.44978 3.19128 2.95011 2.72864 2.5277 2.34695 2.18525 2.04105 1.91266 1.7984 1.69668 1.60605 1.52518 1.45293 1.3883 1.33043 1.27856 1.23206 1.19036 1.15296 1.11947 1.08951 1.06278 1.03901 1.01795 0.999401 0.983175 0.969117 0.957091 0.946976 0.938666 0.932066 0.927093 0.923672 0.92174 0.921238 0.92212 0.924344 0.927873 0.932681 0.938745 0.946049 0.954583 0.964341 0.975323 0.987527 1.00096 1.01562 1.03152 1.04866 1.06708 1.08678 1.10781 1.13022 1.15406 1.1794 1.20631 1.23486 1.26513 1.29721 1.33118 1.36716 1.40529 1.44573 1.48869 1.53438 1.58307 1.635 1.69047 1.74982 1.81344 1.88184 1.95561 2.03546 2.12214 2.2165 2.31945 2.43209 2.55572 2.69188 2.84231 3.0087 3.19263 3.39549 3.61839 3.86183 4.12504 4.4055 4.6992 5 
4 3.74993 3.50498 3.26973 3.04761 2.84083 2.65052 2.47686 2.31939 2.17715 2.04901 1.93376 1.83016 1.73706 1.65334 1.57801 1.5102 1.44911 1.39407 1.34447 1.29977 1.25951 1.22328 1.19073 1.16154 1.13546 1.11223 1.09164 1.07352 1.05769 1.04402 1.03238 1.02266 1.01478 1.00863 1.00414 1.00125 0.999902 1.00003 1.00161 1.00458 1.00893 1.01463 1.02165 1.02999 1.03965 1.05062 1.0629 1.0765 1.09143 1.1077 1.12531 1.14429 1.16466 1.18645 1.20972 1.23451 1.26089 1.28895 1.31876 1.35042 1.38401 1.41964 1.45741 1.49746 1.53994 1.58506 1.63305 1.68416 1.73867 1.79689 1.85915 1.92582 1.99736 2.0743 2.1573 2.2471 2.3445 2.45034 2.56555 2.69113 2.82829 2.97834 3.14263 3.32231 3.51818 3.7306 3.95938 4.20348 4.46067 4.72774 5 
4 3.77333 3.55048 3.33503 3.12972 2.93654 2.75667 2.5906 2.43825 2.29913 2.17249 2.05748 1.95318 1.85869 1.7731 1.69558 1.62536 1.56175 1.50413 1.45196 1.40474 1.36201 1.3234 1.28857 1.2572 1.22904 1.20385 1.18142 1.16156 1.14411 1.12893 1.11588 1.10486 1.09578 1.08853 1.08305 1.07926 1.0771 1.07652 1.07748 1.07993 1.08385 1.08919 1.09596 1.10412 1.11368 1.12464 1.13699 1.15075 1.16593 1.18253 1.20058 1.22009 1.24109 1.2636 1.28768 1.31336 1.34074 1.36987 1.40086 1.4338 1.46878 1.50592 1.54533 1.58714 1.63149 1.67859 1.72863 1.7819 1.83867 1.89925 1.96399 2.03323 2.10739 2.18694 2.27245 2.36459 2.46411 2.57179 2.68841 2.81479 2.9518 3.10037 3.26147 3.4359 3.62415 3.82619 4.04147 4.26877 4.50618 4.75114 5 
4 3.79285 3.58863 3.39016 3.19968 3.01892 2.84902 2.69061 2.54387 2.40859 2.28432 2.17048 2.06642 1.97143 1.88481 1.80586 1.73393 1.66841 1.60878 1.55452 1.5052 1.4604 1.41975 1.38293 1.34965 1.31965 1.29271 1.26862 1.2472 1.22828 1.21171 1.19737 1.18515 1.17495 1.16669 1.16028 1.15565 1.15274 1.1515 1.15188 1.15384 1.15734 1.16236 1.16888 1.17688 1.18635 1.19729 1.20971 1.22361 1.23902 1.25594 1.27439 1.29439 1.31597 1.33916 1.36399 1.39053 1.41883 1.44897 1.48105 1.51516 1.55142 1.58993 1.63082 1.67422 1.72026 1.76913 1.82102 1.87619 1.93491 1.9975 2.06429 2.13564 2.21191 2.29353 2.38098 2.47482 2.57572 2.68435 2.80143 2.92762 3.06356 3.20987 3.36716 3.53592 3.71641 3.90844 4.11132 4.32384 4.54432 4.77066 5 
4 3.80938 3.62106 3.43728 3.25992 3.09043 2.92989 2.77898 2.63802 2.50699 2.38568 2.27369 2.17057 2.07581 1.98884 1.90912 1.83608 1.76922 1.70807 1.65218 1.60117 1.55464 1.51228 1.47376 1.43882 1.40721 1.37873 1.35316 1.33033 1.31007 1.29226 1.27674 1.26343 1.25221 1.24301 1.23574 1.23033 1.22672 1.22486 1.2247 1.2262 1.22932 1.23404 1.24033 1.24817 1.25756 1.2685 1.28098 1.29502 1.31064 1.32784 1.34666 1.36711 1.38923 1.41304 1.43858 1.46591 1.49507 1.52615 1.55923 1.59442 1.63183 1.67158 1.71379 1.7586 1.80615 1.85659 1.91011 1.96695 2.02735 2.09162 2.16009 2.23309 2.311 2.39417 2.48303 2.57802 2.6797 2.78862 2.90541 3.03063 3.16477 3.30824 3.46135 3.62435 3.79728 3.97987 4.17144 4.37086 4.57669 4.78718 5 
4 3.82354 3.64894 3.47799 3.31225 3.15297 3.00114 2.85743 2.72224 2.59568 2.47768 2.36801 2.26637 2.17238 2.08563 2.00567 1.93204 1.86432 1.8021 1.745 1.69266 1.64476 1.60097 1.56103 1.52468 1.49168 1.46184 1.43496 1.41088 1.38944 1.37049 1.35392 1.33961 1.32747 1.31741 1.30935 1.30322 1.29897 1.29654 1.29588 1.29695 1.29971 1.30415 1.31022 1.31793 1.32724 1.33818 1.35072 1.36489 1.3807 1.39817 1.41732 1.43819 1.46079 1.48517 1.51136 1.53941 1.56937 1.60132 1.63533 1.6715 1.70995 1.7508 1.79419 1.84023 1.88909 1.9409 1.99584 2.05411 2.11594 2.18161 2.25141 2.32569 2.40479 2.48905 2.57881 2.67447 2.77643 2.88515 3.00112 3.1248 3.2566 3.39679 3.54551 3.70281 3.86856 4.0424 4.2237 4.41148 4.60451 4.80134 5 
4 3.83582 3.67314 3.51346 3.35807 3.20805 3.06428 2.9274 2.79785 2.67582 2.56134 2.45431 2.35452 2.26173 2.17562 2.09586 2.02208 1.95391 1.89102 1.83306 1.77974 1.73077 1.68585 1.64474 1.60721 1.57303 1.54202 1.514 1.48882 1.46632 1.44637 1.42885 1.41364 1.40066 1.38981 1.38104 1.37425 1.36941 1.36645 1.36533 1.366 1.36844 1.37261 1.37849 1.38606 1.39531 1.40624 1.41885 1.43314 1.44914 1.46685 1.48631 1.50755 1.5306 1.55549 1.58227 1.61098 1.64166 1.67439 1.70925 1.74632 1.78571 1.82754 1.87195 1.91907 1.96905 2.02202 2.07816 2.13764 2.20067 2.26747 2.33834 2.41357 2.49347 2.57839 2.66862 2.76449 2.86632 2.97444 3.08921 3.211 3.34012 3.47675 3.62097 3.77269 3.93166 4.09747 4.2695 4.44692 4.62869 4.8136 5 
4 3.84655 3.69435 3.54463 3.39849 3.25686 3.12051 2.99007 2.86595 2.74841 2.63755 2.53335 2.43569 2.3444 2.25928 2.18007 2.10648 2.03822 1.97498 1.91649 1.86249 1.81272 1.76693 1.72489 1.68639 1.65123 1.61924 1.59025 1.5641 1.54068 1.51984 1.50146 1.48546 1.47172 1.46017 1.45074 1.44336 1.43797 1.43453 1.43298 1.43329 1.43542 1.43935 1.44505 1.4525 1.4617 1.47263 1.48529 1.4997 1.51587 1.53381 1.55356 1.57514 1.59858 1.62394 1.65124 1.68054 1.71187 1.74532 1.78093 1.81881 1.85904 1.90175 1.94705 1.99509 2.04601 2.09996 2.15709 2.21756 2.28155 2.34926 2.42093 2.49683 2.57724 2.66246 2.75278 2.84848 2.9498 3.05699 3.17031 3.28998 3.41624 3.54921 3.68891 3.8352 3.98779 4.14622 4.3099 4.47808 4.64989 4.82433 5 
4 3.85601 3.71307 3.57221 3.43436 3.30034 3.17083 3.04641 2.92748 2.81433 2.70711 2.60584 2.51048 2.42094 2.33707 2.25868 2.18557 2.11748 2.05419 1.99544 1.94101 1.89069 1.84426 1.8015 1.76224 1.72629 1.69348 1.66366 1.6367 1.61248 1.59086 1.57174 1.55502 1.54061 1.52843 1.51841 1.51049 1.50461 1.50073 1.49879 1.49876 1.50061 1.50431 1.50984 1.51719 1.52633 1.53726 1.54998 1.5645 1.58083 1.59898 1.61899 1.64088 1.66469 1.69045 1.71822 1.74804 1.77996 1.81403 1.85033 1.88892 1.9299 1.97337 2.01946 2.06828 2.12 2.17474 2.23265 2.2939 2.35863 2.42703 2.49928 2.57562 2.65628 2.74153 2.83164 2.92683 3.02733 3.13332 3.24496 3.36239 3.48572 3.61504 3.75031 3.89138 4.03796 4.1896 4.34571 4.50563 4.66861 4.8338 5 
4 3.86441 3.72971 3.59676 3.46638 3.33928 3.21606 3.09725 2.98324 2.87434 2.7707 2.67241 2.57946 2.49182 2.40939 2.33205 2.25964 2.19197 2.12884 2.07006 2.01544 1.96478 1.9179 1.87462 1.83478 1.79819 1.76473 1.73423 1.70659 1.68168 1.6594 1.63963 1.62229 1.60729 1.59455 1.58401 1.5756 1.56928 1.56499 1.5627 1.56237 1.56396 1.56745 1.57283 1.58006 1.58915 1.60008 1.61286 1.62748 1.64395 1.6623 1.68255 1.70472 1.72885 1.75499 1.78317 1.81345 1.84588 1.8805 1.91739 1.95661 1.99824 2.04238 2.08914 2.13863 2.191 2.24637 2.3049 2.36673 2.432 2.50087 2.57349 2.65006 2.73077 2.81584 2.90549 2.99994 3.09938 3.20394 3.31372 3.42881 3.54922 3.67497 3.80599 3.94211 4.08305 4.2284 4.37764 4.53013 4.68523 4.8422 5 
4 3.8719 3.74457 3.61874 3.49511 3.37431 3.25688 3.14329 3.03392 2.92908 2.82894 2.73361 2.64313 2.55749 2.47664 2.40051 2.32898 2.26192 2.19916 2.14055 2.08591 2.0351 1.98795 1.94432 1.90405 1.86698 1.833 1.80196 1.77376 1.74828 1.72543 1.70512 1.68724 1.67173 1.6585 1.6475 1.63866 1.63194 1.62729 1.62468 1.62407 1.62542 1.62873 1.63395 1.64109 1.65012 1.66105 1.67387 1.68858 1.70519 1.72371 1.74418 1.7666 1.79103 1.8175 1.84604 1.87672 1.90959 1.94469 1.98209 2.02185 2.06404 2.10875 2.15608 2.20613 2.25903 2.3149 2.37389 2.43612 2.50174 2.57089 2.6437 2.72031 2.80089 2.88561 2.97464 3.06817 3.16636 3.26933 3.37713 3.48981 3.60732 3.72962 3.85659 3.98805 4.12375 4.2633 4.40625 4.55203 4.70006 4.84969 5 
4 3.87863 3.75792 3.6385 3.52099 3.40594 3.29384 3.1851 3.0801 2.97912 2.88236 2.78995 2.70194 2.61835 2.53918 2.46438 2.39388 2.32758 2.26535 2.20706 2.15258 2.10177 2.05451 2.01067 1.97011 1.9327 1.89832 1.86686 1.83821 1.81227 1.78895 1.76816 1.74983 1.73388 1.72023 1.70883 1.69961 1.69255 1.68758 1.68469 1.68382 1.68497 1.68809 1.69318 1.70022 1.70921 1.72012 1.73297 1.74776 1.76449 1.78317 1.80383 1.82649 1.85117 1.87793 1.9068 1.93783 1.97107 2.00657 2.0444 2.08462 2.12728 2.17247 2.22028 2.27079 2.32411 2.38036 2.43967 2.50217 2.56798 2.63723 2.71004 2.78653 2.86682 2.95104 3.03934 3.13184 3.22867 3.32994 3.43568 3.54591 3.66056 3.77953 3.90267 4.02978 4.16061 4.29483 4.43202 4.57171 4.71336 4.8564 5 
4 3.88469 3.76996 3.65634 3.5444 3.43461 3.32741 3.22319 3.12229 3.02497 2.93145 2.84187 2.7563 2.67479 2.59735 2.52397 2.4546 2.38917 2.3276 2.26977 2.21558 2.16492 2.11769 2.07376 2.03303 1.9954 1.96074 1.92895 1.89995 1.87364 1.84993 1.82876 1.81005 1.79372 1.77971 1.76797 1.75843 1.75107 1.74582 1.74268 1.74159 1.74255 1.74551 1.75048 1.75744 1.76637 1.77727 1.79014 1.80499 1.82182 1.84064 1.86147 1.88433 1.90925 1.93626 1.96541 1.99674 2.0303 2.06614 2.10433 2.14491 2.18796 2.23354 2.28173 2.3326 2.38625 2.44278 2.50231 2.56495 2.63081 2.70002 2.77268 2.84889 2.92876 3.01237 3.09982 3.19121 3.28663 3.38615 3.48981 3.59759 3.70942 3.82518 3.9447 4.06775 4.19409 4.32341 4.45534 4.58947 4.72534 4.86244 5 
4 3.89018 3.78086 3.67251 3.56563 3.46066 3.35799 3.25796 3.16089 3.06704 2.97662 2.88978 2.80661 2.72716 2.65147 2.57955 2.51138 2.44691 2.38609 2.32884 2.27506 2.22467 2.17757 2.13367 2.09289 2.05513 2.02029 1.98828 1.95901 1.93241 1.9084 1.88691 1.86788 1.85124 1.83693 1.82489 1.81509 1.80746 1.80198 1.79862 1.79734 1.79813 1.80096 1.80581 1.81269 1.82157 1.83245 1.84534 1.86024 1.87715 1.89608 1.91706 1.94009 1.96521 1.99245 2.02184 2.05343 2.08726 2.12338 2.16186 2.20274 2.24609 2.29197 2.34045 2.39159 2.44548 2.50221 2.56186 2.62453 2.69034 2.75939 2.83178 2.90759 2.98691 3.0698 3.15632 3.24655 3.34053 3.43831 3.53989 3.64527 3.75435 3.86703 3.98311 4.10237 4.22455 4.34937 4.4765 4.60557 4.73618 4.86789 5 
4 3.89517 3.79076 3.6872 3.58495 3.4844 3.3859 3.28976 3.19628 3.1057 3.01823 2.93402 2.85318 2.77576 2.70182 2.63139 2.56446 2.50102 2.44103 2.38443 2.33115 2.28112 2.23425 2.19049 2.14975 2.11195 2.07702 2.04487 2.01542 1.98861 1.96436 1.94262 1.92333 1.90643 1.89187 1.87959 1.86955 1.8617 1.85602 1.85247 1.85103 1.85167 1.85438 1.85915 1.86595 1.87479 1.88565 1.89855 1.91348 1.93046 1.94949 1.97059 1.99377 2.01906 2.04648 2.07608 2.10788 2.14193 2.17829 2.21699 2.25811 2.30169 2.34779 2.39647 2.4478 2.50185 2.55868 2.61837 2.681 2.74668 2.81548 2.88749 2.9628 3.04147 3.12355 3.20908 3.2981 3.39063 3.48668 3.58625 3.68929 3.79573 3.90546 4.01828 4.13399 4.25232 4.37301 4.49574 4.62019 4.74603 4.87284 5 
4 3.89972 3.79978 3.7006 3.60258 3.50608 3.41142 3.31889 3.22876 3.14126 3.05659 2.9749 2.89631 2.82088 2.74868 2.67973 2.61407 2.5517 2.49259 2.4367 2.38399 2.33439 2.28784 2.2443 2.20368 2.16593 2.13099 2.09877 2.06921 2.04225 2.01784 1.99591 1.97641 1.9593 1.94453 1.93205 1.92181 1.91378 1.90793 1.90422 1.90264 1.90316 1.90576 1.91044 1.91718 1.92598 1.93683 1.94973 1.9647 1.98172 2.00083 2.02202 2.04532 2.07075 2.09834 2.1281 2.16008 2.19432 2.23085 2.26974 2.31102 2.35477 2.40102 2.44983 2.50127 2.55539 2.61224 2.6719 2.73443 2.7999 2.86838 2.93995 3.01468 3.09263 3.17383 3.25832 3.34611 3.43718 3.53154 3.62915 3.72995 3.83388 3.9408 4.05055 4.16293 4.27769 4.39456 4.51326 4.63351 4.75498 4.87735 5 
4 3.90387 3.80801 3.71284 3.6187 3.52592 3.43481 3.34563 3.25862 3.17401 3.09198 3.01269 2.93626 2.86276 2.79226 2.7248 2.66042 2.59913 2.54093 2.4858 2.43371 2.3846 2.33844 2.29517 2.25475 2.21712 2.18223 2.15001 2.12041 2.09337 2.06885 2.04678 2.02713 2.00986 1.99492 1.98227 1.97187 1.96368 1.95768 1.95384 1.95214 1.95256 1.95507 1.95968 1.96637 1.97513 1.98596 1.99887 2.01385 2.03092 2.05008 2.07136 2.09475 2.12029 2.148 2.1779 2.21002 2.24441 2.28108 2.3201 2.36151 2.40536 2.45169 2.50057 2.55204 2.60616 2.66297 2.72253 2.78488 2.85009 2.9182 2.98928 3.06339 3.14057 3.22085 3.30425 3.39078 3.48041 3.57312 3.66884 3.76751 3.86905 3.97333 4.0802 4.18946 4.3009 4.41425 4.52926 4.64565 4.76315 4.88145 5 
4 3.90766 3.81554 3.72403 3.63345 3.54411 3.45627 3.37019 3.28609 3.20418 3.12464 3.04764 2.97327 2.90163 2.83279 2.7668 2.70369 2.64349 2.58623 2.53189 2.48045 2.43188 2.38615 2.34321 2.30304 2.26558 2.2308 2.19864 2.16905 2.14199 2.1174 2.09525 2.0755 2.0581 2.04303 2.03025 2.01972 2.0114 2.00528 2.00133 1.99953 1.99985 2.00229 2.00683 2.01347 2.02221 2.03302 2.04593 2.06093 2.07803 2.09724 2.11857 2.14204 2.16767 2.19547 2.22547 2.25771 2.2922 2.32898 2.36809 2.40958 2.45348 2.49985 2.54873 2.60018 2.65423 2.71093 2.77033 2.83245 2.89734 2.96505 3.0356 3.10906 3.18544 3.26478 3.34708 3.43235 3.52055 3.61164 3.70554 3.80219 3.90148 4.00329 4.10746 4.21382 4.32217 4.43227 4.54387 4.65673 4.7706 4.88519 5 
4 3.91112 3.82243 3.73428 3.64698 3.5608 3.47598 3.39277 3.31138 3.232 3.1548 3.07995 3.00755 2.93769 2.87046 2.80589 2.74404 2.68494 2.62862 2.57508 2.52433 2.47633 2.43106 2.3885 2.34862 2.31138 2.27675 2.2447 2.21517 2.18813 2.16353 2.14134 2.12152 2.10405 2.08888 2.07599 2.06536 2.05694 2.05072 2.04668 2.04479 2.04503 2.0474 2.05189 2.05849 2.06719 2.07799 2.0909 2.10591 2.12303 2.14227 2.16364 2.18717 2.21286 2.24073 2.27081 2.30312 2.33769 2.37454 2.41371 2.45524 2.49916 2.54552 2.59436 2.64572 2.69966 2.75619 2.81537 2.87721 2.94175 3.00901 3.07902 3.1518 3.22738 3.30578 3.38699 3.471 3.55779 3.64731 3.73947 3.83419 3.93136 4.03086 4.13252 4.2362 4.34168 4.44877 4.55724 4.66687 4.77741 4.88861 5 
4 3.91429 3.82873 3.74367 3.65938 3.57611 3.49409 3.41355 3.33467 3.25764 3.18264 3.10982 3.03928 2.97113 2.90543 2.84225 2.78163 2.72361 2.66824 2.61552 2.56546 2.51805 2.47328 2.43112 2.39157 2.35458 2.32015 2.28823 2.2588 2.23182 2.20725 2.18506 2.16521 2.14769 2.13246 2.11951 2.10879 2.1003 2.094 2.08988 2.08791 2.08809 2.09041 2.09485 2.1014 2.11008 2.12086 2.13376 2.14877 2.1659 2.18517 2.20657 2.23013 2.25586 2.28379 2.31392 2.34628 2.38089 2.41778 2.45698 2.49851 2.54242 2.58873 2.63749 2.68873 2.7425 2.79883 2.85774 2.91925 2.9834 3.05019 3.11963 3.19174 3.26652 3.34398 3.42412 3.50691 3.59233 3.68033 3.77081 3.8637 3.95888 4.05621 4.15555 4.25674 4.35959 4.46391 4.56949 4.67614 4.78363 4.89174 5 
4 3.91718 3.8345 3.75228 3.67076 3.59017 3.51074 3.43265 3.35611 3.28129 3.20834 3.13742 3.06864 3.00211 2.93788 2.87603 2.81661 2.75965 2.70521 2.6533 2.60395 2.55714 2.51289 2.47116 2.43196 2.39525 2.36104 2.3293 2.29999 2.2731 2.24859 2.22642 2.20659 2.18905 2.17379 2.16079 2.15002 2.14147 2.13511 2.13093 2.12891 2.12903 2.1313 2.13569 2.14221 2.15085 2.16162 2.1745 2.18951 2.20665 2.22592 2.24734 2.27092 2.29668 2.32463 2.35478 2.38717 2.4218 2.4587 2.4979 2.53941 2.58327 2.62951 2.67816 2.72925 2.78282 2.8389 2.89751 2.95867 3.02239 3.08868 3.15754 3.22897 3.30297 3.37952 3.45862 3.54023 3.62433 3.71087 3.79975 3.8909 3.9842 4.07951 4.17669 4.27558 4.376 4.47777 4.58071 4.68463 4.78933 4.89459 5 
4 3.91981 3.83978 3.76016 3.68118 3.60307 3.52602 3.45022 3.37585 3.30307 3.23205 3.16291 3.09579 3.03078 2.96795 2.90737 2.8491 2.79317 2.73964 2.68854 2.63989 2.5937 2.54997 2.50869 2.46985 2.43346 2.39949 2.36794 2.33878 2.312 2.28757 2.26547 2.24566 2.22813 2.21286 2.19984 2.18904 2.18045 2.17405 2.16983 2.16776 2.16784 2.17006 2.17442 2.18091 2.18952 2.20026 2.21313 2.22813 2.24526 2.26453 2.28596 2.30954 2.3353 2.36326 2.39342 2.4258 2.46043 2.49732 2.53649 2.57796 2.62175 2.66789 2.71641 2.76732 2.82067 2.87648 2.93476 2.99553 3.05881 3.12459 3.19286 3.26361 3.33683 3.4125 3.4906 3.57109 3.65393 3.73908 3.82645 3.91595 4.00748 4.1009 4.19607 4.29284 4.39102 4.49047 4.59098 4.6924 4.79454 4.89721 5 
4 3.92222 3.8446 3.76736 3.69073 3.61489 3.54004 3.46636 3.394 3.32312 3.25389 3.18642 3.12085 3.05727 2.99577 2.9364 2.87923 2.8243 2.77165 2.72134 2.67338 2.6278 2.58459 2.54377 2.50532 2.46925 2.43555 2.40421 2.37522 2.34857 2.32425 2.30221 2.28246 2.26496 2.2497 2.23668 2.22586 2.21725 2.21082 2.20657 2.20447 2.20452 2.20671 2.21103 2.21748 2.22607 2.23678 2.24963 2.26461 2.28173 2.301 2.32241 2.34599 2.37174 2.39968 2.42982 2.46219 2.49679 2.53364 2.57276 2.61416 2.65787 2.70389 2.75225 2.80298 2.85609 2.91161 2.96955 3.02993 3.09274 3.15799 3.22567 3.29575 3.36822 3.44304 3.52018 3.5996 3.68125 3.76509 3.85103 3.93898 4.02886 4.12051 4.21382 4.30862 4.40476 4.50206 4.60036 4.6995 4.7993 4.8996 5 
4 3.92441 3.84899 3.77395 3.69946 3.62572 3.55289 3.48115 3.41065 3.34155 3.27397 3.20807 3.14395 3.08172 3.02146 2.96324 2.90711 2.85313 2.80134 2.75179 2.7045 2.65952 2.61684 2.57647 2.53842 2.50268 2.46926 2.43815 2.40935 2.38285 2.35863 2.33669 2.317 2.29955 2.28432 2.27131 2.26049 2.25187 2.24543 2.24115 2.23903 2.23905 2.24122 2.24551 2.25194 2.2605 2.27119 2.28401 2.29897 2.31607 2.33531 2.3567 2.38026 2.40599 2.4339 2.46401 2.49634 2.53089 2.56768 2.60673 2.64805 2.69165 2.73754 2.78573 2.83626 2.88912 2.94434 3.00194 3.06191 3.12426 3.18899 3.25607 3.3255 3.39723 3.47123 3.54745 3.62586 3.7064 3.78901 3.87361 3.96013 4.04845 4.13847 4.23005 4.32304 4.41729 4.51263 4.60891 4.70597 4.80364 4.90178 5 
4 3.9264 3.853 3.77995 3.70742 3.6356 3.56464 3.49469 3.42591 3.35844 3.29241 3.22795 3.16519 3.10422 3.04513 2.98798 2.93284 2.87976 2.82879 2.77997 2.73334 2.68893 2.64677 2.60685 2.5692 2.5338 2.50066 2.46979 2.44119 2.41485 2.39077 2.36893 2.34932 2.33192 2.31674 2.30375 2.29294 2.28432 2.27787 2.27358 2.27144 2.27145 2.27359 2.27787 2.28427 2.2928 2.30346 2.31626 2.33119 2.34826 2.36748 2.38884 2.41237 2.43806 2.46593 2.496 2.52826 2.56275 2.59947 2.63843 2.67964 2.72311 2.76886 2.81688 2.86719 2.9198 2.97473 3.03197 3.09154 3.15343 3.21764 3.28415 3.35293 3.42394 3.49716 3.57252 3.64997 3.72947 3.81093 3.8943 3.97948 4.06637 4.15487 4.24485 4.33617 4.42869 4.52224 4.61668 4.71185 4.80759 4.90376 5 
4 3.92822 3.85664 3.7854 3.71467 3.6446 3.57535 3.50705 3.43985 3.37389 3.30928 3.24617 3.18466 3.12486 3.06686 3.01072 2.95651 2.90429 2.85409 2.80597 2.75997 2.71612 2.67445 2.63498 2.59771 2.56265 2.52981 2.49918 2.47079 2.44462 2.42067 2.39894 2.37942 2.3621 2.34697 2.33401 2.32323 2.31461 2.30816 2.30387 2.30172 2.30171 2.30383 2.30809 2.31447 2.32298 2.33361 2.34638 2.36128 2.37832 2.3975 2.41883 2.44231 2.46796 2.49578 2.52578 2.55798 2.59239 2.62901 2.66787 2.70896 2.75229 2.79788 2.84571 2.89581 2.94817 3.00279 3.0597 3.11887 3.18032 3.24403 3.30997 3.37813 3.44846 3.52092 3.59546 3.67202 3.75054 3.83095 3.91317 3.99712 4.0827 4.1698 4.25831 4.3481 4.43903 4.53095 4.62372 4.71717 4.81116 4.90556 5 
4 3.92988 3.85995 3.79035 3.72125 3.65277 3.58508 3.51829 3.45254 3.38796 3.32467 3.2628 3.20245 3.14374 3.08675 3.03155 2.97821 2.92678 2.87731 2.82986 2.78446 2.74114 2.69996 2.66091 2.62402 2.58929 2.55673 2.52636 2.49817 2.47218 2.44838 2.42677 2.40734 2.3901 2.37502 2.36211 2.35136 2.34276 2.33631 2.33201 2.32985 2.32983 2.33194 2.33618 2.34254 2.35102 2.36163 2.37436 2.38923 2.40623 2.42538 2.44666 2.4701 2.49569 2.52345 2.55338 2.5855 2.61981 2.65634 2.69507 2.73603 2.77921 2.82463 2.87227 2.92214 2.97425 3.02859 3.08515 3.14395 3.20497 3.26819 3.3336 3.40116 3.47084 3.54259 3.61636 3.69209 3.7697 3.84913 3.9303 4.01313 4.0975 4.18334 4.27051 4.3589 4.44839 4.53882 4.63006 4.72196 4.81438 4.90717 5 
4 3.9314 3.86295 3.79483 3.72719 3.66016 3.59387 3.52846 3.46403 3.40072 3.33864 3.27791 3.21863 3.16092 3.10486 3.05053 2.998 2.94731 2.89853 2.8517 2.80686 2.76406 2.72333 2.68469 2.64816 2.61375 2.58148 2.55135 2.52337 2.49755 2.4739 2.45242 2.4331 2.41593 2.40092 2.38806 2.37734 2.36877 2.36233 2.35803 2.35587 2.35583 2.35793 2.36214 2.36848 2.37694 2.38752 2.40022 2.41505 2.43201 2.45111 2.47235 2.49573 2.52126 2.54895 2.57881 2.61084 2.64505 2.68146 2.72006 2.76088 2.8039 2.84914 2.89658 2.94623 2.99808 3.05214 3.10838 3.16681 3.22742 3.29019 3.35509 3.42209 3.49116 3.56225 3.63529 3.71024 3.78702 3.86555 3.94576 4.02756 4.11085 4.19554 4.2815 4.36863 4.45681 4.54589 4.63576 4.72626 4.81727 4.90862 5 
4 3.93278 3.86566 3.79887 3.73254 3.6668 3.60179 3.53761 3.47439 3.41223 3.35125 3.29156 3.23326 3.17647 3.12127 3.06774 3.01594 2.96595 2.9178 2.87155 2.82724 2.78492 2.74462 2.70637 2.67018 2.63609 2.60409 2.57419 2.54642 2.52078 2.49728 2.47592 2.4567 2.43962 2.42468 2.41188 2.4012 2.39265 2.38622 2.38193 2.37976 2.37971 2.38179 2.38599 2.3923 2.40073 2.41128 2.42395 2.43874 2.45565 2.4747 2.49588 2.51921 2.54467 2.57229 2.60206 2.634 2.6681 2.70439 2.74286 2.78352 2.82638 2.87143 2.91868 2.9681 3.01971 3.07348 3.12942 3.1875 3.24772 3.31006 3.37449 3.44097 3.50947 3.57994 3.65232 3.72654 3.80255 3.88027 3.95961 4.04048 4.12279 4.20645 4.29133 4.37733 4.46433 4.55221 4.64085 4.7301 4.81983 4.90991 5 
4 3.93404 3.86811 3.80249 3.73733 3.67274 3.60886 3.54579 3.48364 3.42253 3.36255 3.3038 3.2464 3.19045 3.13603 3.08323 3.03211 2.98274 2.93518 2.88946 2.84565 2.80377 2.76387 2.72599 2.69013 2.65633 2.62459 2.59493 2.56735 2.54188 2.51852 2.49728 2.47817 2.46118 2.44631 2.43356 2.42293 2.41441 2.408 2.40371 2.40154 2.40149 2.40355 2.40772 2.41401 2.42241 2.43292 2.44555 2.46029 2.47716 2.49615 2.51728 2.54054 2.56593 2.59347 2.62315 2.65499 2.68899 2.72515 2.76348 2.80399 2.84668 2.89155 2.93858 2.98779 3.03915 3.09265 3.14829 3.20605 3.26591 3.32784 3.39183 3.45784 3.52582 3.59572 3.66749 3.74106 3.81637 3.89334 3.97189 4.05194 4.13338 4.21611 4.30003 4.38503 4.471 4.55781 4.64535 4.73349 4.8221 4.91105 5 
4 3.93518 3.8703 3.80573 3.74159 3.67802 3.61513 3.55304 3.49185 3.43166 3.37258 3.31469 3.2581 3.2029 3.14919 3.09705 3.04655 2.99775 2.95071 2.90549 2.86212 2.82066 2.78113 2.74358 2.70803 2.67451 2.64301 2.61357 2.58619 2.56088 2.53766 2.51654 2.49753 2.48062 2.46583 2.45313 2.44255 2.43406 2.42768 2.4234 2.42122 2.42116 2.4232 2.42735 2.43361 2.44198 2.45245 2.46503 2.47973 2.49654 2.51547 2.53653 2.55972 2.58504 2.6125 2.64209 2.67382 2.70771 2.74374 2.78193 2.82229 2.86481 2.90949 2.95633 3.00532 3.05644 3.10969 3.16504 3.22249 3.28201 3.34358 3.40716 3.47273 3.54024 3.60963 3.68085 3.75383 3.82851 3.90482 3.98266 4.06197 4.14264 4.22456 4.30765 4.39177 4.47683 4.56271 4.64929 4.73645 4.82408 4.91204 5 
4 3.93619 3.87225 3.80859 3.74535 3.68266 3.62064 3.5594 3.49905 3.43967 3.38138 3.32425 3.26838 3.21386 3.16079 3.10924 3.05929 3.01101 2.96445 2.91967 2.87671 2.83561 2.79643 2.75919 2.72393 2.69065 2.65939 2.63016 2.60296 2.57781 2.55472 2.53372 2.5148 2.49797 2.48324 2.4706 2.46006 2.45161 2.44525 2.44098 2.43881 2.43873 2.44076 2.44488 2.45111 2.45944 2.46987 2.48241 2.49705 2.5138 2.53267 2.55366 2.57677 2.60201 2.62937 2.65887 2.6905 2.72427 2.76018 2.79823 2.83844 2.88079 2.92529 2.97193 3.02071 3.07161 3.12461 3.1797 3.23685 3.29606 3.35729 3.42051 3.48569 3.55277 3.62171 3.69244 3.7649 3.83902 3.91474 3.99197 4.07062 4.15061 4.23184 4.3142 4.39757 4.48185 4.56692 4.65268 4.73901 4.82579 4.9129 5 
4 3.93708 3.87395 3.81108 3.74862 3.68669 3.62541 3.5649 3.50527 3.4466 3.38898 3.33252 3.27728 3.22337 3.17086 3.11985 3.07039 3.02257 2.97643 2.93204 2.88944 2.84868 2.8098 2.77284 2.73783 2.7048 2.67375 2.6447 2.61768 2.59268 2.56972 2.54882 2.52999 2.51324 2.49857 2.48599 2.47548 2.46706 2.46072 2.45647 2.45429 2.45421 2.45622 2.46032 2.46652 2.47481 2.48519 2.49768 2.51226 2.52895 2.54774 2.56866 2.59168 2.61684 2.64411 2.67351 2.70503 2.73869 2.77447 2.81239 2.85244 2.89463 2.93896 2.98541 3.03399 3.08467 3.13744 3.19228 3.24917 3.30809 3.36901 3.43191 3.49673 3.56344 3.63198 3.70228 3.77429 3.84794 3.92314 3.99983 4.07793 4.15734 4.23797 4.31971 4.40244 4.48607 4.57047 4.65554 4.74116 4.82723 4.91361 5 
4 3.93782 3.87539 3.81322 3.75142 3.69013 3.62948 3.56959 3.51055 3.45247 3.39543 3.33953 3.28484 3.23145 3.17944 3.12888 3.07986 3.03244 2.98668 2.94263 2.90035 2.85989 2.82128 2.78457 2.74978 2.71696 2.6861 2.65723 2.63036 2.6055 2.58267 2.56188 2.54313 2.52645 2.51184 2.4993 2.48883 2.48043 2.47411 2.46987 2.4677 2.46761 2.4696 2.47367 2.47983 2.48808 2.49842 2.51085 2.52537 2.54199 2.56071 2.58154 2.60448 2.62954 2.65671 2.68601 2.71743 2.75096 2.78662 2.82441 2.86431 2.90635 2.9505 2.99678 3.04516 3.09564 3.14819 3.20281 3.25946 3.31812 3.37877 3.44137 3.50589 3.57227 3.64047 3.71041 3.78204 3.85527 3.93005 4.00629 4.08392 4.16284 4.24297 4.3242 4.40641 4.48951 4.57337 4.65787 4.74292 4.8284 4.9142 5 
4 3.93841 3.87658 3.81498 3.75374 3.69299 3.63286 3.57347 3.51492 3.45732 3.40075 3.34531 3.29107 3.23812 3.18653 3.13638 3.08773 3.04066 2.99523 2.95148 2.90947 2.86926 2.83088 2.79439 2.7598 2.72715 2.69647 2.66776 2.64103 2.6163 2.59358 2.57289 2.55422 2.53761 2.52305 2.51055 2.50011 2.49174 2.48543 2.48119 2.47902 2.47892 2.48089 2.48494 2.49106 2.49927 2.50956 2.52193 2.53639 2.55294 2.57158 2.59232 2.61517 2.64013 2.6672 2.69638 2.72769 2.76111 2.79664 2.83429 2.87405 2.91594 2.95993 3.00604 3.05424 3.10453 3.15689 3.2113 3.26774 3.32617 3.38658 3.44893 3.51318 3.57928 3.64719 3.71683 3.78815 3.86105 3.93548 4.01136 4.08861 4.16714 4.24687 4.32769 4.40949 4.49217 4.57561 4.65968 4.74429 4.82932 4.91466 5 
4 3.93886 3.8775 3.81637 3.75559 3.69528 3.63557 3.57657 3.5184 3.46117 3.40497 3.34989 3.29602 3.24342 3.19217 3.14235 3.09402 3.04724 3.00208 2.95859 2.91682 2.87682 2.83864 2.80232 2.76791 2.73541 2.70487 2.6763 2.6497 2.62509 2.60247 2.58187 2.56328 2.54672 2.53221 2.51975 2.50934 2.50099 2.49469 2.49045 2.48827 2.48816 2.49011 2.49412 2.50021 2.50837 2.51861 2.53092 2.54531 2.56179 2.58035 2.601 2.62375 2.6486 2.67557 2.70464 2.73583 2.76912 2.80453 2.84205 2.88168 2.92341 2.96726 3.0132 3.06124 3.11136 3.16354 3.21777 3.27401 3.33225 3.39245 3.45458 3.51861 3.58449 3.65216 3.72157 3.79264 3.86529 3.93945 4.01505 4.09201 4.17025 4.24967 4.33019 4.4117 4.49407 4.5772 4.66097 4.74527 4.82998 4.91499 5 
4 3.93915 3.87815 3.81739 3.75696 3.69698 3.63759 3.57889 3.52101 3.46405 3.40812 3.3533 3.29968 3.24735 3.19636 3.1468 3.09872 3.05219 3.00725 2.96397 2.9224 2.88258 2.84457 2.8084 2.77412 2.74175 2.71133 2.68287 2.65638 2.63187 2.60935 2.58882 2.57031 2.55381 2.53934 2.52691 2.51653 2.50819 2.5019 2.49766 2.49547 2.49533 2.49726 2.50124 2.50728 2.51539 2.52557 2.53782 2.55215 2.56854 2.58702 2.60758 2.63023 2.65498 2.68183 2.71078 2.74185 2.77502 2.8103 2.84769 2.88718 2.92878 2.97247 3.01827 3.06616 3.11612 3.16815 3.22221 3.27829 3.33636 3.39639 3.45835 3.5222 3.5879 3.6554 3.72462 3.79551 3.86799 3.94197 4.01738 4.09414 4.17218 4.2514 4.33172 4.41303 4.49522 4.57816 4.66175 4.74586 4.83038 4.91519 5 
4 3.93929 3.87853 3.81802 3.75783 3.6981 3.63892 3.58043 3.52274 3.46596 3.41019 3.35555 3.3021 3.24994 3.19913 3.14975 3.10186 3.0555 3.01075 2.96764 2.92622 2.88655 2.84867 2.81262 2.77845 2.74618 2.71586 2.68749 2.66108 2.63666 2.61422 2.59376 2.57531 2.55887 2.54444 2.53204 2.52168 2.51335 2.50706 2.50282 2.50062 2.50046 2.50235 2.50629 2.51229 2.52035 2.53047 2.54265 2.5569 2.57322 2.59161 2.61207 2.63462 2.65926 2.68599 2.71482 2.74576 2.77881 2.81396 2.85121 2.89057 2.93203 2.97559 3.02125 3.069 3.11882 3.17071 3.22463 3.28058 3.33851 3.39841 3.46023 3.52395 3.58952 3.65689 3.726 3.79678 3.86914 3.94302 4.01833 4.09499 4.17293 4.25205 4.33228 4.4135 4.4956 4.57848 4.66201 4.74606 4.83051 4.91527 5 
4 3.9393 3.87865 3.81826 3.75821 3.69861 3.63956 3.58118 3.52359 3.4669 3.41122 3.35665 3.30328 3.2512 3.20049 3.15121 3.10343 3.0572 3.01257 2.96958 2.92829 2.88873 2.85095 2.815 2.78091 2.74872 2.71846 2.69016 2.66382 2.63946 2.61709 2.5967 2.5783 2.56191 2.54752 2.53515 2.5248 2.51648 2.5102 2.50594 2.50372 2.50354 2.50539 2.50929 2.51524 2.52324 2.53329 2.5454 2.55957 2.5758 2.5941 2.61447 2.63691 2.66144 2.68805 2.71676 2.74757 2.78049 2.81551 2.85263 2.89186 2.93319 2.97661 3.02214 3.06976 3.11945 3.17122 3.22503 3.28086 3.33869 3.39849 3.46022 3.52385 3.58934 3.65664 3.72569 3.79642 3.86876 3.94262 4.01791 4.09457 4.1725 4.25162 4.33186 4.4131 4.49524 4.57817 4.66175 4.74587 4.83039 4.91521 5 
4 3.93918 3.87852 3.81812 3.75808 3.6985 3.63948 3.58113 3.52355 3.46687 3.41118 3.3566 3.30322 3.25114 3.20044 3.15119 3.10345 3.05728 3.01272 2.96981 2.92859 2.88911 2.85141 2.81552 2.7815 2.74936 2.71916 2.6909 2.66461 2.6403 2.61797 2.59763 2.57928 2.56293 2.54858 2.53623 2.5259 2.51759 2.5113 2.50703 2.50479 2.50458 2.5064 2.51025 2.51614 2.52408 2.53406 2.54609 2.56017 2.57632 2.59452 2.61478 2.63712 2.66153 2.68802 2.7166 2.74728 2.78006 2.81495 2.85194 2.89104 2.93223 2.97554 3.02094 3.06843 3.11802 3.16968 3.2234 3.27915 3.3369 3.39663 3.45831 3.5219 3.58736 3.65464 3.72369 3.79445 3.86682 3.94074 4.0161 4.09284 4.17087 4.25011 4.33046 4.41183 4.49412 4.57721 4.66098 4.74528 4.83 4.91502 5 
4 3.93896 3.87815 3.81761 3.75746 3.69778 3.63868 3.58025 3.5226 3.46584 3.41007 3.3554 3.30193 3.24977 3.199 3.1497 3.10192 3.05574 3.01118 2.9683 2.92713 2.88769 2.85004 2.8142 2.78021 2.74811 2.71794 2.68971 2.66345 2.63918 2.61688 2.59658 2.57827 2.56195 2.54762 2.5353 2.52498 2.51667 2.51038 2.5061 2.50384 2.5036 2.50538 2.50918 2.51501 2.52287 2.53277 2.54472 2.55871 2.57476 2.59286 2.61301 2.63523 2.65952 2.68589 2.71434 2.74489 2.77753 2.81228 2.84914 2.88811 2.92918 2.97236 3.01764 3.06503 3.11451 3.16608 3.21972 3.27541 3.33312 3.39282 3.45448 3.51807 3.58355 3.65088 3.71999 3.79083 3.86331 3.93736 4.01289 4.08981 4.16804 4.24748 4.32807 4.40969 4.49224 4.57562 4.65968 4.7443 4.82935 4.91469 5 
4 3.93864 3.87755 3.81674 3.75634 3.69644 3.63714 3.57853 3.52071 3.46378 3.40785 3.35302 3.2994 3.24708 3.19616 3.14673 3.09885 3.05258 3.00797 2.96506 2.92388 2.88446 2.84682 2.811 2.77704 2.74496 2.71481 2.6866 2.66036 2.6361 2.61382 2.59354 2.57526 2.55896 2.54466 2.53235 2.52204 2.51374 2.50744 2.50315 2.50087 2.50059 2.50233 2.50608 2.51184 2.51963 2.52945 2.54131 2.5552 2.57114 2.58913 2.60917 2.63127 2.65543 2.68167 2.70998 2.74039 2.7729 2.80751 2.84423 2.88306 2.92401 2.96707 3.01224 3.05953 3.10892 3.16041 3.21399 3.26964 3.32733 3.38704 3.44872 3.51236 3.5779 3.64532 3.71456 3.78554 3.85821 3.93248 4.00825 4.08545 4.16397 4.24374 4.32466 4.40664 4.48958 4.57336 4.65785 4.74292 4.82843 4.91423 5 
4 3.93823 3.87673 3.81552 3.75474 3.69448 3.63486 3.57595 3.51786 3.46068 3.4045 3.34944 3.29558 3.24304 3.19191 3.14227 3.09422 3.0478 3.00308 2.96008 2.91885 2.87939 2.84174 2.80593 2.77197 2.7399 2.70975 2.68155 2.65531 2.63106 2.6088 2.58853 2.57026 2.55398 2.5397 2.5274 2.5171 2.5088 2.50249 2.49818 2.49588 2.49557 2.49726 2.50095 2.50665 2.51437 2.5241 2.53585 2.54964 2.56547 2.58334 2.60325 2.62522 2.64925 2.67535 2.70353 2.73379 2.76615 2.80062 2.8372 2.8759 2.91672 2.95967 3.00473 3.05192 3.10123 3.15266 3.2062 3.26183 3.31952 3.37926 3.441 3.50473 3.57039 3.63795 3.70737 3.77857 3.85149 3.92605 4.00216 4.07972 4.15864 4.23884 4.32021 4.40268 4.48613 4.57044 4.65548 4.74113 4.82723 4.91363 5 
4 3.93772 3.87569 3.81396 3.75266 3.69192 3.63183 3.5725 3.51402 3.45649 3.39999 3.34461 3.29046 3.23763 3.18622 3.13632 3.08803 3.0414 2.9965 2.95336 2.91201 2.87249 2.83479 2.79895 2.76498 2.73291 2.70276 2.67456 2.64832 2.62407 2.60181 2.58155 2.56328 2.54702 2.53274 2.52046 2.51016 2.50185 2.49554 2.49121 2.48888 2.48853 2.49018 2.49382 2.49945 2.50708 2.51672 2.52837 2.54205 2.55775 2.57549 2.59527 2.6171 2.64099 2.66694 2.69497 2.72508 2.75729 2.79161 2.82805 2.86661 2.90731 2.95013 2.99509 3.04219 3.09143 3.14281 3.19631 3.25194 3.30966 3.36946 3.4313 3.49515 3.56097 3.62873 3.69839 3.76987 3.84312 3.91805 3.99457 4.07259 4.15202 4.23275 4.3147 4.39777 4.48185 4.56682 4.65256 4.73892 4.82574 4.91289 5 
4 3.93709 3.87441 3.81204 3.75011 3.68874 3.62806 3.56818 3.50919 3.45119 3.39426 3.33849 3.28397 3.2308 3.17905 3.12884 3.08025 3.03335 2.98821 2.94487 2.90337 2.86373 2.82595 2.79006 2.75606 2.72397 2.69382 2.66561 2.63937 2.61511 2.59285 2.57259 2.55433 2.53807 2.5238 2.51152 2.50123 2.49292 2.48659 2.48225 2.47988 2.4795 2.4811 2.48467 2.49023 2.49778 2.50733 2.51887 2.53243 2.548 2.5656 2.58524 2.60692 2.63065 2.65645 2.68431 2.71427 2.74632 2.78048 2.81677 2.85519 2.89575 2.93845 2.98331 3.03032 3.07949 3.13083 3.18431 3.23995 3.29772 3.35761 3.41957 3.48358 3.54962 3.61763 3.68758 3.75941 3.83305 3.90843 3.98546 4.06403 4.14406 4.22544 4.30808 4.39188 4.47672 4.56249 4.64906 4.73627 4.82397 4.912 5 
4 3.93633 3.87289 3.80976 3.74706 3.68495 3.62354 3.56297 3.50335 3.44476 3.3873 3.33104 3.27608 3.22249 3.17036 3.11979 3.07085 3.02363 2.97821 2.93462 2.89291 2.8531 2.81521 2.77924 2.74519 2.71307 2.6829 2.65468 2.62844 2.60419 2.58192 2.56167 2.54341 2.52715 2.51288 2.50061 2.49031 2.482 2.47566 2.47129 2.4689 2.46847 2.47002 2.47353 2.47902 2.48648 2.49593 2.50736 2.52079 2.53622 2.55368 2.57316 2.59468 2.61824 2.64387 2.67156 2.70134 2.73322 2.76722 2.80334 2.84161 2.88203 2.92461 2.96936 3.01629 3.0654 3.11669 3.17017 3.22584 3.28367 3.34366 3.40578 3.46999 3.53627 3.60459 3.67489 3.74712 3.82124 3.89715 3.97476 4.05398 4.13472 4.21686 4.30031 4.38496 4.47071 4.55742 4.64495 4.73316 4.82189 4.91096 5 
4 3.93542 3.87109 3.80707 3.74349 3.68051 3.61826 3.55687 3.49647 3.43717 3.37906 3.32222 3.26673 3.21266 3.16009 3.1091 3.05978 3.01221 2.96645 2.92257 2.88061 2.8406 2.80255 2.76646 2.73234 2.70018 2.66999 2.64177 2.61552 2.59127 2.56901 2.54876 2.5305 2.51425 2.49999 2.48771 2.47742 2.4691 2.46275 2.45836 2.45593 2.45547 2.45696 2.46041 2.46582 2.47319 2.48252 2.49383 2.50713 2.52242 2.53972 2.55903 2.58038 2.60377 2.62921 2.65672 2.68631 2.71801 2.75182 2.78777 2.82587 2.86614 2.90859 2.95323 3.00007 3.04911 3.10037 3.15385 3.20955 3.26747 3.32758 3.38988 3.45433 3.5209 3.58955 3.66026 3.73297 3.80762 3.88414 3.96243 4.0424 4.12394 4.20696 4.29134 4.37698 4.46377 4.55156 4.64022 4.72958 4.81949 4.90975 5 
4 3.93435 3.86899 3.80395 3.73937 3.6754 3.61217 3.54985 3.48855 3.42841 3.36952 3.31198 3.25586 3.20123 3.14816 3.09672 3.04697 2.99901 2.9529 2.90869 2.86645 2.8262 2.78796 2.75173 2.71751 2.68529 2.65507 2.62683 2.60059 2.57635 2.55411 2.53386 2.51562 2.49938 2.48512 2.47285 2.46256 2.45423 2.44787 2.44346 2.441 2.44049 2.44193 2.44531 2.45064 2.45791 2.46713 2.47832 2.49147 2.50661 2.52374 2.54288 2.56403 2.58723 2.61247 2.63978 2.66917 2.70067 2.73428 2.77004 2.80796 2.84807 2.89037 2.93489 2.98163 3.0306 3.08183 3.13531 3.19105 3.24906 3.30932 3.37181 3.43652 3.50342 3.57247 3.64364 3.71688 3.79214 3.86934 3.9484 4.02921 4.11167 4.19568 4.28112 4.36789 4.45585 4.54488 4.63482 4.7255 4.81675 4.90838 5 
4 3.93311 3.86657 3.80037 3.73465 3.66956 3.60525 3.54186 3.47955 3.41844 3.35866 3.30029 3.24344 3.18816 3.13451 3.08256 3.03236 2.98398 2.93749 2.89294 2.85039 2.80987 2.77141 2.73501 2.70067 2.66838 2.63811 2.60987 2.58364 2.55941 2.53719 2.51697 2.49875 2.48252 2.46829 2.45603 2.44574 2.43741 2.43104 2.42661 2.42412 2.42357 2.42495 2.42825 2.43349 2.44066 2.44977 2.46082 2.47382 2.48879 2.50574 2.52469 2.54564 2.56863 2.59366 2.62075 2.64992 2.6812 2.7146 2.75014 2.78787 2.82779 2.86993 2.9143 2.96094 3.00984 3.06102 3.1145 3.17029 3.2284 3.28881 3.35153 3.41653 3.48378 3.55327 3.62495 3.69878 3.77471 3.85268 3.93259 4.01435 4.09784 4.18296 4.26959 4.35762 4.44691 4.53733 4.62872 4.72089 4.81366 4.90683 5 
4 3.93172 3.86382 3.79629 3.72927 3.66293 3.59741 3.53285 3.46941 3.40722 3.34641 3.28712 3.22942 3.17339 3.11908 3.06656 3.01586 2.96704 2.92015 2.87525 2.83238 2.79158 2.75288 2.7163 2.68182 2.64943 2.61912 2.59086 2.56464 2.54044 2.51826 2.49807 2.47989 2.46369 2.44948 2.43724 2.42697 2.41864 2.41226 2.40782 2.4053 2.4047 2.40602 2.40925 2.4144 2.42146 2.43044 2.44135 2.45419 2.46898 2.48574 2.50448 2.52522 2.54797 2.57277 2.59962 2.62856 2.65959 2.69275 2.72807 2.76557 2.80529 2.84724 2.89146 2.93797 2.98678 3.03791 3.09139 3.14722 3.20543 3.266 3.32895 3.39426 3.46191 3.53186 3.6041 3.67858 3.75526 3.83407 3.91492 3.99772 4.08236 4.16872 4.25667 4.34611 4.43688 4.52886 4.62187 4.71571 4.81019 4.90509 5 
4 3.93016 3.86073 3.79169 3.72321 3.65546 3.58859 3.52273 3.45804 3.39467 3.33274 3.2724 3.21374 3.15686 3.10181 3.04864 2.9974 2.9481 2.9008 2.85554 2.81234 2.77127 2.73233 2.69555 2.66092 2.62843 2.59806 2.56979 2.54358 2.51942 2.49729 2.47716 2.45903 2.44288 2.42871 2.4165 2.40625 2.39793 2.39155 2.38709 2.38455 2.38391 2.38517 2.38833 2.39338 2.40033 2.40918 2.41993 2.4326 2.4472 2.46375 2.48226 2.50276 2.52527 2.54981 2.5764 2.60507 2.63584 2.66875 2.70381 2.74107 2.78055 2.8223 2.86633 2.91269 2.96138 3.01245 3.06591 3.12178 3.18008 3.24082 3.30401 3.36965 3.43771 3.50817 3.58101 3.65619 3.73368 3.81341 3.89529 3.97924 4.06514 4.15286 4.24228 4.33328 4.42571 4.51941 4.61422 4.70993 4.80632 4.90315 5 
4 3.92844 3.85729 3.78655 3.71643 3.64709 3.57871 3.51142 3.44537 3.3807 3.31755 3.25606 3.19635 3.13851 3.08263 3.02874 2.97688 2.92708 2.87935 2.83372 2.79022 2.74887 2.7097 2.67273 2.63795 2.60536 2.57493 2.54664 2.52046 2.49634 2.47427 2.45422 2.43616 2.42008 2.40597 2.39381 2.38359 2.3753 2.36893 2.36446 2.36189 2.36121 2.36241 2.36549 2.37045 2.37728 2.38598 2.39658 2.40906 2.42346 2.43978 2.45806 2.4783 2.50053 2.52479 2.55109 2.57947 2.60995 2.64256 2.67734 2.71433 2.75355 2.79506 2.83888 2.88506 2.93362 2.98459 3.03801 3.0939 3.15229 3.21319 3.27663 3.34259 3.41109 3.48208 3.55557 3.63151 3.70986 3.79059 3.8736 3.9588 4.04608 4.1353 4.22633 4.31905 4.4133 4.50892 4.60572 4.7035 4.802 4.90099 5 
4 3.92656 3.85349 3.78086 3.70889 3.63778 3.5677 3.49882 3.43128 3.36521 3.30074 3.23802 3.17716 3.11828 3.06147 3.00679 2.95425 2.9039 2.85571 2.80972 2.76591 2.72431 2.68493 2.64779 2.61288 2.58019 2.54972 2.52142 2.49526 2.4712 2.4492 2.42924 2.41128 2.3953 2.38127 2.36918 2.35901 2.35076 2.3444 2.33993 2.33734 2.33662 2.33777 2.34077 2.34562 2.35232 2.36089 2.37131 2.3836 2.39778 2.41386 2.43187 2.45183 2.47377 2.49772 2.5237 2.55175 2.58191 2.6142 2.64866 2.68534 2.72427 2.7655 2.80908 2.85504 2.90343 2.95428 3.00764 3.06352 3.12198 3.18303 3.2467 3.31301 3.38194 3.4535 3.52766 3.6044 3.68369 3.76549 3.84971 3.93627 4.02504 4.1159 4.20871 4.30331 4.39956 4.4973 4.59631 4.69637 4.79722 4.89859 5 
4 3.92448 3.84929 3.77457 3.70055 3.62746 3.5555 3.48485 3.41566 3.34806 3.28218 3.21814 3.15607 3.09608 3.03827 2.98271 2.92943 2.87847 2.8298 2.78342 2.73933 2.6975 2.65794 2.62066 2.58565 2.5529 2.52239 2.49409 2.46797 2.44398 2.42208 2.40223 2.38439 2.36852 2.3546 2.34261 2.33252 2.32432 2.31799 2.31353 2.31093 2.31017 2.31126 2.31417 2.31892 2.3255 2.3339 2.34414 2.35623 2.37017 2.386 2.40373 2.42338 2.44499 2.4686 2.49423 2.52193 2.55172 2.58365 2.61776 2.65409 2.69268 2.7336 2.77689 2.8226 2.87078 2.92147 2.97472 3.03058 3.08907 3.15025 3.21415 3.28078 3.35017 3.4223 3.49716 3.57475 3.65503 3.73796 3.82348 3.9115 4.0019 4.09454 4.18928 4.28595 4.38441 4.48446 4.5859 4.68848 4.79193 4.89594 5 
4 3.92218 3.84466 3.76764 3.69137 3.61609 3.54203 3.46941 3.3984 3.32912 3.26171 3.19627 3.13292 3.07176 3.0129 2.95641 2.90235 2.85072 2.80154 2.75477 2.71038 2.66835 2.62865 2.59128 2.5562 2.52342 2.49291 2.46465 2.43858 2.41469 2.3929 2.37319 2.35549 2.33976 2.32598 2.31411 2.30412 2.29599 2.28972 2.28528 2.28268 2.28189 2.28291 2.28574 2.29038 2.29682 2.30506 2.3151 2.32697 2.34067 2.35621 2.37364 2.39296 2.41423 2.43746 2.4627 2.49 2.51938 2.55091 2.58461 2.62055 2.65877 2.69933 2.74228 2.78769 2.83561 2.8861 2.93921 2.99499 3.05349 3.11477 3.17886 3.24581 3.31563 3.38834 3.46393 3.5424 3.62372 3.70786 3.79476 3.88435 3.9765 4.07107 4.1679 4.26684 4.36771 4.47031 4.57442 4.67977 4.78608 4.893 5 
4 3.91961 3.83953 3.75999 3.68125 3.60357 3.52722 3.45242 3.37939 3.30827 3.23919 3.17225 3.10756 3.04519 2.98524 2.92779 2.8729 2.82058 2.77084 2.72366 2.67899 2.63678 2.59698 2.55955 2.52448 2.49172 2.46126 2.43306 2.4071 2.38332 2.36167 2.34211 2.32458 2.30902 2.2954 2.28368 2.27382 2.2658 2.2596 2.25521 2.25261 2.2518 2.25276 2.25551 2.26003 2.26632 2.27438 2.28422 2.29585 2.30928 2.32453 2.34163 2.3606 2.38148 2.4043 2.42912 2.45597 2.48491 2.51598 2.54923 2.58472 2.62251 2.66265 2.70521 2.75026 2.79787 2.8481 2.90101 2.95667 3.01514 3.07647 3.14073 3.20796 3.27821 3.35149 3.42782 3.50718 3.58959 3.67499 3.76337 3.85462 3.94865 4.0453 4.14442 4.24582 4.34932 4.45471 4.56175 4.67017 4.77962 4.88976 5 
4 3.91675 3.83384 3.75152 3.67009 3.5898 3.51094 3.43377 3.35851 3.28536 3.21446 3.14592 3.0798 3.01618 2.95513 2.8967 2.84097 2.78794 2.73764 2.69004 2.64508 2.6027 2.56283 2.52541 2.49039 2.45773 2.42738 2.39931 2.37348 2.34986 2.32839 2.30901 2.29167 2.27632 2.26289 2.25135 2.24165 2.23376 2.22766 2.22333 2.22076 2.21993 2.22085 2.22351 2.2279 2.23404 2.24191 2.25153 2.2629 2.27604 2.29097 2.30772 2.3263 2.34677 2.36915 2.3935 2.41987 2.44831 2.47887 2.51161 2.54659 2.58388 2.62354 2.66565 2.71028 2.75751 2.80741 2.86007 2.91555 2.97392 3.03526 3.09964 3.16712 3.23775 3.31159 3.38864 3.46893 3.55245 3.63918 3.72909 3.82212 3.91816 4.01705 4.11864 4.22271 4.32909 4.43753 4.54779 4.65957 4.77249 4.88618 5 
4 3.91356 3.8275 3.74213 3.65774 3.57461 3.49304 3.41329 3.33563 3.26027 3.18738 3.11708 3.04945 2.98453 2.92236 2.86297 2.80641 2.75269 2.70183 2.65381 2.60857 2.56604 2.52614 2.48878 2.45388 2.42138 2.39122 2.36335 2.33773 2.31431 2.29305 2.2739 2.25679 2.24166 2.22846 2.21712 2.20762 2.19989 2.19392 2.18968 2.18715 2.18633 2.1872 2.18978 2.19405 2.20001 2.20768 2.21706 2.22816 2.24099 2.25557 2.27193 2.2901 2.31011 2.33202 2.35586 2.3817 2.40958 2.43957 2.47174 2.50615 2.54288 2.58199 2.62357 2.6677 2.71447 2.76398 2.81629 2.87151 2.92972 2.991 3.05544 3.12312 3.19411 3.26847 3.34623 3.42744 3.51209 3.60019 3.69172 3.78662 3.88479 3.98608 4.09033 4.19731 4.30682 4.41861 4.5324 4.64787 4.76462 4.88222 5 
4 3.91002 3.82047 3.7317 3.64405 3.55782 3.47331 3.3908 3.31055 3.2328 3.15777 3.08558 3.01633 2.95004 2.88672 2.82639 2.76904 2.71468 2.6633 2.61489 2.5694 2.52676 2.48686 2.4496 2.41488 2.38262 2.35273 2.32514 2.2998 2.27666 2.25568 2.23679 2.21994 2.20508 2.19213 2.18103 2.17175 2.16421 2.1584 2.15427 2.15182 2.15102 2.15186 2.15436 2.1585 2.1643 2.17175 2.18087 2.19167 2.20416 2.21836 2.23431 2.25202 2.27155 2.29293 2.31621 2.34146 2.36874 2.39811 2.42964 2.4634 2.49949 2.53797 2.57893 2.62248 2.66871 2.71772 2.76961 2.82449 2.88245 2.94359 3.00801 3.07582 3.1471 3.22193 3.30038 3.38249 3.46829 3.5578 3.65099 3.74785 3.84828 3.95214 4.05925 4.16938 4.2823 4.39775 4.51542 4.63495 4.75592 4.87785 5 
4 3.90612 3.81268 3.72014 3.62887 3.53923 3.45153 3.36604 3.28303 3.20275 3.12543 3.05122 2.98023 2.9125 2.84801 2.78675 2.72866 2.67372 2.6219 2.57317 2.52749 2.48477 2.44491 2.40781 2.37335 2.3414 2.31185 2.28464 2.25967 2.2369 2.21626 2.1977 2.18117 2.1666 2.15393 2.14311 2.13407 2.12676 2.12113 2.11715 2.11479 2.11403 2.11487 2.11729 2.12132 2.12694 2.13416 2.14301 2.15348 2.16561 2.1794 2.19489 2.21211 2.2311 2.25191 2.27459 2.2992 2.3258 2.35447 2.38529 2.41834 2.4537 2.49146 2.53173 2.5746 2.62018 2.66859 2.71995 2.77438 2.83198 2.89288 2.9572 3.02505 3.09654 3.17179 3.25087 3.33385 3.42079 3.51171 3.60663 3.70553 3.80834 3.91492 4.0251 4.13864 4.25528 4.37473 4.49666 4.62067 4.7463 4.873 5 
4 3.90181 3.80407 3.70733 3.61204 3.51862 3.42741 3.3387 3.25276 3.16982 3.09009 3.01376 2.94095 2.8717 2.80601 2.74382 2.68504 2.62961 2.57745 2.52851 2.48272 2.44 2.40026 2.36338 2.32923 2.29767 2.26857 2.24182 2.21732 2.195 2.17479 2.15663 2.14048 2.12626 2.11392 2.1034 2.09464 2.08758 2.08216 2.07834 2.0761 2.07541 2.07625 2.07862 2.08253 2.08797 2.09497 2.10352 2.11365 2.12538 2.13873 2.15373 2.17041 2.18882 2.209 2.23101 2.25492 2.28078 2.30869 2.33872 2.37096 2.4055 2.44245 2.48191 2.524 2.56883 2.61653 2.66724 2.72109 2.77822 2.83876 2.90285 2.97063 3.04224 3.1178 3.19744 3.28125 3.3693 3.46164 3.55832 3.65933 3.76463 3.8741 3.98756 4.10478 4.22546 4.34928 4.47589 4.60484 4.73562 4.86763 5 
4 3.89703 3.79453 3.69314 3.5934 3.49578 3.40069 3.30848 3.21939 3.13364 3.05143 2.97292 2.89823 2.82743 2.7605 2.69739 2.63798 2.58214 2.52976 2.48073 2.43497 2.39237 2.35284 2.31627 2.28251 2.25141 2.22284 2.19664 2.17271 2.15095 2.13127 2.11361 2.0979 2.08409 2.07213 2.06196 2.0535 2.04671 2.04153 2.03791 2.0358 2.0352 2.03606 2.03839 2.04219 2.04746 2.05421 2.06246 2.07223 2.08354 2.09641 2.11087 2.12697 2.14475 2.16425 2.18553 2.20866 2.23372 2.26078 2.28993 2.32127 2.3549 2.39093 2.42948 2.47066 2.51462 2.56148 2.6114 2.66454 2.72105 2.78109 2.84481 2.91239 2.98398 3.05975 3.13984 3.22439 3.3135 3.40724 3.50569 3.60887 3.71676 3.82928 3.94624 4.06741 4.19248 4.32109 4.45285 4.58726 4.72375 4.86165 5 
4 3.89167 3.7839 3.67738 3.57271 3.47046 3.3711 3.27502 3.18253 3.09382 3.00905 2.92833 2.85176 2.77941 2.71126 2.64726 2.58726 2.53111 2.47863 2.42967 2.38409 2.34176 2.30258 2.26643 2.23316 2.20262 2.17466 2.14912 2.12585 2.10475 2.0857 2.06862 2.05346 2.04014 2.02861 2.01883 2.01072 2.00423 1.9993 1.99589 1.99395 1.99344 1.99435 1.99665 2.00035 2.00544 2.01195 2.01989 2.02928 2.04013 2.05249 2.06639 2.08186 2.09894 2.1177 2.13819 2.16048 2.18464 2.21077 2.23895 2.26929 2.3019 2.3369 2.3744 2.41455 2.45749 2.50338 2.55237 2.60464 2.66036 2.71973 2.78292 2.85013 2.92156 2.99738 3.07779 3.16297 3.25304 3.34814 3.44834 3.55373 3.6643 3.78001 3.9007 4.02612 4.15595 4.2898 4.42722 4.56768 4.71052 4.85498 5 
4 3.88564 3.77199 3.65978 3.54969 3.44234 3.33828 3.23798 3.14178 3.0499 2.96247 2.87954 2.80115 2.72732 2.65802 2.59319 2.53269 2.47632 2.42387 2.37514 2.32992 2.28805 2.24939 2.21381 2.18115 2.15128 2.12404 2.09924 2.07674 2.0564 2.03808 2.0217 2.00717 1.99443 1.98341 1.97407 1.96635 1.9602 1.95556 1.95238 1.95061 1.95022 1.95117 1.95346 1.95706 1.96199 1.96825 1.97586 1.98485 1.99523 2.00705 2.02033 2.03512 2.05146 2.06942 2.08904 2.11041 2.1336 2.1587 2.18582 2.21505 2.24652 2.28035 2.31668 2.35566 2.39743 2.44217 2.49006 2.54128 2.59604 2.65456 2.71703 2.78368 2.85474 2.93043 3.01099 3.09663 3.18755 3.2839 3.38582 3.49342 3.60674 3.72578 3.85041 3.98039 4.11538 4.25496 4.39863 4.54579 4.69571 4.8475 5 
4 3.87882 3.75856 3.64 3.52392 3.41099 3.30182 3.19693 3.09671 3.00144 2.91123 2.82608 2.74594 2.67076 2.60046 2.53493 2.47404 2.41759 2.36532 2.31697 2.27231 2.2311 2.19316 2.15833 2.12646 2.0974 2.07098 2.04704 2.0254 2.00592 1.98844 1.97286 1.95907 1.94699 1.93657 1.92775 1.92048 1.9147 1.91038 1.90745 1.90587 1.90561 1.90662 1.90889 1.9124 1.91715 1.92316 1.93044 1.939 1.94889 1.96013 1.97276 1.98682 2.00237 2.01946 2.03815 2.05852 2.08065 2.10463 2.13057 2.15858 2.18879 2.22132 2.25633 2.29397 2.3344 2.37782 2.42442 2.4744 2.52799 2.58542 2.64695 2.71282 2.78329 2.85863 2.93912 3.02503 3.11661 3.21407 3.31761 3.42738 3.5435 3.66598 3.79476 3.92961 4.07019 4.21604 4.36662 4.52124 4.67907 4.8391 5 
4 3.87113 3.74337 3.61767 3.49492 3.37586 3.26115 3.15133 3.04682 2.94794 2.85482 2.76743 2.68563 2.60927 2.53818 2.47218 2.4111 2.35474 2.30281 2.25504 2.21113 2.17079 2.1338 2.09994 2.06905 2.04096 2.01551 1.99254 1.97188 1.95335 1.93682 1.92213 1.90918 1.89787 1.88814 1.87991 1.87315 1.86781 1.86384 1.86119 1.85982 1.85969 1.86077 1.86302 1.86644 1.87103 1.87677 1.8837 1.89183 1.90119 1.91182 1.92375 1.93704 1.95173 1.96789 1.98557 2.00486 2.02584 2.04861 2.07326 2.09993 2.12874 2.15983 2.19336 2.22949 2.26841 2.31031 2.3554 2.40391 2.45609 2.51221 2.57253 2.63735 2.70696 2.78169 2.86185 2.94778 3.03978 3.13816 3.24316 3.35502 3.4739 3.59991 3.73302 3.87306 4.01969 4.17242 4.33063 4.49357 4.66028 4.8296 5 
4 3.86242 3.72616 3.59236 3.4621 3.33627 3.21555 3.10048 2.99147 2.88884 2.79271 2.70307 2.61971 2.54237 2.47074 2.40457 2.34359 2.28757 2.23621 2.18922 2.14627 2.10703 2.07121 2.03856 2.00886 1.98195 1.95764 1.93579 1.91622 1.89876 1.88326 1.86957 1.85756 1.84711 1.83816 1.83062 1.82444 1.81959 1.81602 1.81368 1.81255 1.81257 1.81372 1.81596 1.81929 1.82369 1.82917 1.83573 1.8434 1.85221 1.86219 1.87339 1.88585 1.89963 1.91478 1.93138 1.94951 1.96924 1.99069 2.01395 2.03915 2.06642 2.09592 2.1278 2.16225 2.19945 2.23962 2.28297 2.32977 2.38028 2.4348 2.49362 2.55708 2.62552 2.69931 2.77882 2.86445 2.95659 3.05561 3.16185 3.27563 3.39721 3.52676 3.66436 3.80989 3.96303 4.12329 4.28998 4.46223 4.63896 4.8188 5 
4 3.85253 3.70658 3.56357 3.42483 3.29142 3.16412 3.04348 2.92984 2.82341 2.72431 2.63247 2.54767 2.46956 2.3977 2.3317 2.27119 2.21585 2.16537 2.11942 2.07767 2.03975 2.00534 1.97413 1.94588 1.92036 1.89739 1.87682 1.85848 1.84221 1.82785 1.81525 1.80427 1.79478 1.78669 1.77992 1.77441 1.77012 1.767 1.76502 1.76415 1.76434 1.76557 1.76781 1.77104 1.77525 1.78044 1.78663 1.79382 1.80204 1.81134 1.82176 1.83334 1.84614 1.86023 1.87566 1.89253 1.91093 1.93094 1.95269 1.97629 2.00189 2.02964 2.0597 2.09227 2.12755 2.16575 2.20713 2.25195 2.3005 2.35309 2.41008 2.47183 2.53873 2.6112 2.68967 2.77462 2.86651 2.96582 3.07299 3.18845 3.31255 3.44561 3.58779 3.73908 3.89922 4.0677 4.24379 4.42652 4.6146 4.80645 5 
4 3.84114 3.68411 3.53064 3.38232 3.24042 3.10589 2.97929 2.86089 2.75076 2.64884 2.55502 2.469 2.39038 2.31863 2.25319 2.19357 2.13934 2.09011 2.04554 2.00527 1.96893 1.93617 1.90665 1.88007 1.85618 1.83478 1.81568 1.79874 1.78379 1.77068 1.75926 1.74939 1.74095 1.73381 1.7279 1.72313 1.71947 1.71687 1.7153 1.71472 1.7151 1.71643 1.71866 1.7218 1.72581 1.73071 1.73649 1.74318 1.7508 1.75938 1.76897 1.77962 1.79138 1.80432 1.81852 1.83404 1.85099 1.86946 1.88956 1.91143 1.9352 1.96104 1.9891 2.0196 2.05273 2.08874 2.12787 2.17042 2.21669 2.26703 2.32181 2.38145 2.44638 2.51708 2.59405 2.67783 2.769 2.86814 2.97582 3.09259 3.21895 3.35536 3.50214 3.6594 3.827 4.00446 4.19101 4.38554 4.58657 4.7922 5 
4 3.82787 3.65807 3.49266 3.33354 3.18219 3.0397 2.90673 2.78346 2.66978 2.56539 2.46998 2.38314 2.30439 2.23312 2.16868 2.11042 2.05777 2.01026 1.96747 1.92904 1.89458 1.86373 1.83614 1.81148 1.78945 1.76983 1.75242 1.73705 1.72357 1.71184 1.70171 1.69305 1.68572 1.67962 1.67463 1.67069 1.66773 1.66571 1.66459 1.66435 1.66496 1.66639 1.66864 1.67167 1.67549 1.68007 1.68544 1.6916 1.69858 1.70641 1.71514 1.7248 1.73546 1.74719 1.76006 1.77414 1.78953 1.80634 1.82468 1.84466 1.86645 1.8902 1.91608 1.94429 1.97505 2.0086 2.04521 2.08518 2.12884 2.17655 2.22872 2.2858 2.34828 2.41669 2.49161 2.57366 2.66353 2.76191 2.86952 2.98709 3.11529 3.25476 3.40602 3.56939 3.74487 3.93209 4.13026 4.33815 4.55403 4.77563 5 
4 3.81222 3.62749 3.44835 3.27706 3.11529 2.9642 2.82446 2.69625 2.57925 2.47287 2.37647 2.28942 2.2111 2.14083 2.07787 2.02147 1.97093 1.92564 1.88511 1.84893 1.8167 1.78806 1.76266 1.74015 1.72022 1.70261 1.6871 1.67349 1.66165 1.65144 1.64271 1.63535 1.62922 1.62422 1.62023 1.61717 1.61498 1.6136 1.61299 1.61313 1.614 1.61557 1.61783 1.62077 1.62438 1.62865 1.63358 1.6392 1.64551 1.65255 1.66036 1.669 1.6785 1.68895 1.70041 1.71296 1.7267 1.74172 1.75815 1.77611 1.79575 1.81723 1.84072 1.86642 1.89457 1.9254 1.95919 1.99626 2.03694 2.08163 2.13075 2.18478 2.24428 2.30982 2.38205 2.4617 2.54954 2.64643 2.75325 2.87092 3.00033 3.14236 3.2978 3.46725 3.65096 3.84872 4.0598 4.28286 4.5159 4.75616 5 
4 3.7936 3.59119 3.39605 3.21095 3.03774 2.87756 2.73093 2.59787 2.47789 2.37011 2.2735 2.18708 2.10999 2.04141 1.98055 1.92656 1.87867 1.83614 1.79839 1.76492 1.73532 1.70924 1.68631 1.6662 1.6486 1.63321 1.6198 1.60816 1.59814 1.58959 1.5824 1.57644 1.57159 1.56776 1.56482 1.56271 1.56134 1.56065 1.5606 1.56117 1.56233 1.56406 1.56636 1.56921 1.57261 1.57655 1.58103 1.58607 1.59169 1.59791 1.60478 1.61233 1.62062 1.62972 1.6397 1.65063 1.66261 1.67574 1.69013 1.70592 1.72324 1.74226 1.76316 1.78613 1.8114 1.83923 1.86989 1.9037 1.94103 1.98226 2.02785 2.07832 2.13424 2.19626 2.2651 2.34156 2.42654 2.52104 2.62613 2.74296 2.8727 3.01653 3.17558 3.35084 3.54293 3.75196 3.97734 4.2177 4.4707 4.73298 5 
4 3.77118 3.54759 3.33362 3.13271 2.94698 2.77741 2.6241 2.48668 2.36437 2.25597 2.16009 2.07532 2.00047 1.9345 1.8765 1.82559 1.78092 1.74171 1.70726 1.67701 1.6505 1.62735 1.60721 1.58977 1.57471 1.56176 1.55064 1.54116 1.53313 1.52641 1.52089 1.51644 1.51297 1.51037 1.50856 1.50744 1.50693 1.50698 1.50754 1.50858 1.51006 1.51199 1.51434 1.51711 1.52029 1.52389 1.52791 1.53236 1.53726 1.54262 1.5485 1.55492 1.56195 1.56964 1.57805 1.58728 1.59741 1.60854 1.62077 1.63424 1.64909 1.66547 1.68356 1.70356 1.7257 1.75023 1.77743 1.80763 1.84119 1.87851 1.92006 1.96639 2.0181 2.07588 2.14051 2.2129 2.29404 2.38508 2.48729 2.60209 2.73095 2.87544 3.03716 3.21759 3.41792 3.63875 3.87987 4.13995 4.41638 4.705 5 
4 3.7437 3.49449 3.25821 3.03919 2.83978 2.66072 2.50143 2.36071 2.23721 2.12933 2.03533 1.95341 1.88198 1.81972 1.76554 1.71851 1.67774 1.64242 1.61181 1.58528 1.56231 1.5425 1.5255 1.51101 1.49874 1.48842 1.47979 1.47264 1.46677 1.46204 1.45831 1.4555 1.4535 1.45223 1.45159 1.45152 1.45192 1.45275 1.45395 1.45549 1.45733 1.45947 1.46189 1.46459 1.46756 1.47081 1.47435 1.47818 1.48233 1.4868 1.49165 1.4969 1.5026 1.50882 1.51561 1.52306 1.53124 1.54026 1.55022 1.56123 1.57345 1.58702 1.60211 1.61892 1.63767 1.65861 1.68202 1.70822 1.73758 1.77051 1.80749 1.84906 1.89585 1.9486 2.00814 2.07544 2.15161 2.23793 2.33589 2.44714 2.57355 2.71713 2.88004 3.06446 3.27236 3.50517 3.76334 4.04591 4.35004 4.67061 5 
4 3.70917 3.42845 3.16575 2.92622 2.71221 2.52393 2.35984 2.21758 2.09474 1.98909 1.89848 1.8208 1.75412 1.6968 1.64755 1.60532 1.56921 1.53842 1.51218 1.48986 1.47089 1.45484 1.44134 1.43011 1.42088 1.4134 1.40743 1.40277 1.39921 1.3966 1.39483 1.39377 1.39334 1.39348 1.39409 1.39511 1.39647 1.39811 1.39998 1.40204 1.40427 1.40664 1.40915 1.41178 1.41455 1.41745 1.4205 1.42369 1.42705 1.4306 1.43437 1.4384 1.44273 1.44741 1.45251 1.4581 1.46425 1.47106 1.47862 1.48706 1.4965 1.50708 1.51899 1.53239 1.5475 1.56457 1.58387 1.6057 1.63044 1.65849 1.69033 1.72649 1.76764 1.81451 1.86798 1.92907 1.99898 2.07912 2.17115 2.27701 2.39893 2.53946 2.70142 2.88787 3.1019 3.34617 3.62234 3.93034 4.26744 4.6274 5 
4 3.66452 3.34423 3.05008 2.78792 2.55927 2.36295 2.19605 2.05471 1.93513 1.8341 1.74891 1.67716 1.61669 1.56564 1.5225 1.48611 1.45551 1.42992 1.40863 1.391 1.37646 1.36456 1.35492 1.34726 1.34133 1.33691 1.33378 1.33175 1.33064 1.33029 1.33058 1.33139 1.33265 1.33427 1.3362 1.33838 1.34073 1.34322 1.34579 1.34841 1.35104 1.35366 1.35627 1.35885 1.36141 1.36396 1.36649 1.36903 1.37159 1.37418 1.37684 1.37959 1.38249 1.38558 1.38891 1.39256 1.39659 1.40109 1.40615 1.41188 1.4184 1.42585 1.43438 1.44417 1.45541 1.46834 1.48322 1.50033 1.52004 1.54273 1.56887 1.59898 1.63372 1.67382 1.72018 1.77384 1.83607 1.90835 1.99252 2.09075 2.20564 2.34027 2.49826 2.68373 2.90121 3.15521 3.44945 3.7857 4.16218 4.57162 5 
4 3.60481 3.23369 2.90211 2.61596 2.37434 2.17302 2.00668 1.86968 1.75671 1.66333 1.58613 1.52238 1.46979 1.42639 1.39058 1.36107 1.33689 1.31724 1.30148 1.28901 1.27931 1.27192 1.26648 1.26269 1.26032 1.25917 1.25906 1.25982 1.26128 1.26331 1.26576 1.26855 1.27157 1.27478 1.2781 1.28149 1.28489 1.28826 1.29156 1.29475 1.2978 1.30069 1.30341 1.30595 1.30831 1.31049 1.31251 1.31438 1.3161 1.3177 1.31921 1.32065 1.32207 1.3235 1.325 1.32663 1.32845 1.33054 1.33299 1.3359 1.33936 1.34352 1.34851 1.35449 1.36164 1.37017 1.38033 1.39239 1.40667 1.42354 1.44345 1.46689 1.49447 1.52692 1.5651 1.61007 1.66309 1.7257 1.79981 1.88778 1.99253 2.11764 2.26752 2.44752 2.66398 2.92396 3.23447 3.60087 4.02418 4.49705 5 
4 3.52132 3.08372 2.70849 2.39901 2.14894 1.94849 1.78838 1.66059 1.55836 1.4762 1.40998 1.35663 1.31378 1.27951 1.25221 1.23061 1.21371 1.20075 1.19111 1.18429 1.17981 1.17727 1.17632 1.17667 1.17811 1.18044 1.18353 1.18721 1.19136 1.19586 1.20057 1.20542 1.2103 1.21516 1.21995 1.22461 1.2291 1.2334 1.23745 1.24124 1.24473 1.2479 1.25074 1.25324 1.2554 1.25722 1.25872 1.2599 1.26077 1.26136 1.26168 1.26177 1.26166 1.26138 1.26098 1.26052 1.26005 1.25965 1.25938 1.25934 1.25962 1.26034 1.26161 1.26359 1.26644 1.27034 1.2755 1.28218 1.29067 1.30129 1.31445 1.33061 1.35033 1.37427 1.40326 1.43827 1.48053 1.53157 1.59328 1.66808 1.75907 1.87021 2.0066 2.1748 2.38319 2.64211 2.96347 3.3591 3.83682 4.39262 5 
4 3.39683 2.87162 2.44931 2.12254 1.87338 1.68349 1.53807 1.42622 1.33986 1.27292 1.22087 1.18046 1.14933 1.12568 1.10808 1.09533 1.08652 1.08092 1.07798 1.07726 1.07838 1.08098 1.08478 1.08951 1.09496 1.10098 1.10742 1.11417 1.12113 1.12819 1.13524 1.14222 1.14902 1.15561 1.16191 1.1679 1.17354 1.1788 1.18364 1.18805 1.19199 1.19545 1.19842 1.20089 1.20286 1.20432 1.20529 1.20577 1.20578 1.20533 1.20445 1.20315 1.20146 1.19943 1.19708 1.19446 1.19163 1.18865 1.18557 1.18248 1.17945 1.17659 1.174 1.17181 1.17015 1.16918 1.16909 1.17009 1.17244 1.17641 1.18235 1.19068 1.20186 1.21649 1.23529 1.25914 1.28916 1.32673 1.37365 1.43222 1.50551 1.59758 1.71391 1.86195 2.05194 2.29785 2.6181 3.03516 3.57155 4.23685 5 
4 3.19416 2.55657 2.09481 1.76884 1.53843 1.37366 1.25415 1.16656 1.10209 1.05467 1.01999 0.994974 0.977469 0.96591 0.959095 0.956058 0.956018 0.958361 0.962616 0.968419 0.975465 0.98349 0.992255 1.00155 1.0112 1.02105 1.03101 1.04096 1.05083 1.06054 1.07001 1.07917 1.08796 1.09631 1.10419 1.11156 1.11838 1.12464 1.1303 1.13535 1.13977 1.14353 1.14664 1.14908 1.15086 1.15196 1.15239 1.15217 1.1513 1.1498 1.14768 1.14497 1.14168 1.13785 1.1335 1.12868 1.12343 1.11779 1.11183 1.10559 1.09916 1.09261 1.08602 1.0795 1.07316 1.06713 1.06156 1.05662 1.05251 1.04947 1.04777 1.04775 1.04979 1.05438 1.06209 1.07368 1.09005 1.11239 1.14221 1.18155 1.23313 1.30069 1.38953 1.50722 1.66493 1.87944 2.17606 2.59199 3.17762 3.98353 5 
4 2.8231 2.06521 1.6045 1.31974 1.13795 1.01844 0.938207 0.883876 0.847412 0.823717 0.809345 0.801883 0.799642 0.801429 0.806365 0.813763 0.823063 0.833812 0.845656 0.858318 0.87158 0.885254 0.899175 0.91319 0.927167 0.940992 0.954574 0.967839 0.980722 0.993166 1.00512 1.01652 1.02733 1.0375 1.04699 1.05577 1.06382 1.0711 1.07761 1.08332 1.08823 1.09232 1.09557 1.09799 1.09957 1.10031 1.10021 1.09927 1.09751 1.09495 1.09158 1.08742 1.0825 1.07684 1.07046 1.06339 1.05567 1.04732 1.03841 1.02896 1.01904 1.0087 0.998006 0.987041 0.975885 0.964635 0.9534 0.942307 0.931503 0.921158 0.911473 0.902688 0.895088 0.889017 0.884901 0.88327 0.884796 0.890345 0.901045 0.918413 0.944529 0.982336 1.03612 1.11232 1.22107 1.37903 1.6148 1.97926 2.56377 3.52011 5 
4 2.03339 1.27629 0.937968 0.767698 0.675335 0.62391 0.596185 0.583212 0.579975 0.583468 0.591749 0.603478 0.61771 0.633774 0.651185 0.669571 0.688632 0.708118 0.727823 0.747585 0.767272 0.786775 0.805997 0.82485 0.843254 0.861134 0.878429 0.895087 0.911061 0.926314 0.940808 0.954509 0.967384 0.979401 0.990532 1.00075 1.01004 1.01838 1.02576 1.03216 1.03757 1.04199 1.0454 1.0478 1.04918 1.04955 1.04891 1.04726 1.0446 1.04095 1.03631 1.0307 1.02412 1.0166 1.00815 0.998792 0.988553 0.977457 0.965533 0.952815 0.939337 0.92514 0.910268 0.89477 0.8787 0.862119 0.845094 0.827705 0.810038 0.792194 0.774291 0.756467 0.738883 0.721734 0.705256 0.68974 0.675555 0.663175 0.653217 0.646512 0.644208 0.647951 0.660189 0.684728 0.727839 0.800646 0.924685 1.14626 1.57807 2.5333 5 
0 0.0345161 0.0689911 0.103384 0.137654 0.171759 0.20566 0.239316 0.272686 0.305732 0.338413 0.370691 0.402527 0.433884 0.464723 0.495009 0.524704 0.553775 0.582185 0.609902 0.636892 0.663123 0.688563 0.713183 0.736953 0.759845 0.781831 0.802886 0.822984 0.842101 0.860214 0.877303 0.893346 0.908324 0.92222 0.935016 0.946699 0.957253 0.966666 0.974928 0.982028 0.987957 0.992709 0.996278 0.998659 0.999851 0.999851 0.998659 0.996278 0.992709 0.987957 0.982028 0.974928 0.966666 0.957253 0.946699 0.935016 0.92222 0.908324 0.893346 0.877303 0.860214 0.842101 0.822984 0.802886 0.781831 0.759845 0.736953 0.713183 0.688563 0.663123 0.636892 0.609902 0.582185 0.553775 0.524704 0.495009 0.464723 0.433884 0.402527 0.370691 0.338413 0.305732 0.272686 0.239316 0.20566 0.171759 0.137654 0.103384 0.0689911 0.0345161 0 
