C h:0.0285714
C GRID SIZE:36
C N:34
0 0.000816327 0.00326531 0.00734694 0.0130612 0.0204082 0.0293878 0.04 0.0522449 0.0661224 0.0816327 0.0987755 0.117551 0.137959 0.16 0.183673 0.20898 0.235918 0.26449 0.294694 0.326531 0.36 0.395102 0.431837 0.470204 0.510204 0.551837 0.595102 0.64 0.686531 0.734694 0.78449 0.835918 0.88898 0.943673 1 
4 2.00469 1.2196 0.854562 0.659208 0.543487 0.470495 0.423144 0.39264 0.374053 0.364438 0.361944 0.365365 0.373887 0.386956 0.404189 0.42533 0.450214 0.478759 0.510961 0.5469 0.586744 0.630756 0.679317 0.732975 0.792545 0.859259 0.934997 1.0227 1.12725 1.25741 1.43032 1.68289 2.10519 2.94752 5 
4 2.79834 2.016 1.53212 1.22568 1.02376 0.885874 0.78934 0.721014 0.672934 0.640088 0.619214 0.608126 0.605333 0.609803 0.620827 0.63793 0.660813 0.689327 0.723464 0.763365 0.809336 0.861872 0.921697 0.989837 1.06777 1.15769 1.2629 1.38842 1.54219 1.7373 1.99643 2.36013 2.90125 3.741 5 
4 3.17264 2.51392 2.03221 1.68757 1.43998 1.25988 1.12731 1.02912 0.956558 0.903754 0.866696 0.842608 0.829541 0.826127 0.831415 0.844763 0.865774 0.89425 0.930181 0.973752 1.02537 1.08571 1.15575 1.23688 1.33103 1.44094 1.57064 1.72604 1.91589 2.15328 2.45807 2.85994 3.39888 4.11511 5 
4 3.37819 2.83479 2.39523 2.05243 1.78872 1.58637 1.43096 1.31162 1.22044 1.15168 1.10123 1.06609 1.04413 1.0338 1.03399 1.04398 1.0633 1.09172 1.12925 1.17609 1.23271 1.29989 1.37875 1.47088 1.57843 1.70433 1.85266 2.02915 2.24183 2.50158 2.82271 3.22282 3.71963 4.32054 5 
4 3.5052 3.05179 2.66151 2.33823 2.07611 1.86594 1.69854 1.56598 1.46189 1.3813 1.32043 1.2764 1.2471 1.23095 1.22681 1.2339 1.25174 1.2801 1.31898 1.36861 1.42949 1.5024 1.58851 1.68945 1.80739 1.94517 2.1065 2.29627 2.5209 2.78842 3.10805 3.48879 3.9365 4.44748 5 
4 3.5907 3.20561 2.86084 2.56294 2.31158 2.10279 1.93132 1.7919 1.67984 1.59118 1.52273 1.47196 1.4369 1.41608 1.40839 1.41309 1.42968 1.45796 1.49793 1.54984 1.61418 1.6917 1.7835 1.89112 2.01656 2.16238 2.33173 2.52849 2.75728 3.02342 3.33224 3.68767 4.09007 4.53285 5 
4 3.65184 3.31905 3.01333 2.74117 2.50452 2.30236 2.13208 1.99049 1.87439 1.78084 1.70733 1.65175 1.61242 1.58802 1.57757 1.58036 1.59595 1.62414 1.66495 1.71862 1.78562 1.86665 1.96269 2.07507 2.2055 2.35613 2.5295 2.72849 2.95623 3.21584 3.50997 3.83971 4.2032 4.59383 5 
4 3.69744 3.40532 3.13226 2.8839 2.66301 2.47009 2.30421 2.16365 2.04641 1.95048 1.87397 1.81525 1.77295 1.74598 1.73347 1.73482 1.74963 1.77773 1.81914 1.87409 1.94301 2.02653 2.12548 2.24096 2.37435 2.5273 2.70173 2.89968 3.1231 3.37362 3.65214 3.95821 4.28918 4.63928 5 
4 3.73247 3.47246 3.22644 2.99917 2.79354 2.61081 2.45103 2.31352 2.19717 2.1007 2.02282 1.96232 1.91815 1.88943 1.87548 1.87579 1.89002 1.91803 1.95983 2.01565 2.08584 2.17095 2.27168 2.3889 2.52364 2.67709 2.85059 3.04545 3.26279 3.50326 3.76671 4.0519 4.356 4.67416 5 
4 3.75991 3.52552 3.30181 3.09278 2.90117 2.72856 2.5756 2.44225 2.32807 2.23235 2.15428 2.09304 2.04787 2.0181 2.00321 2.00281 2.01662 2.04453 2.08657 2.14289 2.21382 2.2998 2.40139 2.51925 2.65413 2.80683 2.97816 3.16886 3.37941 3.60985 3.85947 4.12668 4.4087 4.70145 5 
4 3.78166 3.56783 3.36247 3.16895 2.98978 2.82666 2.68054 2.55183 2.44053 2.34638 2.26893 2.2077 2.16216 2.13188 2.11645 2.11559 2.1291 2.15691 2.19902 2.25558 2.32683 2.41312 2.51488 2.63258 2.76675 2.91786 3.08633 3.27244 3.47623 3.69729 3.93466 4.18661 4.45055 4.72299 5 
4 3.79896 3.60164 3.41126 3.23071 3.0623 2.90771 2.76807 2.64402 2.53589 2.44372 2.36739 2.30665 2.26121 2.23078 2.2151 2.21398 2.22728 2.25496 2.29703 2.3536 2.42486 2.51105 2.61249 2.72951 2.86242 3.01147 3.17679 3.35833 3.55578 3.76849 3.99532 4.23455 4.4838 4.74003 5 
4 3.81266 3.62848 3.45019 3.28031 3.12096 2.97377 2.83994 2.72028 2.6153 2.52528 2.45031 2.39034 2.34527 2.31494 2.2992 2.29794 2.31108 2.3386 2.38052 2.43694 2.50797 2.59379 2.69461 2.81062 2.94199 3.08879 3.25097 3.42823 3.62005 3.8256 4.04364 4.27249 4.50996 4.75339 5 
4 3.82336 3.64946 3.48071 3.31938 3.16742 3.02641 2.89757 2.78181 2.67975 2.59182 2.51826 2.45919 2.41462 2.38453 2.36884 2.36751 2.38051 2.40783 2.44951 2.50563 2.57626 2.66153 2.76156 2.87643 3.00619 3.1508 3.31004 3.48352 3.67055 3.8702 4.08116 4.30181 4.5301 4.76364 5 
4 3.83144 3.66533 3.50386 3.3491 3.20291 3.06682 2.94206 2.82957 2.73004 2.64399 2.57177 2.51358 2.46956 2.43975 2.42415 2.42278 2.43562 2.4627 2.50407 2.55977 2.62989 2.7145 2.81365 2.92736 3.05559 3.19821 3.35492 3.52523 3.70841 3.90344 4.10899 4.32347 4.54493 4.77117 5 
4 3.83718 3.6766 3.52033 3.37032 3.22834 3.09589 2.97421 2.86427 2.76678 2.68231 2.61124 2.55386 2.51034 2.4808 2.4653 2.46386 2.47652 2.50331 2.54429 2.5995 2.66902 2.75289 2.85114 2.96375 3.09063 3.23157 3.38624 3.55411 3.73441 3.92611 4.12787 4.33809 4.55491 4.77623 5 
4 3.84073 3.68359 3.53058 3.38358 3.2443 3.11423 2.99462 2.88644 2.79043 2.70714 2.637 2.58028 2.53719 2.50788 2.49243 2.4909 2.50333 2.52978 2.57029 2.62493 2.69378 2.77687 2.87424 2.98584 3.11157 3.2512 3.40439 3.5706 3.74905 3.9387 4.13824 4.34606 4.56032 4.77896 5 
4 3.84216 3.68644 3.53483 3.38916 3.25112 3.1222 3.00363 2.89641 2.80128 2.71877 2.64926 2.59304 2.55029 2.52115 2.5057 2.50403 2.51618 2.54221 2.58218 2.63618 2.70429 2.78656 2.88306 2.99375 3.11855 3.25727 3.40955 3.57487 3.7525 3.94142 4.14029 4.34753 4.56126 4.77942 5 
4 3.8415 3.68518 3.5331 3.3871 3.24887 3.11989 3.00139 2.89435 2.79949 2.71732 2.64818 2.59227 2.54976 2.52072 2.50525 2.50338 2.51519 2.54073 2.58009 2.63335 2.70063 2.78203 2.87765 2.98751 3.11158 3.24972 3.40164 3.56687 3.74471 3.93417 4.13396 4.34244 4.55769 4.77758 5 
4 3.83871 3.67972 3.52525 3.37722 3.23737 3.10716 2.98779 2.88019 2.78506 2.70284 2.63379 2.57805 2.53569 2.50673 2.49119 2.4891 2.50051 2.52548 2.56411 2.61652 2.68286 2.76329 2.85797 2.96702 3.09049 3.22835 3.3804 3.54626 3.72531 3.91662 4.11891 4.33051 4.54941 4.77333 5 
4 3.83366 3.66982 3.51093 3.35911 3.21617 3.08357 2.96246 2.85368 2.75782 2.67523 2.60609 2.55042 2.50817 2.47928 2.46368 2.46134 2.4723 2.4966 2.53437 2.58577 2.651 2.73029 2.8239 2.93207 3.05499 3.19275 3.34532 3.51246 3.69367 3.88811 4.09453 4.31122 4.53604 4.76648 5 
4 3.82612 3.65505 3.48958 3.33211 3.18456 3.04844 2.92478 2.8143 2.7174 2.63428 2.56497 2.50936 2.46726 2.43847 2.42285 2.42028 2.43074 2.45428 2.49103 2.54121 2.60508 2.68297 2.77526 2.88235 3.00459 3.1423 3.29564 3.46457 3.6488 3.84763 4.05986 4.28374 4.51696 4.7567 5 
4 3.8157 3.63473 3.46034 3.29522 3.14152 3.00075 2.87385 2.7613 2.66324 2.57963 2.51026 2.45484 2.41303 2.38448 2.36892 2.36615 2.37607 2.39874 2.43428 2.48296 2.54513 2.62124 2.71181 2.81744 2.9387 3.07618 3.23032 3.40139 3.58936 3.79375 4.01352 4.24688 4.49129 4.74351 5 
4 3.80185 3.60786 3.42187 3.24701 3.08561 2.93918 2.80849 2.69371 2.59462 2.51079 2.4417 2.38681 2.34558 2.3175 2.30216 2.29926 2.30864 2.33029 2.36439 2.41122 2.47124 2.54503 2.6333 2.73685 2.85657 2.99336 3.14804 3.3213 3.5135 3.72453 3.95358 4.19891 4.45772 4.72622 5 
4 3.78375 3.57293 3.37226 3.1854 3.01485 2.86196 2.72721 2.61034 2.51063 2.42717 2.35899 2.30522 2.26506 2.23783 2.22296 2.22005 2.22887 2.24937 2.28172 2.32627 2.38357 2.45434 2.53948 2.64008 2.75735 2.8926 3.04715 3.22224 3.41882 3.63732 3.87738 4.13741 4.4144 4.70381 5 
4 3.76025 3.52779 3.30874 3.10745 2.92648 2.76676 2.62816 2.50979 2.41031 2.32816 2.26185 2.21006 2.1717 2.14585 2.13181 2.12908 2.13734 2.15653 2.18681 2.22855 2.28241 2.34926 2.43021 2.52663 2.64013 2.7725 2.9257 3.10167 3.30221 3.52859 3.78121 4.05893 4.3586 4.67476 5 
4 3.72955 3.46928 3.22739 3.0091 2.81678 2.6505 2.50903 2.39049 2.29264 2.21322 2.1501 2.10147 2.06585 2.04212 2.0294 2.0271 2.03485 2.05254 2.08034 2.11866 2.16822 2.23005 2.30546 2.39611 2.50403 2.63159 2.78145 2.95653 3.15974 3.39367 3.65996 3.95847 4.28626 4.63676 5 
4 3.68873 3.39249 3.1225 2.88476 2.68087 2.50932 2.36707 2.25065 2.15667 2.08197 2.02378 1.97977 1.94812 1.9274 1.91662 1.91508 1.92237 1.93838 1.96324 1.99743 2.04171 2.09721 2.16544 2.24834 2.34833 2.46839 2.61202 2.78327 2.98658 3.22641 3.50653 3.82874 4.19111 4.58613 5 
4 3.63286 3.2895 2.98546 2.72673 2.51258 2.33866 2.19919 2.08848 2.00156 1.9343 1.88326 1.84568 1.81938 1.80275 1.79463 1.79425 1.80119 1.81531 1.83676 1.86601 1.90388 1.95156 2.01069 2.08344 2.17258 2.28164 2.415 2.578 2.77695 3.01894 3.31107 3.65884 4.06325 4.51673 5 
4 3.55311 3.14712 2.80311 2.52428 2.30424 2.13349 2.00237 1.90242 1.82688 1.77052 1.72935 1.70027 1.68092 1.66953 1.66488 1.66614 1.67287 1.68492 1.70244 1.72592 1.75616 1.79438 1.84227 1.90211 1.97691 2.07062 2.18837 2.3368 2.52434 2.76141 3.06005 3.43236 3.88626 4.41757 5 
4 3.43242 2.94267 2.55546 2.26297 2.0468 1.88886 1.77433 1.69182 1.63293 1.59159 1.5634 1.54515 1.53444 1.52953 1.52918 1.53257 1.53925 1.54908 1.5622 1.57907 1.60045 1.62751 1.66188 1.70581 1.76233 1.83557 1.9311 2.05652 2.22223 2.44234 2.73545 3.12434 3.63177 4.26729 5 
4 3.23396 2.63576 2.21304 1.92507 1.73111 1.601 1.51435 1.45753 1.42133 1.39944 1.3875 1.38247 1.38213 1.38491 1.38967 1.39567 1.40248 1.40997 1.41827 1.42775 1.43911 1.45336 1.47197 1.49696 1.53112 1.57832 1.64402 1.73603 1.86578 2.05029 2.31508 2.69777 3.24909 4.01968 5 
4 2.8677 2.15355 1.73596 1.49313 1.35142 1.26964 1.22459 1.20263 1.19534 1.19723 1.20465 1.21505 1.22668 1.23824 1.24884 1.25787 1.26498 1.27004 1.27314 1.27459 1.27491 1.27491 1.27575 1.27903 1.28697 1.30272 1.3308 1.37799 1.45474 1.57806 1.7769 2.10258 2.64696 3.56209 5 
4 2.0831 1.37492 1.08427 0.960118 0.911733 0.901512 0.911749 0.933113 0.960171 0.989489 1.01877 1.04641 1.07126 1.0925 1.10953 1.12193 1.12946 1.13201 1.12963 1.12251 1.111 1.09561 1.07708 1.05643 1.03502 1.0148 0.998551 0.990456 0.997219 1.03041 1.11201 1.28881 1.67408 2.58152 5 
0 0.0896393 0.178557 0.266037 0.351375 0.433884 0.512899 0.587785 0.657939 0.722795 0.781831 0.834573 0.880596 0.919528 0.951057 0.974928 0.99095 0.998993 0.998993 0.99095 0.974928 0.951057 0.919528 0.880596 0.834573 0.781831 0.722795 0.657939 0.587785 0.512899 0.433884 0.351375 0.266037 0.178557 0.0896393 0 
