C h:0.010989
C GRID SIZE:92
C N:90
0 0.000120758 0.000483033 0.00108683 0.00193213 0.00301896 0.0043473 0.00591716 0.00772854 0.00978143 0.0120758 0.0146118 0.0173892 0.0204082 0.0236686 0.0271706 0.0309141 0.0348992 0.0391257 0.0435938 0.0483033 0.0532544 0.058447 0.0638812 0.0695568 0.075474 0.0816327 0.0880328 0.0946746 0.101558 0.108683 0.116049 0.123657 0.131506 0.139597 0.147929 0.156503 0.165318 0.174375 0.183673 0.193213 0.202995 0.213018 0.223282 0.233788 0.244536 0.255525 0.266755 0.278227 0.289941 0.301896 0.314093 0.326531 0.33921 0.352131 0.365294 0.378698 0.392344 0.406231 0.42036 0.43473 0.449342 0.464195 0.47929 0.494626 0.510204 0.526023 0.542084 0.558387 0.574931 0.591716 0.608743 0.626011 0.643521 0.661273 0.679266 0.6975 0.715976 0.734694 0.753653 0.772854 0.792296 0.811979 0.831904 0.852071 0.872479 0.893129 0.91402 0.935153 0.956527 0.978143 1 
4 1.99318 1.19593 0.817749 0.608195 0.477175 0.387743 0.322775 0.273451 0.234819 0.203897 0.178784 0.158212 0.141297 0.127406 0.116064 0.106912 0.0996647 0.0940936 0.0900092 0.0872539 0.0856911 0.0852043 0.0856897 0.087057 0.0892249 0.0921218 0.0956831 0.0998517 0.104576 0.109811 0.115516 0.121656 0.1282 0.13512 0.142393 0.149998 0.157918 0.166139 0.174648 0.183434 0.192491 0.20181 0.211388 0.22122 0.231305 0.241643 0.252233 0.263077 0.27418 0.285545 0.29718 0.309092 0.321293 0.333794 0.34661 0.35976 0.373265 0.387148 0.401438 0.416168 0.431373 0.447097 0.463386 0.480293 0.497877 0.516204 0.535347 0.555387 0.576414 0.598528 0.621842 0.64648 0.672588 0.70033 0.729902 0.761539 0.795528 0.832232 0.872126 0.915841 0.964257 1.01864 1.08088 1.15394 1.24278 1.35619 1.51129 1.745 2.1474 2.9689 5 
4 2.77675 1.97247 1.46603 1.13624 0.910133 0.747127 0.624496 0.529039 0.452745 0.390539 0.339071 0.296045 0.25984 0.229268 0.203437 0.181659 0.16339 0.148185 0.13568 0.125563 0.117572 0.111474 0.107067 0.104172 0.102629 0.102295 0.103044 0.104761 0.107345 0.110705 0.114763 0.119446 0.124693 0.130451 0.136671 0.143314 0.150345 0.157735 0.165459 0.173497 0.181832 0.190452 0.199347 0.20851 0.217937 0.227626 0.237579 0.2478 0.258294 0.269073 0.280149 0.291539 0.303262 0.315345 0.327817 0.340713 0.354076 0.367953 0.382402 0.397486 0.413279 0.429864 0.447334 0.465795 0.485364 0.506172 0.528363 0.552098 0.577554 0.604931 0.634446 0.666351 0.700924 0.738492 0.779432 0.824198 0.873341 0.927557 0.987735 1.05506 1.13115 1.21829 1.31981 1.44076 1.58914 1.77812 2.03039 2.3865 2.91939 3.75019 5 
4 3.14151 2.45152 1.93813 1.56125 1.28076 1.06704 0.900058 0.766574 0.657775 0.5677 0.492216 0.428394 0.374097 0.327736 0.288089 0.254205 0.225315 0.200796 0.180123 0.162851 0.148594 0.13702 0.12783 0.120764 0.115583 0.112081 0.110068 0.109377 0.109856 0.111372 0.113807 0.117056 0.121026 0.125637 0.130819 0.136513 0.142666 0.149236 0.156185 0.163483 0.171106 0.179035 0.187255 0.195756 0.204532 0.21358 0.222903 0.232507 0.242401 0.252599 0.263122 0.273994 0.285245 0.296913 0.309043 0.321686 0.334907 0.348775 0.363377 0.378806 0.395172 0.412599 0.431226 0.451208 0.472721 0.495955 0.521128 0.548473 0.578255 0.610762 0.64632 0.685286 0.728073 0.775144 0.827045 0.884415 0.948033 1.01886 1.09811 1.18738 1.28879 1.40525 1.54088 1.70159 1.89618 2.13785 2.44656 2.8519 3.39393 4.11269 5 
4 3.33803 2.75444 2.27445 1.89081 1.58578 1.34155 1.14364 0.981082 0.845864 0.732144 0.635648 0.553206 0.482434 0.421499 0.36897 0.3237 0.284762 0.251379 0.222901 0.198764 0.178482 0.161624 0.147812 0.136703 0.127996 0.121414 0.116715 0.113677 0.112104 0.111821 0.112671 0.114517 0.117237 0.120726 0.124892 0.129654 0.134947 0.140711 0.146899 0.153471 0.160395 0.167645 0.175202 0.183052 0.191188 0.199607 0.208311 0.217307 0.22661 0.236238 0.246217 0.256579 0.267365 0.278624 0.290414 0.302807 0.315883 0.329739 0.344484 0.360245 0.377165 0.395407 0.415153 0.43661 0.460004 0.485589 0.513644 0.54448 0.578434 0.615886 0.657249 0.702989 0.753623 0.809746 0.87203 0.941275 1.01842 1.10463 1.20132 1.31034 1.43404 1.57558 1.73919 1.93069 2.15804 2.43214 2.76743 3.18164 3.69243 4.30699 5 
4 3.4565 2.95443 2.51537 2.14304 1.83151 1.57154 1.35386 1.17045 1.01481 0.881849 0.7676 0.668988 0.583597 0.509521 0.445221 0.389447 0.341154 0.299468 0.263634 0.233 0.206989 0.185096 0.166861 0.15188 0.139781 0.130237 0.122947 0.117644 0.114087 0.112061 0.111374 0.111859 0.113365 0.115763 0.118939 0.122796 0.12725 0.132229 0.137675 0.143538 0.149779 0.156366 0.163275 0.17049 0.178001 0.185804 0.193902 0.202305 0.21103 0.220099 0.229545 0.239408 0.249737 0.260594 0.272051 0.284195 0.297127 0.310964 0.325842 0.341916 0.359365 0.378386 0.399207 0.422075 0.447274 0.475109 0.505925 0.540093 0.578031 0.620186 0.667064 0.71921 0.777244 0.84185 0.913818 0.994045 1.0836 1.18373 1.29599 1.42228 1.56498 1.72716 1.91274 2.12676 2.37566 2.6674 3.01116 3.41612 3.88809 4.42328 5 
4 3.53395 3.09221 2.69075 2.33601 2.02758 1.76146 1.53231 1.33476 1.164 1.01592 0.887113 0.774813 0.676752 0.591064 0.516213 0.450903 0.394042 0.344685 0.302015 0.265305 0.233917 0.207271 0.184855 0.166196 0.150873 0.138502 0.128737 0.121264 0.115804 0.112103 0.10994 0.109113 0.109448 0.110793 0.113013 0.115993 0.119634 0.123853 0.12858 0.133755 0.139333 0.145276 0.151556 0.158154 0.165057 0.172261 0.179771 0.187598 0.19576 0.204286 0.213213 0.222589 0.232472 0.242936 0.254066 0.265964 0.278749 0.292561 0.307559 0.323928 0.341874 0.361634 0.383471 0.407681 0.43459 0.46456 0.497987 0.53531 0.577001 0.623587 0.675632 0.733768 0.798678 0.871134 0.951986 1.04222 1.14293 1.25544 1.38129 1.52234 1.68081 1.85948 2.06167 2.29144 2.55355 2.85328 3.19587 3.58524 4.02167 4.49862 5 
4 3.58758 3.19065 2.82083 2.48451 2.1836 1.91702 1.6821 1.47553 1.29398 1.13436 0.993911 0.870284 0.76145 0.665693 0.581534 0.507707 0.443104 0.38676 0.33781 0.29549 0.259104 0.228029 0.201692 0.179579 0.161215 0.146173 0.134061 0.12453 0.117258 0.111962 0.108387 0.106307 0.105521 0.105856 0.107157 0.109295 0.112155 0.115642 0.119675 0.124188 0.129126 0.134448 0.140121 0.146122 0.152438 0.159064 0.166005 0.173273 0.180891 0.188891 0.197316 0.20622 0.215671 0.225752 0.236562 0.248218 0.260856 0.274635 0.289739 0.306377 0.324788 0.345239 0.368032 0.3935 0.422017 0.453987 0.489865 0.530134 0.575333 0.626036 0.682878 0.746538 0.817769 0.897382 0.986286 1.08548 1.1961 1.31942 1.45693 1.61033 1.78163 1.97315 2.18757 2.42793 2.6975 2.99946 3.3364 3.70927 4.11605 4.55021 5 
4 3.62627 3.26309 2.91905 2.59974 2.30789 2.04395 1.80693 1.59501 1.40605 1.23783 1.08827 0.955427 0.837596 0.733234 0.64099 0.559654 0.488153 0.425515 0.370871 0.323422 0.282447 0.247277 0.217307 0.191975 0.170772 0.153225 0.138911 0.127438 0.118457 0.111652 0.10674 0.103469 0.101617 0.10099 0.101416 0.102749 0.104862 0.107648 0.111017 0.114895 0.11922 0.123946 0.129036 0.134464 0.140216 0.146287 0.152681 0.159413 0.166507 0.174001 0.181941 0.19039 0.199424 0.209134 0.219633 0.23105 0.24354 0.25728 0.272474 0.289358 0.308195 0.329287 0.352965 0.379605 0.409614 0.443448 0.481594 0.524597 0.57303 0.62753 0.688765 0.757475 0.834436 0.920509 1.01661 1.12374 1.24301 1.37565 1.52301 1.68662 1.86817 2.06954 2.29276 2.53998 2.81326 3.11429 3.44396 3.80168 4.18459 4.58694 5 
4 3.65502 3.31764 2.99436 2.68993 2.40719 2.14737 1.91048 1.69573 1.50186 1.3274 1.17081 1.03061 0.905357 0.793749 0.694564 0.606694 0.52911 0.460875 0.401115 0.349032 0.303878 0.264967 0.231655 0.203356 0.17952 0.159648 0.143279 0.129994 0.119411 0.11119 0.105019 0.100626 0.0977677 0.0962304 0.0958269 0.0963967 0.0978003 0.0999204 0.102657 0.10593 0.109671 0.113828 0.118361 0.123243 0.128456 0.133996 0.139867 0.146086 0.15268 0.159688 0.167165 0.175177 0.18381 0.193163 0.20336 0.214544 0.226885 0.240577 0.255847 0.272949 0.292176 0.313853 0.338349 0.366064 0.397451 0.432993 0.47323 0.518732 0.57013 0.628083 0.693314 0.766578 0.848694 0.940518 1.04298 1.15706 1.28382 1.42439 1.57998 1.75191 1.94156 2.15037 2.37984 2.63133 2.90601 3.20455 3.52682 3.87144 4.23541 4.61382 5 
4 3.67687 3.35946 3.05287 2.76107 2.48681 2.23164 1.99615 1.78022 1.58326 1.40435 1.24244 1.09641 0.96512 0.847468 0.742399 0.648895 0.566011 0.492839 0.428537 0.372301 0.323384 0.281077 0.244725 0.213707 0.187457 0.16544 0.147173 0.132206 0.120136 0.110592 0.103247 0.0978038 0.0940016 0.0916087 0.090425 0.0902748 0.091009 0.0924991 0.0946385 0.0973377 0.100525 0.104143 0.108148 0.112511 0.117213 0.122248 0.127623 0.133354 0.139471 0.146018 0.153052 0.160648 0.168896 0.177907 0.187813 0.198771 0.210963 0.224601 0.239928 0.257224 0.276799 0.299009 0.324245 0.352945 0.385583 0.422688 0.464822 0.512601 0.566677 0.627756 0.696571 0.773916 0.860607 0.957519 1.06555 1.18566 1.31882 1.46607 1.62848 1.80713 2.00313 2.21754 2.45136 2.70539 2.98013 3.27558 3.591 3.92467 4.27368 4.63388 5 
4 3.69374 3.39198 3.0988 2.81759 2.55088 2.30034 2.06689 1.85084 1.65205 1.47004 1.30415 1.15356 1.0174 0.894763 0.784739 0.686435 0.598966 0.52149 0.453182 0.393264 0.34098 0.295626 0.256524 0.223044 0.19459 0.170615 0.150604 0.134091 0.120646 0.109881 0.101445 0.0950262 0.0903434 0.0871529 0.0852386 0.0844149 0.0845205 0.0854195 0.0869963 0.0891562 0.0918214 0.0949309 0.0984383 0.102311 0.106531 0.11109 0.115995 0.121264 0.126931 0.133041 0.139656 0.146856 0.154739 0.163423 0.17305 0.183787 0.195832 0.209409 0.22478 0.24224 0.262127 0.284812 0.310718 0.340302 0.374077 0.412588 0.456437 0.506261 0.562748 0.626615 0.698632 0.779587 0.870318 0.971673 1.08454 1.20982 1.34843 1.50127 1.66929 1.85334 2.0543 2.27289 2.50973 2.76517 3.03926 3.33154 3.64094 3.96561 4.30285 4.64908 5 
4 3.70694 3.41753 3.13517 2.86275 2.6026 2.3564 2.12523 1.90969 1.70993 1.52582 1.35698 1.20286 1.0628 0.936078 0.821929 0.719555 0.628164 0.546955 0.475153 0.411988 0.356726 0.308651 0.267088 0.231387 0.200945 0.175189 0.153593 0.135666 0.120963 0.109074 0.0996352 0.0923133 0.0868171 0.0828857 0.0802935 0.0788419 0.0783622 0.0787087 0.0797602 0.0814151 0.0835917 0.0862247 0.0892651 0.0926785 0.0964445 0.100556 0.10502 0.109856 0.115098 0.120797 0.127017 0.133844 0.141381 0.149755 0.159115 0.169641 0.181538 0.195049 0.210448 0.22805 0.248206 0.271316 0.297816 0.328196 0.362982 0.402757 0.448135 0.499788 0.558414 0.624762 0.699599 0.783737 0.877991 0.983213 1.10024 1.22994 1.37313 1.53064 1.70323 1.89163 2.09643 2.31815 2.55706 2.81322 3.08632 3.37564 3.67992 3.9973 4.32526 4.6607 5 
4 3.71736 3.43778 3.16415 2.899 2.64447 2.40217 2.1733 1.95861 1.75846 1.57297 1.40197 1.24512 1.10196 0.971923 0.85435 0.748561 0.653827 0.569416 0.494579 0.428583 0.370697 0.32022 0.276464 0.238783 0.206553 0.179195 0.156163 0.136955 0.121105 0.108193 0.0978344 0.0896862 0.0834406 0.0788277 0.0756085 0.073577 0.0725541 0.0723885 0.0729514 0.074137 0.0758584 0.0780476 0.0806525 0.0836372 0.08698 0.0906737 0.0947252 0.0991556 0.104001 0.109315 0.115165 0.121641 0.128853 0.136933 0.146041 0.156362 0.168116 0.181555 0.19697 0.214686 0.235078 0.258557 0.285586 0.316666 0.352355 0.393246 0.439985 0.493251 0.553772 0.622296 0.699612 0.786517 0.883837 0.992382 1.11298 1.24641 1.39345 1.55482 1.73115 1.92301 2.13084 2.35488 2.59523 2.85167 3.1237 3.41039 3.7104 4.0219 4.34257 4.66964 5 
4 3.72564 3.45393 3.18736 2.92821 2.67842 2.43957 2.21288 1.99918 1.79902 1.61264 1.44008 1.28115 1.13555 1.00281 0.882427 0.773779 0.676226 0.589075 0.511631 0.443174 0.383001 0.330408 0.284721 0.245278 0.211458 0.182665 0.158346 0.137982 0.121098 0.107256 0.0960631 0.0871602 0.0802313 0.0749931 0.0711996 0.068634 0.0671117 0.0664731 0.0665851 0.0673363 0.0686368 0.0704146 0.0726159 0.0752029 0.078153 0.0814586 0.0851271 0.0891807 0.0936572 0.0986118 0.104117 0.110266 0.117173 0.124978 0.133846 0.143973 0.155586 0.168951 0.184367 0.202178 0.222768 0.24657 0.274058 0.305757 0.342236 0.384114 0.432044 0.486732 0.548905 0.619336 0.698801 0.788112 0.888064 0.999465 1.12308 1.25968 1.40993 1.57449 1.75386 1.94851 2.15868 2.38449 2.62582 2.88232 3.15329 3.43773 3.73425 4.04106 4.35599 4.67655 5 
4 3.73226 3.46686 3.20602 2.9518 2.706 2.47014 2.24542 2.03277 1.83281 1.64591 1.47222 1.31171 1.16417 1.02928 0.906579 0.795562 0.695634 0.606165 0.526483 0.455911 0.393749 0.339316 0.291929 0.250938 0.215708 0.185642 0.160173 0.138776 0.120962 0.106284 0.0943359 0.0847512 0.0772005 0.0713945 0.0670762 0.0640235 0.0620431 0.0609714 0.060669 0.0610213 0.061934 0.0633331 0.0651624 0.0673826 0.0699702 0.0729176 0.0762323 0.0799373 0.0840726 0.0886948 0.0938802 0.0997249 0.106349 0.113896 0.122539 0.132481 0.143959 0.157245 0.172654 0.190537 0.211296 0.235372 0.26326 0.295494 0.332666 0.3754 0.424374 0.480295 0.543912 0.615988 0.697319 0.788691 0.890905 1.00473 1.13091 1.27015 1.42309 1.59026 1.77213 1.96899 2.18101 2.40816 2.6502 2.90662 3.17665 3.45921 3.75289 4.05596 4.3664 4.68191 5 
4 3.73757 3.47725 3.22106 2.97088 2.72842 2.49511 2.27216 2.06052 1.86088 1.67369 1.49922 1.3375 1.18845 1.05181 0.927234 0.814253 0.712344 0.620913 0.539335 0.466944 0.403072 0.347038 0.298176 0.255825 0.219358 0.188166 0.16168 0.139363 0.12072 0.105294 0.092669 0.0824691 0.0743589 0.0680382 0.0632451 0.059749 0.0573526 0.0558855 0.0552054 0.0551927 0.0557509 0.0568031 0.0582915 0.0601753 0.0624305 0.0650489 0.0680385 0.0714234 0.0752445 0.079561 0.0844512 0.0900154 0.0963766 0.103685 0.112118 0.121886 0.133232 0.14644 0.16183 0.179769 0.200664 0.224975 0.253203 0.285903 0.323669 0.36715 0.417023 0.474015 0.538871 0.612372 0.695295 0.788438 0.89257 1.00845 1.13679 1.27825 1.43341 1.60275 1.78662 1.98528 2.19876 2.42695 2.66948 2.92578 3.195 3.47602 3.76743 4.06756 4.37448 4.68606 5 
4 3.74184 3.48562 3.2332 2.98634 2.74664 2.5155 2.29409 2.08339 1.88413 1.69682 1.52179 1.35917 1.20893 1.07091 0.94479 0.830197 0.726635 0.633562 0.550373 0.476439 0.411097 0.353688 0.303543 0.260013 0.222462 0.190284 0.162901 0.139772 0.120394 0.104302 0.0910731 0.0803245 0.0717112 0.0649289 0.0597071 0.0558116 0.0530381 0.0512133 0.0501899 0.0498459 0.0500815 0.050818 0.0519957 0.0535729 0.0555247 0.0578429 0.0605356 0.0636277 0.0671616 0.0711979 0.0758179 0.081124 0.087244 0.0943309 0.102569 0.112173 0.123394 0.136522 0.151888 0.169864 0.190873 0.215378 0.243898 0.276991 0.315272 0.359388 0.410039 0.467945 0.53387 0.608582 0.692871 0.787512 0.893276 1.01089 1.14104 1.28435 1.44134 1.61245 1.79799 1.99808 2.21273 2.44172 2.68463 2.9408 3.20935 3.48913 3.77874 4.07656 4.38074 4.68927 5 
4 3.74528 3.49237 3.24301 2.99887 2.76146 2.53213 2.31206 2.10221 1.90334 1.71601 1.5406 1.37729 1.22613 1.08699 0.959635 0.843713 0.738786 0.644336 0.559797 0.484549 0.417959 0.359367 0.308122 0.263569 0.225079 0.192039 0.163872 0.14003 0.120004 0.103324 0.0895601 0.0783222 0.0692618 0.0620659 0.0564611 0.0522062 0.0490942 0.0469467 0.045614 0.0449704 0.0449145 0.0453651 0.0462615 0.0475606 0.0492372 0.0512829 0.053706 0.0565322 0.0598047 0.0635862 0.0679594 0.0730304 0.0789289 0.0858132 0.0938703 0.103322 0.114424 0.127474 0.142808 0.16081 0.181906 0.206574 0.235336 0.268767 0.307481 0.352144 0.403452 0.462144 0.528973 0.604721 0.690162 0.786076 0.893208 1.01228 1.14394 1.28879 1.4473 1.61988 1.80675 2.00802 2.2236 2.45323 2.69642 2.95249 3.2205 3.4993 3.7875 4.08351 4.38557 4.69174 5 
4 3.74806 3.49782 3.25094 3.00901 2.77349 2.54568 2.32675 2.11764 1.91915 1.73187 1.5562 1.39238 1.2405 1.10047 0.972113 0.85511 0.749052 0.653461 0.567785 0.491435 0.423782 0.364187 0.311995 0.266565 0.227261 0.193477 0.164627 0.140162 0.119569 0.102372 0.0881362 0.0764674 0.0670095 0.0594473 0.0535005 0.0489257 0.0455106 0.0430745 0.0414639 0.0405516 0.0402333 0.0404268 0.0410696 0.0421182 0.0435467 0.0453464 0.0475261 0.0501118 0.0531481 0.0566987 0.0608487 0.0657056 0.0714031 0.0781016 0.0859935 0.0953034 0.106294 0.119267 0.134566 0.15258 0.173746 0.198544 0.22751 0.261221 0.300305 0.345426 0.397296 0.456648 0.524248 0.600865 0.687283 0.784262 0.892548 1.01283 1.14576 1.29187 1.45165 1.62542 1.81339 2.01561 2.23195 2.4621 2.70553 2.96151 3.2291 3.50713 3.79424 4.08887 4.38929 4.69365 5 
4 3.75029 3.50221 3.25735 3.01722 2.78325 2.55671 2.33873 2.13028 1.93214 1.74493 1.5691 1.40489 1.25245 1.11172 0.982552 0.864662 0.757679 0.661137 0.574517 0.497238 0.428693 0.368242 0.315248 0.269065 0.229066 0.194638 0.165198 0.140192 0.119106 0.101457 0.0868087 0.07476 0.0649532 0.0570665 0.0508178 0.0459585 0.0422744 0.039581 0.037723 0.0365704 0.0360177 0.035981 0.0363969 0.0372209 0.0384268 0.0400059 0.0419669 0.0443367 0.0471604 0.0505034 0.0544518 0.0591159 0.064631 0.0711614 0.0789017 0.088082 0.0989678 0.111867 0.127127 0.145145 0.166361 0.191267 0.220398 0.254344 0.293734 0.339245 0.391583 0.451494 0.519737 0.597091 0.684322 0.782199 0.891442 1.01274 1.14671 1.29388 1.45469 1.62945 1.81832 2.02132 2.23828 2.46885 2.71248 2.96841 3.23568 3.51313 3.7994 4.09296 4.39213 4.6951 5 
4 3.75209 3.50575 3.26252 3.02386 2.79116 2.56566 2.34848 2.14059 1.94277 1.75566 1.57971 1.41523 1.26234 1.12106 0.991234 0.872629 0.764882 0.667561 0.580153 0.502102 0.432803 0.371635 0.317958 0.271137 0.230541 0.195563 0.165615 0.140144 0.118628 0.100589 0.0855796 0.0732004 0.0630869 0.0549162 0.0484011 0.0432914 0.0393691 0.0364483 0.0343706 0.0330049 0.0322438 0.0320024 0.0322161 0.0328401 0.0338475 0.0352296 0.0369956 0.0391723 0.0418062 0.044963 0.0487312 0.0532218 0.0585732 0.0649513 0.0725548 0.0816156 0.092405 0.105233 0.120454 0.138467 0.159721 0.184709 0.213977 0.248115 0.287762 0.333593 0.386327 0.446702 0.515487 0.59345 0.681367 0.779985 0.89003 1.01217 1.147 1.29504 1.45671 1.63227 1.82189 2.02552 2.243 2.47392 2.71772 2.97363 3.24067 3.51768 3.80332 4.09607 4.39428 4.6962 5 
4 3.75354 3.5086 3.26669 3.02922 2.79755 2.57291 2.35641 2.14898 1.95145 1.76443 1.58842 1.42372 1.2705 1.12877 0.998424 0.879234 0.770868 0.672901 0.584845 0.506148 0.436223 0.37445 0.3202 0.272837 0.231737 0.196287 0.165906 0.140034 0.118151 0.0997719 0.084452 0.0717845 0.0614049 0.0529855 0.0462379 0.0409082 0.0367771 0.0336556 0.0313846 0.0298306 0.0288854 0.0284628 0.0284976 0.0289442 0.0297757 0.0309832 0.0325759 0.0345813 0.0370461 0.0400377 0.0436448 0.047981 0.0531855 0.0594275 0.0669069 0.07586 0.0865595 0.0993209 0.114501 0.132505 0.153783 0.178837 0.208213 0.24251 0.282366 0.328466 0.381524 0.442288 0.511519 0.589994 0.678474 0.777713 0.888416 1.01125 1.1468 1.29556 1.45792 1.63416 1.82438 2.02854 2.24643 2.47766 2.72161 2.97752 3.24441 3.5211 3.80626 4.0984 4.3959 4.69703 5 
4 3.7547 3.5109 3.27004 3.03354 2.80271 2.57877 2.36282 2.15579 1.9585 1.77159 1.59553 1.43067 1.27718 1.13511 1.00434 0.884685 0.77581 0.677318 0.588725 0.509496 0.439047 0.376771 0.322038 0.274221 0.232692 0.196846 0.166094 0.139881 0.117682 0.0990133 0.0834243 0.070509 0.0598981 0.0512635 0.044313 0.0387919 0.0344779 0.0311812 0.0287404 0.0270214 0.0259143 0.0253323 0.0252096 0.0255001 0.0261765 0.0272299 0.0286697 0.0305237 0.0328393 0.0356843 0.0391491 0.0433479 0.0484222 0.0545421 0.061911 0.0707661 0.0813845 0.0940829 0.109224 0.127213 0.148508 0.17361 0.203074 0.237497 0.277526 0.323844 0.377172 0.438254 0.507859 0.586752 0.675703 0.775448 0.886701 1.0101 1.14624 1.29559 1.45854 1.63531 1.82604 2.03063 2.24888 2.48035 2.72445 2.98038 3.24716 3.52363 3.80844 4.10014 4.39711 4.69765 5 
4 3.75564 3.51274 3.27273 3.03701 2.80686 2.5835 2.368 2.1613 1.96422 1.77739 1.60132 1.43634 1.28265 1.14029 1.0092 0.889155 0.779872 0.680947 0.591916 0.512246 0.441366 0.378669 0.323536 0.275336 0.233449 0.197265 0.166202 0.139698 0.117232 0.0983141 0.0824959 0.0693668 0.0585575 0.0497364 0.042611 0.0369235 0.032451 0.0290015 0.026413 0.0245497 0.0233013 0.02258 0.0223194 0.0224731 0.0230136 0.0239319 0.0252374 0.0269585 0.0291428 0.0318591 0.0351983 0.0392762 0.044235 0.0502472 0.0575169 0.0662849 0.0768289 0.0894701 0.104571 0.122545 0.143847 0.168986 0.198517 0.233043 0.273211 0.319709 0.373256 0.434602 0.504509 0.583751 0.673084 0.773252 0.884949 1.00882 1.14544 1.29528 1.45869 1.63593 1.82706 2.03202 2.25056 2.48225 2.72648 2.98245 3.24916 3.52547 3.81004 4.10142 4.398 4.69811 5 
4 3.75638 3.51421 3.27489 3.03979 2.81019 2.5873 2.37216 2.16574 1.96883 1.78209 1.60601 1.44094 1.28709 1.14452 1.01315 0.892807 0.783189 0.683916 0.594523 0.514494 0.443256 0.380213 0.324744 0.276227 0.234039 0.197575 0.166247 0.139499 0.116805 0.097677 0.0816625 0.0683516 0.0573718 0.0483913 0.0411149 0.0352843 0.0306745 0.0270931 0.0243763 0.0223881 0.0210168 0.0201743 0.0197938 0.0198283 0.0202503 0.0210508 0.0222393 0.0238442 0.0259139 0.0285175 0.0317469 0.0357184 0.040576 0.0464928 0.0536753 0.0623649 0.0728429 0.0854305 0.100495 0.118449 0.139755 0.164919 0.194503 0.22911 0.269391 0.316032 0.36976 0.431319 0.501477 0.581 0.67065 0.771158 0.883226 1.00748 1.1445 1.29473 1.45854 1.63613 1.82761 2.03286 2.25165 2.48353 2.72788 2.9839 3.25059 3.52679 3.81119 4.10233 4.39864 4.69844 5 
4 3.75698 3.51538 3.27661 3.04201 2.81286 2.59034 2.37551 2.16931 1.97255 1.78587 1.60979 1.44466 1.29069 1.14794 1.01636 0.895771 0.785886 0.686327 0.596643 0.516317 0.444787 0.381457 0.325713 0.276931 0.234494 0.197794 0.166246 0.139292 0.116407 0.0971006 0.0809208 0.0674548 0.0563304 0.0472133 0.039808 0.0338544 0.0291271 0.0254319 0.0226048 0.0205085 0.0190312 0.018084 0.0175996 0.017531 0.0178503 0.0185486 0.0196355 0.0211397 0.0231097 0.0256154 0.0287489 0.032628 0.0373968 0.0432304 0.0503357 0.0589566 0.0693747 0.0819148 0.0969444 0.11488 0.136182 0.161366 0.190988 0.22566 0.266029 0.312788 0.366659 0.428394 0.498753 0.578507 0.668412 0.769203 0.881567 1.00614 1.14348 1.29403 1.45816 1.63606 1.82781 2.03332 2.25231 2.48436 2.72882 2.98488 3.25157 3.52771 3.812 4.10299 4.39909 4.69867 5 
4 3.75745 3.51632 3.27798 3.04379 2.81499 2.59277 2.37818 2.17217 1.97552 1.78891 1.61283 1.44765 1.29358 1.1507 1.01895 0.898167 0.788064 0.688277 0.598354 0.517789 0.446019 0.382455 0.326483 0.277484 0.234838 0.197943 0.166211 0.139086 0.116041 0.0965847 0.0802648 0.0666684 0.055421 0.0461884 0.0386732 0.032615 0.027787 0.0239947 0.0210729 0.0188841 0.0173156 0.0162783 0.0157046 0.0155471 0.0157781 0.0163883 0.0173875 0.0188047 0.0206887 0.0231095 0.0261604 0.029959 0.0346511 0.0404118 0.04745 0.0560099 0.0663757 0.0788721 0.09387 0.111785 0.133084 0.158278 0.187931 0.222651 0.263091 0.309942 0.363931 0.425804 0.496329 0.576269 0.666383 0.767399 0.880009 1.00484 1.14243 1.29325 1.45764 1.63579 1.82777 2.03349 2.25266 2.48484 2.7294 2.98552 3.25222 3.52834 3.81256 4.10343 4.39941 4.69883 5 
4 3.75783 3.51706 3.27907 3.04519 2.81668 2.5947 2.38031 2.17444 1.9779 1.79134 1.61527 1.45005 1.29591 1.15292 1.02103 0.900091 0.789817 0.689843 0.59973 0.518967 0.447004 0.383247 0.32709 0.277911 0.235096 0.198038 0.166155 0.138886 0.115708 0.096126 0.0796894 0.0659829 0.0546324 0.0453019 0.037694 0.0315469 0.0266336 0.0227584 0.0197561 0.0174882 0.015842 0.0147277 0.0140776 0.0138441 0.0139992 0.014534 0.015458 0.0168006 0.0186106 0.0209587 0.0239381 0.0276676 0.0322931 0.0379911 0.0449706 0.0534778 0.0637968 0.0762549 0.091223 0.10912 0.130411 0.155612 0.185286 0.220045 0.260539 0.307465 0.361546 0.423533 0.494188 0.574279 0.66456 0.765762 0.878567 1.0036 1.14141 1.29245 1.45704 1.6354 1.82757 2.03346 2.25278 2.48508 2.72973 2.98591 3.25263 3.52874 3.81292 4.10373 4.39962 4.69894 5 
4 3.75813 3.51765 3.27994 3.04631 2.81802 2.59623 2.382 2.17625 1.97979 1.79327 1.61721 1.45196 1.29776 1.15469 1.0227 0.901631 0.791217 0.691096 0.600827 0.519908 0.447785 0.383873 0.327563 0.278239 0.235283 0.198093 0.166084 0.138698 0.115408 0.0957224 0.0791879 0.0653899 0.0539526 0.0445402 0.036854 0.0306322 0.0256466 0.0217016 0.0186309 0.0162961 0.0145837 0.0134041 0.0126889 0.0123907 0.0124813 0.0129517 0.0138117 0.0150904 0.0168374 0.0191231 0.0220416 0.0257117 0.0302803 0.0359239 0.0428532 0.0513141 0.0615928 0.0740165 0.0889583 0.106837 0.12812 0.153324 0.183014 0.2178 0.258339 0.305322 0.359477 0.421552 0.492314 0.572525 0.662942 0.76429 0.877255 1.00246 1.14044 1.29165 1.45642 1.63494 1.82727 2.0333 2.25274 2.48515 2.72988 2.98611 3.25287 3.52898 3.81314 4.10392 4.39975 4.69901 5 
4 3.75836 3.51811 3.28062 3.04719 2.81908 2.59744 2.38334 2.17769 1.98129 1.7948 1.61875 1.45348 1.29923 1.15609 1.02402 0.902854 0.792331 0.692091 0.601698 0.520651 0.448402 0.384363 0.327931 0.278486 0.235417 0.198118 0.166006 0.138522 0.115141 0.0953696 0.0787545 0.0648799 0.0533707 0.0438897 0.0361382 0.0298536 0.0248075 0.0208035 0.0176754 0.015284 0.0135159 0.0122808 0.0115107 0.0111577 0.0111937 0.0116095 0.0124152 0.0136399 0.0153332 0.0175661 0.0204326 0.0240523 0.028572 0.0341695 0.0410552 0.0494767 0.0597199 0.0721139 0.0870315 0.104894 0.126168 0.151373 0.181073 0.215881 0.256451 0.303481 0.357693 0.41984 0.490684 0.570993 0.661517 0.762985 0.876076 1.00141 1.13954 1.29089 1.45579 1.63445 1.82691 2.03306 2.2526 2.4851 2.7299 2.98619 3.25298 3.5291 3.81327 4.10402 4.39983 4.69906 5 
4 3.75855 3.51848 3.28115 3.04788 2.81991 2.5984 2.38439 2.17881 1.98247 1.79601 1.61996 1.45468 1.3004 1.15721 1.02507 0.903824 0.793212 0.692878 0.602385 0.521237 0.448885 0.384745 0.328212 0.278672 0.235509 0.198122 0.165925 0.138363 0.114906 0.0950643 0.0783822 0.0644448 0.0528757 0.0433379 0.0355319 0.029195 0.0240983 0.0200452 0.0168688 0.01443 0.012615 0.0113336 0.0105172 0.0101181 0.0101081 0.010478 0.0112378 0.0124169 0.0140649 0.0162531 0.0190757 0.0226525 0.027131 0.032689 0.039538 0.0479252 0.0581382 0.0705059 0.0854028 0.103249 0.124515 0.149718 0.179425 0.214248 0.254845 0.301908 0.356167 0.418369 0.489281 0.569665 0.660276 0.761838 0.875032 1.00048 1.13871 1.29018 1.4552 1.63396 1.82653 2.03277 2.25241 2.48498 2.72984 2.98618 3.253 3.52915 3.81332 4.10408 4.39987 4.69908 5 
4 3.75869 3.51876 3.28157 3.04842 2.82057 2.59915 2.38522 2.1797 1.9834 1.79696 1.62092 1.45562 1.30132 1.15808 1.02589 0.904586 0.793906 0.693496 0.602925 0.521695 0.449261 0.385039 0.328427 0.278808 0.235571 0.198112 0.165847 0.13822 0.114702 0.094802 0.0780654 0.064076 0.0524577 0.0428728 0.035022 0.0286416 0.0235029 0.0194088 0.0161923 0.013714 0.0118599 0.0105396 0.00968461 0.00924694 0.00919836 0.00952978 0.0102512 0.011392 0.0130021 0.0151527 0.0179384 0.0214792 0.0259228 0.0314476 0.038265 0.0466235 0.0568103 0.0691557 0.0840338 0.101867 0.123124 0.148325 0.178035 0.21287 0.253485 0.300576 0.354869 0.417116 0.488079 0.568524 0.659203 0.760841 0.874115 0.999647 1.13797 1.28953 1.45464 1.6335 1.82615 2.03247 2.25218 2.48482 2.72973 2.98612 3.25297 3.52914 3.81333 4.10409 4.39989 4.69908 5 
4 3.7588 3.51898 3.2819 3.04885 2.82107 2.59973 2.38586 2.18039 1.98412 1.79771 1.62166 1.45636 1.30203 1.15877 1.02654 0.905184 0.794449 0.69398 0.603346 0.522052 0.449552 0.385266 0.328589 0.278908 0.23561 0.198093 0.165773 0.138093 0.114526 0.094579 0.0777976 0.063766 0.0521072 0.0424839 0.0345959 0.0281799 0.0230064 0.0188784 0.0156287 0.0131176 0.0112311 0.00987859 0.00899143 0.00852168 0.00844103 0.00874039 0.00942979 0.0105387 0.0121171 0.0142363 0.0169911 0.0205017 0.0249162 0.0304129 0.037204 0.0455379 0.0557027 0.0680285 0.0828908 0.100711 0.121961 0.147158 0.176871 0.211713 0.252342 0.299453 0.353774 0.416054 0.487058 0.567551 0.658284 0.759981 0.873321 0.99892 1.13732 1.28894 1.45413 1.63306 1.82578 2.03217 2.25194 2.48463 2.7296 2.98602 3.25291 3.52911 3.81331 4.10408 4.39988 4.69908 5 
4 3.75889 3.51916 3.28215 3.04918 2.82147 2.60018 2.38636 2.18093 1.98469 1.79829 1.62225 1.45694 1.30259 1.15931 1.02704 0.90565 0.794872 0.694356 0.603673 0.522328 0.449776 0.385438 0.32871 0.278979 0.235634 0.19807 0.165706 0.137984 0.114376 0.0943911 0.0775736 0.0635074 0.0518159 0.042161 0.0342428 0.0277974 0.0225955 0.0184397 0.0151626 0.0126245 0.0107113 0.00933208 0.00841838 0.00792208 0.00781489 0.00808771 0.00875057 0.00983306 0.0113851 0.0134782 0.0162074 0.0196929 0.0240829 0.0295563 0.0363252 0.0446386 0.0547846 0.0670941 0.0819423 0.0997521 0.120994 0.146188 0.175901 0.210749 0.251388 0.298514 0.352855 0.415162 0.486198 0.566728 0.657503 0.759247 0.872638 0.998292 1.13674 1.28843 1.45368 1.63267 1.82544 2.03189 2.25171 2.48444 2.72945 2.98591 3.25283 3.52905 3.81327 4.10405 4.39987 4.69908 5 
4 3.75896 3.51929 3.28235 3.04943 2.82178 2.60054 2.38675 2.18135 1.98512 1.79874 1.6227 1.45739 1.30303 1.15972 1.02743 0.906013 0.795201 0.694648 0.603926 0.522541 0.449948 0.38557 0.328801 0.279031 0.235646 0.198046 0.165647 0.137891 0.114251 0.094235 0.0773882 0.0632943 0.051576 0.0418957 0.0339528 0.0274836 0.0222584 0.0180798 0.0147803 0.0122202 0.0102849 0.00888389 0.00794835 0.00743023 0.0073012 0.00755215 0.00819316 0.00925382 0.0107841 0.0128558 0.0155637 0.0190284 0.0233982 0.0288521 0.0356027 0.0438988 0.0540291 0.0663245 0.081161 0.0989611 0.120196 0.145386 0.175099 0.20995 0.250597 0.297734 0.352092 0.414418 0.485479 0.566038 0.656846 0.758626 0.872058 0.997754 1.13625 1.28799 1.45328 1.63231 1.82514 2.03162 2.25149 2.48426 2.7293 2.98579 3.25274 3.52898 3.81322 4.10402 4.39985 4.69907 5 
4 3.75901 3.51939 3.2825 3.04963 2.82201 2.60081 2.38705 2.18167 1.98546 1.79908 1.62305 1.45773 1.30337 1.16005 1.02774 0.906293 0.795455 0.694874 0.604122 0.522705 0.450081 0.385669 0.328869 0.279068 0.235653 0.198023 0.165596 0.137813 0.114147 0.094107 0.0772369 0.0631206 0.051381 0.04168 0.0337173 0.0272287 0.0219847 0.0177876 0.01447 0.0118918 0.00993863 0.00851977 0.00756642 0.00703046 0.00688356 0.00711662 0.00773971 0.00878249 0.010295 0.0123489 0.0150394 0.018487 0.0228401 0.028278 0.0350132 0.043295 0.0534121 0.0656959 0.0805221 0.0983142 0.119543 0.14473 0.174442 0.209295 0.249946 0.297092 0.351461 0.413803 0.484883 0.565464 0.656297 0.758107 0.871569 0.997299 1.13583 1.2876 1.45293 1.63201 1.82486 2.03139 2.25129 2.48409 2.72916 2.98568 3.25265 3.52891 3.81317 4.10398 4.39982 4.69905 5 
4 3.75905 3.51947 3.28262 3.04978 2.8222 2.60102 2.38728 2.18192 1.98572 1.79935 1.62332 1.458 1.30363 1.1603 1.02797 0.90651 0.795652 0.695049 0.604273 0.522832 0.450182 0.385746 0.328921 0.279095 0.235657 0.198004 0.165554 0.13775 0.114064 0.0940046 0.0771158 0.0629817 0.051225 0.0415075 0.0335288 0.0270248 0.0217655 0.0175536 0.0142213 0.0116285 0.00966086 0.00822754 0.00725972 0.00670928 0.00654785 0.00676633 0.00737484 0.00840302 0.00990097 0.0119404 0.0146166 0.0180501 0.0223896 0.0278143 0.0345369 0.0428068 0.052913 0.0651868 0.0800045 0.0977894 0.119013 0.144196 0.173907 0.20876 0.249415 0.296567 0.350945 0.413299 0.484393 0.56499 0.655844 0.757675 0.871162 0.996918 1.13548 1.28728 1.45264 1.63174 1.82463 2.03118 2.25111 2.48394 2.72904 2.98557 3.25256 3.52884 3.81311 4.10395 4.3998 4.69904 5 
4 3.75908 3.51953 3.2827 3.04989 2.82234 2.60118 2.38746 2.18211 1.98593 1.79956 1.62353 1.45821 1.30383 1.16049 1.02815 0.906678 0.795804 0.695184 0.604391 0.522931 0.450262 0.385807 0.328962 0.279117 0.23566 0.19799 0.165523 0.137702 0.114 0.093925 0.0770217 0.0628735 0.0511033 0.0413727 0.0333814 0.0268649 0.0215936 0.0173698 0.0140256 0.0114212 0.00944189 0.00799692 0.00701744 0.00645529 0.00628212 0.00648882 0.00708549 0.00810184 0.00958796 0.0116157 0.0142802 0.0177023 0.0220305 0.0274444 0.0341565 0.0424167 0.0525137 0.0647793 0.0795898 0.0973686 0.118587 0.143767 0.173476 0.20833 0.248987 0.296143 0.350527 0.41289 0.483994 0.564605 0.655473 0.757321 0.870826 0.996603 1.13519 1.28701 1.45239 1.63152 1.82443 2.031 2.25095 2.4838 2.72892 2.98548 3.25248 3.52878 3.81307 4.10391 4.39977 4.69903 5 
4 3.75911 3.51958 3.28277 3.04998 2.82244 2.6013 2.3876 2.18226 1.98608 1.79972 1.62369 1.45837 1.30398 1.16064 1.02829 0.906809 0.795924 0.695291 0.604484 0.523009 0.450326 0.385856 0.328997 0.279138 0.235666 0.197982 0.165501 0.137668 0.113954 0.0938668 0.076952 0.0627929 0.0510121 0.0412713 0.0332699 0.0267438 0.0214629 0.0172296 0.0138761 0.0112623 0.00927376 0.0078195 0.00683067 0.00625915 0.00607653 0.00627374 0.00686089 0.00786767 0.00934424 0.0113624 0.0140175 0.0174302 0.0217494 0.0271543 0.033858 0.04211 0.0521995 0.0644581 0.0792625 0.097036 0.118251 0.143427 0.173135 0.207988 0.248646 0.295805 0.350193 0.412561 0.483674 0.564294 0.655173 0.757034 0.870553 0.996346 1.13494 1.28678 1.45218 1.63133 1.82426 2.03085 2.25082 2.48369 2.72882 2.98539 3.25241 3.52872 3.81302 4.10388 4.39975 4.69902 5 
4 3.75912 3.51962 3.28283 3.05005 2.82252 2.60139 2.3877 2.18237 1.9862 1.79984 1.62381 1.45849 1.30411 1.16075 1.02841 0.906912 0.796019 0.695377 0.604559 0.523074 0.45038 0.385899 0.329029 0.279159 0.235677 0.197982 0.165491 0.137648 0.113925 0.0938286 0.0769052 0.0627376 0.0509487 0.0411999 0.0331908 0.0266571 0.0213688 0.0171281 0.0137673 0.0111462 0.00915028 0.00768865 0.00669241 0.00611341 0.00592327 0.00611289 0.00669239 0.00769149 0.00916034 0.0111708 0.0138182 0.0172234 0.0215351 0.0269327 0.0336293 0.0418746 0.0519578 0.0642107 0.0790097 0.0967787 0.11799 0.143163 0.172868 0.207721 0.248379 0.29554 0.349931 0.412303 0.48342 0.564048 0.654935 0.756805 0.870335 0.996139 1.13475 1.2866 1.45202 1.63118 1.82412 2.03073 2.25071 2.48359 2.72874 2.98532 3.25235 3.52867 3.81298 4.10385 4.39974 4.69901 5 
4 3.75914 3.51964 3.28287 3.0501 2.82259 2.60147 2.38778 2.18246 1.98629 1.79994 1.62391 1.45859 1.3042 1.16085 1.02849 0.906997 0.796097 0.695448 0.604624 0.523131 0.450429 0.38594 0.329062 0.279184 0.235694 0.197992 0.165494 0.137643 0.113913 0.0938102 0.0768802 0.0627064 0.0509113 0.0411566 0.0331417 0.0266022 0.0213082 0.0170618 0.0136953 0.0110686 0.00906694 0.00759954 0.00659748 0.00601258 0.00581647 0.00600005 0.00657344 0.00756638 0.00902903 0.0110333 0.0136745 0.0170734 0.021379 0.0267706 0.0334614 0.0417011 0.051779 0.0640268 0.0788213 0.0965862 0.117794 0.142964 0.172668 0.207519 0.248177 0.295337 0.34973 0.412105 0.483226 0.563857 0.65475 0.756627 0.870164 0.995976 1.1346 1.28646 1.45188 1.63105 1.82401 2.03063 2.25062 2.48351 2.72867 2.98526 3.2523 3.52863 3.81295 4.10383 4.39972 4.699 5 
4 3.75915 3.51966 3.2829 3.05014 2.82264 2.60152 2.38785 2.18253 1.98636 1.80001 1.62399 1.45867 1.30428 1.16092 1.02857 0.907068 0.796164 0.695511 0.604682 0.523185 0.450478 0.385983 0.329099 0.279216 0.235721 0.198013 0.16551 0.137654 0.113919 0.0938118 0.0768773 0.0626989 0.0508995 0.0411405 0.0331213 0.0265776 0.0212793 0.0170288 0.013658 0.0110269 0.00902093 0.00754909 0.00654251 0.00595301 0.00575221 0.00593101 0.00649954 0.00748754 0.00894519 0.0109444 0.0135805 0.0169744 0.0212749 0.0266615 0.0333474 0.0415823 0.0516556 0.0638991 0.0786895 0.0964507 0.117655 0.142823 0.172523 0.207373 0.248029 0.29519 0.349583 0.411959 0.483081 0.563716 0.654612 0.756493 0.870035 0.995853 1.13448 1.28635 1.45178 1.63096 1.82392 2.03054 2.25054 2.48345 2.72861 2.98521 3.25226 3.5286 3.81292 4.10381 4.39971 4.699 5 
4 3.75916 3.51968 3.28292 3.05017 2.82268 2.60157 2.3879 2.18258 1.98642 1.80007 1.62405 1.45873 1.30435 1.16099 1.02863 0.907132 0.796226 0.695571 0.604739 0.523239 0.450529 0.386031 0.329145 0.279258 0.235759 0.198048 0.165542 0.137684 0.113945 0.093835 0.0768975 0.0627163 0.0509139 0.041152 0.0331299 0.0265833 0.0212821 0.0170285 0.0136547 0.0110204 0.00901118 0.007536 0.00652598 0.00593293 0.00572848 0.00590352 0.00646819 0.00745223 0.00890584 0.0109009 0.0135328 0.0169225 0.0212187 0.0266011 0.0332828 0.0415135 0.0515827 0.0638222 0.0786088 0.0963664 0.117567 0.142732 0.17243 0.207277 0.247932 0.295091 0.349483 0.411859 0.482982 0.563617 0.654515 0.756398 0.869943 0.995763 1.13439 1.28627 1.4517 1.63088 1.82385 2.03048 2.25049 2.4834 2.72857 2.98517 3.25223 3.52857 3.8129 4.10379 4.3997 4.69899 5 
4 3.75916 3.51969 3.28294 3.0502 2.82271 2.60161 2.38794 2.18263 1.98647 1.80013 1.62411 1.45879 1.3044 1.16105 1.0287 0.907193 0.796288 0.695632 0.6048 0.523299 0.450588 0.386089 0.329201 0.279313 0.235813 0.198101 0.165594 0.137734 0.113994 0.0938821 0.0769431 0.0627604 0.0509565 0.041193 0.0331692 0.0266208 0.0213178 0.0170622 0.0136864 0.0110499 0.00903842 0.00756082 0.00654826 0.00595253 0.00574527 0.00591737 0.00647897 0.00745981 0.0089101 0.0109018 0.0135301 0.0169162 0.0212087 0.0265873 0.0332652 0.0414921 0.0515575 0.0637932 0.0785761 0.0963301 0.117527 0.142689 0.172384 0.207228 0.247881 0.295037 0.349427 0.411801 0.482923 0.563558 0.654455 0.756338 0.869884 0.995706 1.13434 1.28621 1.45165 1.63084 1.82381 2.03044 2.25045 2.48336 2.72853 2.98514 3.2522 3.52855 3.81289 4.10378 4.39969 4.69899 5 
4 3.75917 3.51971 3.28296 3.05022 2.82273 2.60164 2.38797 2.18267 1.98652 1.80017 1.62416 1.45884 1.30446 1.16111 1.02876 0.907257 0.796353 0.695699 0.604868 0.523368 0.450658 0.38616 0.329273 0.279386 0.235887 0.198175 0.165668 0.137808 0.114068 0.0939568 0.0770178 0.0628349 0.0510307 0.0412668 0.0332425 0.0266934 0.0213895 0.017133 0.0137559 0.0111182 0.00910526 0.00762605 0.00661169 0.00601402 0.00580463 0.00597444 0.00653358 0.0075118 0.00895931 0.010948 0.0135733 0.0169561 0.0212453 0.0266204 0.0332947 0.041518 0.0515796 0.0638115 0.0785906 0.0963407 0.117534 0.142692 0.172383 0.207224 0.247873 0.295026 0.349413 0.411784 0.482903 0.563535 0.654431 0.756312 0.869856 0.995676 1.13431 1.28618 1.45162 1.63081 1.82378 2.03041 2.25042 2.48333 2.72851 2.98512 3.25218 3.52853 3.81287 4.10377 4.39968 4.69898 5 
4 3.75917 3.51971 3.28297 3.05024 2.82276 2.60166 2.38801 2.18271 1.98656 1.80022 1.62421 1.4589 1.30452 1.16117 1.02882 0.907327 0.796427 0.695777 0.604949 0.523453 0.450746 0.386251 0.329366 0.279481 0.235985 0.198275 0.16577 0.137912 0.114174 0.0940643 0.0771266 0.0629449 0.0511416 0.0413785 0.0333547 0.0268059 0.0215022 0.0172456 0.0138683 0.0112301 0.00921641 0.00773628 0.0067208 0.00612177 0.00591082 0.00607886 0.00663601 0.00761204 0.00905713 0.0110432 0.0136657 0.0170455 0.0213315 0.0267032 0.0333739 0.0415934 0.0516511 0.063879 0.0786538 0.0963996 0.117589 0.142742 0.172429 0.207265 0.247909 0.295058 0.34944 0.411806 0.482921 0.563549 0.65444 0.756317 0.869858 0.995675 1.1343 1.28618 1.45161 1.63079 1.82376 2.0304 2.25041 2.48332 2.7285 2.98511 3.25217 3.52852 3.81286 4.10376 4.39968 4.69898 5 
4 3.75918 3.51972 3.28298 3.05026 2.82278 2.60169 2.38804 2.18274 1.9866 1.80027 1.62426 1.45896 1.30458 1.16124 1.0289 0.907409 0.796515 0.69587 0.605048 0.523557 0.450855 0.386365 0.329486 0.279606 0.236113 0.198408 0.165907 0.138053 0.114318 0.0942113 0.0772764 0.0630972 0.0512962 0.041535 0.0335129 0.0269656 0.021663 0.0174072 0.0140305 0.0113926 0.00937886 0.00789845 0.00688242 0.00628257 0.00607052 0.00623718 0.0067927 0.00776681 0.00920972 0.0111934 0.0138131 0.0171899 0.0214726 0.0268408 0.0335077 0.0417231 0.0517764 0.0639997 0.0787697 0.0965104 0.117694 0.142842 0.172523 0.207353 0.247991 0.295133 0.349509 0.411869 0.482978 0.563599 0.654484 0.756355 0.869889 0.995701 1.13432 1.28619 1.45162 1.6308 1.82377 2.0304 2.2504 2.48332 2.72849 2.9851 3.25216 3.52852 3.81286 4.10376 4.39967 4.69898 5 
4 3.75918 3.51973 3.283 3.05028 2.8228 2.60172 2.38807 2.18278 1.98664 1.80032 1.62432 1.45902 1.30466 1.16132 1.02899 0.907506 0.79662 0.695983 0.605169 0.523686 0.450993 0.38651 0.329638 0.279765 0.23628 0.198581 0.166086 0.138238 0.114508 0.0944064 0.077476 0.0633009 0.0515036 0.0417457 0.0337266 0.0271817 0.0218813 0.0176273 0.014252 0.0116151 0.00960214 0.00812207 0.00710603 0.00650582 0.00629307 0.00645867 0.00701278 0.00798514 0.00942594 0.0114071 0.0140241 0.0173977 0.0216768 0.0270411 0.0337037 0.0419145 0.0519628 0.0641807 0.0789449 0.0966794 0.117856 0.142997 0.172671 0.207493 0.248123 0.295258 0.349625 0.411977 0.483076 0.563689 0.654565 0.756427 0.869952 0.995755 1.13437 1.28623 1.45165 1.63083 1.82379 2.03041 2.25041 2.48332 2.72849 2.9851 3.25216 3.52851 3.81285 4.10375 4.39967 4.69898 5 
4 3.75919 3.51974 3.28301 3.05029 2.82282 2.60175 2.3881 2.18282 1.98669 1.80038 1.62439 1.4591 1.30474 1.16142 1.0291 0.907623 0.796749 0.696124 0.605321 0.523849 0.451166 0.386695 0.329833 0.27997 0.236494 0.198804 0.166318 0.138477 0.114756 0.0946604 0.0777365 0.0635673 0.0517754 0.0420223 0.0340074 0.0274664 0.0221693 0.0179181 0.0145452 0.0119102 0.00989865 0.00841956 0.00740404 0.00680391 0.00659079 0.00675558 0.00730843 0.00827908 0.00971772 0.0116963 0.0143102 0.0176802 0.0219554 0.0273151 0.0339727 0.042178 0.0522203 0.0644316 0.0791887 0.0969156 0.118084 0.143217 0.172881 0.207694 0.248313 0.295437 0.349793 0.412133 0.483221 0.563821 0.654685 0.756535 0.870049 0.99584 1.13444 1.28629 1.4517 1.63087 1.82382 2.03044 2.25043 2.48333 2.7285 2.98511 3.25216 3.52851 3.81285 4.10375 4.39967 4.69898 5 
4 3.75919 3.51975 3.28302 3.05031 2.82285 2.60178 2.38814 2.18287 1.98675 1.80044 1.62446 1.45919 1.30484 1.16153 1.02922 0.907767 0.796907 0.696297 0.605509 0.524052 0.451384 0.386927 0.330079 0.28023 0.236767 0.199089 0.166614 0.138784 0.115073 0.0949869 0.0780717 0.0639104 0.0521258 0.0423794 0.0343705 0.0278347 0.0225422 0.0182951 0.0149256 0.0122934 0.0102841 0.00880665 0.0077922 0.00719257 0.00697938 0.00714355 0.0076952 0.00866408 0.0101004 0.012076 0.0146864 0.0180523 0.0223227 0.0276771 0.0343287 0.0425272 0.0525621 0.0647653 0.0795137 0.097231 0.11839 0.143511 0.173163 0.207964 0.24857 0.29568 0.350022 0.412347 0.483419 0.564003 0.654851 0.756685 0.870183 0.995958 1.13455 1.28638 1.45178 1.63093 1.82387 2.03047 2.25046 2.48335 2.72851 2.98511 3.25217 3.52851 3.81285 4.10375 4.39967 4.69898 5 
4 3.75919 3.51976 3.28303 3.05033 2.82287 2.60181 2.38818 2.18292 1.98681 1.80052 1.62455 1.45929 1.30497 1.16167 1.02938 0.907943 0.797103 0.696512 0.605744 0.524306 0.451657 0.387219 0.330389 0.280557 0.237111 0.199449 0.166989 0.139174 0.115475 0.0954021 0.0784983 0.0643476 0.0525726 0.0428349 0.0348339 0.0283052 0.0230189 0.0187772 0.0154123 0.0127841 0.0107778 0.00930279 0.00829 0.00769132 0.00747835 0.00764202 0.00819246 0.00915941 0.010593 0.0125653 0.0151715 0.0185325 0.0227971 0.0281449 0.0347891 0.0429794 0.0530051 0.0651983 0.0799356 0.0976409 0.118787 0.143894 0.173531 0.208316 0.248905 0.295997 0.35032 0.412626 0.483678 0.564242 0.655069 0.756882 0.870358 0.996113 1.13468 1.28649 1.45187 1.63101 1.82393 2.03052 2.25049 2.48338 2.72853 2.98512 3.25217 3.52851 3.81285 4.10375 4.39966 4.69898 5 
4 3.7592 3.51976 3.28305 3.05035 2.82289 2.60184 2.38823 2.18297 1.98688 1.8006 1.62466 1.45941 1.30511 1.16184 1.02957 0.908157 0.797342 0.696776 0.606033 0.524621 0.451997 0.387583 0.330777 0.280967 0.237543 0.199902 0.167461 0.139664 0.115983 0.0959256 0.0790366 0.0648995 0.053137 0.0434106 0.0354198 0.0289003 0.0236221 0.0193875 0.0160287 0.0134055 0.0114035 0.00993169 0.00892123 0.00832396 0.0081115 0.00827478 0.00882392 0.00978865 0.0112191 0.0131873 0.0157884 0.0191434 0.023401 0.0287408 0.0353758 0.0435558 0.0535702 0.0657507 0.0804741 0.0981644 0.119294 0.144383 0.174002 0.208766 0.249334 0.296403 0.350702 0.412983 0.48401 0.564547 0.655347 0.757132 0.870582 0.996309 1.13485 1.28664 1.45199 1.6311 1.82401 2.03058 2.25053 2.4834 2.72854 2.98513 3.25217 3.52851 3.81284 4.10374 4.39966 4.69897 5 
4 3.7592 3.51977 3.28306 3.05036 2.82292 2.60187 2.38827 2.18303 1.98696 1.8007 1.62478 1.45956 1.30528 1.16204 1.0298 0.908417 0.797634 0.6971 0.60639 0.52501 0.452417 0.388034 0.331258 0.281478 0.238081 0.200466 0.168051 0.140277 0.116618 0.0965809 0.0797108 0.0655911 0.0538445 0.0441325 0.0361548 0.0296469 0.0243791 0.0201536 0.0168026 0.014186 0.0121894 0.0107218 0.00971446 0.00911913 0.00890749 0.00907044 0.00961811 0.0105802 0.012007 0.0139702 0.0165651 0.0199127 0.0241616 0.0294914 0.036115 0.0442822 0.0542823 0.0664471 0.0811531 0.0988245 0.119933 0.145 0.174595 0.209333 0.249874 0.296914 0.351183 0.413432 0.484426 0.564929 0.655695 0.757445 0.870859 0.996552 1.13506 1.28682 1.45214 1.63122 1.8241 2.03065 2.25058 2.48343 2.72856 2.98513 3.25217 3.5285 3.81283 4.10373 4.39965 4.69897 5 
4 3.7592 3.51977 3.28306 3.05038 2.82294 2.60191 2.38832 2.1831 1.98704 1.80081 1.62491 1.45973 1.30548 1.16227 1.03007 0.908731 0.797987 0.697495 0.606826 0.525487 0.452934 0.388591 0.331853 0.282109 0.238747 0.201166 0.168782 0.141038 0.117407 0.0973957 0.0805494 0.0664516 0.0547251 0.0450314 0.0370701 0.030577 0.0253223 0.0211083 0.0177672 0.015159 0.0131692 0.0117071 0.0107037 0.0101109 0.0099004 0.0100631 0.010609 0.011568 0.0129902 0.0149473 0.0175347 0.0208731 0.0251113 0.0304286 0.0370381 0.0451894 0.0551717 0.0673167 0.0820012 0.0996486 0.120731 0.14577 0.175335 0.210041 0.250547 0.297551 0.351781 0.41399 0.484942 0.565402 0.656124 0.75783 0.8712 0.996849 1.13531 1.28703 1.45231 1.63136 1.8242 2.03072 2.25063 2.48346 2.72856 2.98513 3.25215 3.52848 3.81281 4.10371 4.39964 4.69896 5 
4 3.7592 3.51977 3.28307 3.05038 2.82296 2.60194 2.38836 2.18316 1.98713 1.80093 1.62507 1.45992 1.30571 1.16255 1.0304 0.909106 0.798414 0.697973 0.607355 0.526067 0.453566 0.389272 0.332582 0.282885 0.239568 0.202028 0.169684 0.141978 0.118381 0.0984022 0.0815859 0.0675156 0.0558142 0.0461434 0.0382027 0.0317281 0.0264898 0.0222901 0.0189614 0.0163637 0.0143826 0.0129273 0.0119289 0.0113394 0.0111304 0.0112928 0.0118367 0.0127919 0.0142084 0.0161581 0.0187362 0.0220633 0.0262882 0.0315902 0.0381821 0.0463137 0.0562738 0.0683943 0.0830516 0.10067 0.12172 0.146724 0.17625 0.210916 0.251379 0.298336 0.352518 0.414676 0.485575 0.565982 0.656647 0.758298 0.871611 0.997204 1.13561 1.28728 1.45251 1.63151 1.82431 2.03079 2.25067 2.48347 2.72856 2.98511 3.25212 3.52845 3.81278 4.10368 4.39962 4.69895 5 
4 3.7592 3.51977 3.28306 3.05038 2.82296 2.60196 2.3884 2.18323 1.98723 1.80106 1.62524 1.46013 1.30598 1.16288 1.03078 0.909551 0.798922 0.698546 0.607994 0.526771 0.454333 0.390101 0.333472 0.283833 0.240571 0.203084 0.17079 0.14313 0.119577 0.0996383 0.0828591 0.0688231 0.0571529 0.0475106 0.0395955 0.0331439 0.0279259 0.023744 0.0204307 0.0178461 0.0158758 0.0144289 0.0134368 0.0128514 0.0126443 0.0128064 0.0133479 0.0142985 0.0157081 0.0176486 0.0202152 0.0235284 0.027737 0.03302 0.0395903 0.0476973 0.0576302 0.0697201 0.0843439 0.101925 0.122935 0.147895 0.177375 0.211989 0.252398 0.299298 0.353419 0.415513 0.486346 0.566684 0.65728 0.75886 0.872103 0.997626 1.13597 1.28756 1.45274 1.63168 1.82442 2.03086 2.2507 2.48347 2.72853 2.98506 3.25206 3.52839 3.81272 4.10364 4.39958 4.69893 5 
4 3.75919 3.51976 3.28305 3.05037 2.82295 2.60196 2.38843 2.18328 1.98731 1.80119 1.62542 1.46037 1.30629 1.16325 1.03123 0.910075 0.799525 0.69923 0.608759 0.527616 0.455258 0.391104 0.33455 0.284983 0.24179 0.204369 0.172137 0.144534 0.121035 0.101147 0.0844139 0.0704202 0.0587888 0.0491814 0.0412981 0.0348747 0.0296818 0.0255219 0.0222277 0.0196591 0.017702 0.0162656 0.0152813 0.0147009 0.0144962 0.0146581 0.0151966 0.0161415 0.0175428 0.0194721 0.0220246 0.0253208 0.0295092 0.0347689 0.0413125 0.0493895 0.0592885 0.071341 0.0859231 0.103458 0.124419 0.149325 0.178745 0.213297 0.253638 0.300467 0.354512 0.416527 0.487277 0.567529 0.658038 0.759529 0.872683 0.998119 1.13637 1.28789 1.45298 1.63185 1.82453 2.03091 2.2507 2.48343 2.72846 2.98498 3.25197 3.5283 3.81264 4.10357 4.39953 4.69891 5 
4 3.75918 3.51973 3.28301 3.05033 2.82292 2.60194 2.38842 2.18331 1.98739 1.80131 1.62561 1.46063 1.30662 1.16367 1.03174 0.910685 0.800233 0.700039 0.609668 0.528626 0.456367 0.392309 0.335849 0.286372 0.243264 0.205924 0.173768 0.146237 0.122804 0.102977 0.0863012 0.0723597 0.0607757 0.0512116 0.043367 0.0369784 0.0318162 0.0276833 0.0244123 0.0218634 0.0199225 0.018499 0.0175241 0.01695 0.0167482 0.0169098 0.0174448 0.0183828 0.0197738 0.0216895 0.0242248 0.0275001 0.031664 0.0368951 0.0434062 0.0514461 0.0613037 0.07331 0.0878412 0.10532 0.126219 0.151058 0.180406 0.21488 0.255138 0.301877 0.355829 0.417744 0.488392 0.568538 0.658939 0.760319 0.873363 0.998689 1.13684 1.28825 1.45325 1.63203 1.82463 2.03094 2.25066 2.48335 2.72835 2.98484 3.25183 3.52815 3.81251 4.10346 4.39946 4.69887 5 
4 3.75915 3.51968 3.28295 3.05025 2.82285 2.60188 2.38839 2.18331 1.98743 1.80142 1.62579 1.4609 1.30699 1.16415 1.03233 0.911387 0.801058 0.700987 0.610741 0.529823 0.457687 0.393748 0.337403 0.288036 0.245034 0.207794 0.175731 0.148288 0.124937 0.105186 0.0885792 0.0747012 0.0631755 0.0536638 0.0458667 0.0395203 0.0343957 0.0302956 0.0270529 0.024528 0.0226068 0.0211989 0.0202356 0.019669 0.0194708 0.019632 0.0201627 0.0210924 0.022471 0.0243701 0.0268845 0.0301346 0.0342684 0.0394649 0.0459361 0.0539311 0.063738 0.075688 0.0901566 0.107567 0.12839 0.153147 0.182407 0.216784 0.256939 0.303569 0.357404 0.419198 0.489718 0.569733 0.659998 0.761243 0.874149 0.99934 1.13735 1.28864 1.45352 1.63219 1.82469 2.03091 2.25057 2.4832 2.72816 2.98463 3.25161 3.52794 3.81233 4.10331 4.39935 4.69882 5 
4 3.75911 3.51961 3.28284 3.05013 2.82272 2.60176 2.38829 2.18325 1.98743 1.8015 1.62595 1.46117 1.30738 1.16466 1.03298 0.912187 0.802008 0.70209 0.611998 0.531234 0.459247 0.395455 0.339251 0.29002 0.247147 0.210029 0.178081 0.150745 0.127493 0.107834 0.0913124 0.0775122 0.0660568 0.0566092 0.0488694 0.0425745 0.0374952 0.0334348 0.0302264 0.0277305 0.0258331 0.024444 0.0234947 0.0229373 0.0227435 0.0229043 0.0234297 0.0243493 0.025713 0.027592 0.0300812 0.0333006 0.0373983 0.0425526 0.0489757 0.056916 0.0666617 0.0785429 0.0929357 0.110262 0.130994 0.15565 0.184801 0.219061 0.25909 0.305585 0.359278 0.420921 0.491285 0.571137 0.661237 0.762311 0.875049 1.00007 1.13792 1.28905 1.45378 1.63231 1.82469 2.03081 2.25038 2.48295 2.72786 2.98431 3.25129 3.52764 3.81206 4.1031 4.39921 4.69874 5 
4 3.75905 3.5195 3.28269 3.04994 2.82251 2.60155 2.38811 2.18311 1.98736 1.80151 1.62608 1.46142 1.30777 1.16521 1.03371 0.913086 0.803092 0.703361 0.613459 0.532881 0.461079 0.397466 0.341436 0.29237 0.249655 0.212685 0.180877 0.153671 0.13054 0.110993 0.0945735 0.0808669 0.069497 0.0601264 0.0524561 0.0462229 0.0411983 0.0371857 0.0340185 0.0315574 0.0296888 0.0283224 0.0273898 0.0268433 0.0266548 0.0268151 0.0273343 0.0282419 0.0295875 0.0314425 0.0339013 0.0370839 0.0411379 0.0462417 0.0526065 0.060481 0.0701523 0.081951 0.0962515 0.113477 0.134097 0.158632 0.187649 0.221767 0.261641 0.307973 0.36149 0.422951 0.493122 0.572776 0.66267 0.763537 0.876065 1.00088 1.13853 1.28947 1.45401 1.63238 1.82461 2.0306 2.25007 2.48256 2.72742 2.98385 3.25083 3.52722 3.81169 4.1028 4.399 4.69863 5 
4 3.75897 3.51933 3.28246 3.04966 2.8222 2.60123 2.38781 2.18286 1.98719 1.80144 1.62613 1.46163 1.30815 1.16579 1.03449 0.914085 0.804314 0.704814 0.615141 0.534793 0.463215 0.399821 0.344 0.295137 0.252612 0.215823 0.184183 0.157135 0.13415 0.114738 0.0984418 0.0848483 0.0735807 0.0643029 0.0567156 0.0505567 0.0455975 0.0416422 0.0385243 0.0361049 0.0342705 0.0329311 0.0320186 0.0314853 0.031303 0.0314627 0.0319745 0.0328676 0.0341917 0.0360179 0.0384405 0.0415789 0.0455808 0.0506237 0.0569191 0.0647142 0.0742966 0.0859954 0.100186 0.117288 0.137774 0.162161 0.191019 0.224962 0.264651 0.310782 0.364088 0.425324 0.495261 0.574671 0.664315 0.764928 0.877201 1.00176 1.13917 1.28986 1.45419 1.63235 1.8244 2.03024 2.24958 2.48198 2.72679 2.98319 3.25019 3.52663 3.81118 4.10239 4.39871 4.69849 5 
4 3.75885 3.5191 3.28213 3.04925 2.82174 2.60075 2.38734 2.18245 1.98686 1.80123 1.62608 1.46176 1.30849 1.16636 1.03531 0.915172 0.805677 0.706455 0.617063 0.536992 0.465688 0.402558 0.346994 0.298373 0.25608 0.219508 0.188072 0.161213 0.138404 0.119152 0.103005 0.0895461 0.0784013 0.0692339 0.061746 0.0556753 0.0507943 0.046907 0.0438477 0.0414778 0.0396842 0.038377 0.0374883 0.0369705 0.0367957 0.0369547 0.0374575 0.0383335 0.039632 0.041424 0.0438034 0.0468895 0.0508292 0.0557998 0.0620119 0.0697128 0.0791885 0.0907684 0.104826 0.121782 0.142105 0.166316 0.194981 0.228716 0.268178 0.314069 0.367117 0.428082 0.497733 0.576848 0.666186 0.766489 0.878449 1.0027 1.1398 1.29021 1.45426 1.63217 1.82401 2.02966 2.24885 2.48115 2.72589 2.98228 3.24931 3.52582 3.81048 4.10184 4.39833 4.69829 5 
4 3.75868 3.51877 3.28166 3.04868 2.82109 2.60006 2.38666 2.18181 1.98632 1.80083 1.62586 1.46176 1.30875 1.1669 1.03615 0.916337 0.807174 0.708291 0.619238 0.539505 0.46853 0.405721 0.350463 0.302137 0.26012 0.22381 0.192618 0.165986 0.143386 0.124328 0.108356 0.0950584 0.0840591 0.0750233 0.0676529 0.0616871 0.0568983 0.0530918 0.0501018 0.0477905 0.0460449 0.0447758 0.0439152 0.0434158 0.0432497 0.0434079 0.0439003 0.044756 0.0460243 0.0477758 0.0501041 0.0531281 0.0569942 0.061879 0.0679927 0.0755813 0.0849307 0.0963685 0.110268 0.127049 0.14718 0.171179 0.199613 0.233097 0.272289 0.317888 0.370627 0.431263 0.500571 0.579325 0.668295 0.76822 0.879801 1.00368 1.14041 1.29046 1.45418 1.63179 1.82336 2.02878 2.2478 2.47997 2.72466 2.98103 3.24811 3.52472 3.80953 4.10109 4.39781 4.69802 5 
4 3.75845 3.51833 3.28102 3.04788 2.82017 2.59908 2.38567 2.18087 1.98549 1.80016 1.62541 1.46158 1.30887 1.16736 1.03698 0.917554 0.808795 0.71032 0.621679 0.542351 0.471774 0.409349 0.354461 0.306485 0.264802 0.228802 0.197902 0.171539 0.149189 0.130359 0.114597 0.101489 0.0906626 0.0817817 0.0745505 0.068708 0.0640282 0.0603164 0.0574081 0.0551656 0.0534766 0.052252 0.0514245 0.0509467 0.0507908 0.050948 0.051428 0.0522599 0.0534927 0.0551967 0.0574649 0.0604159 0.0641952 0.0689791 0.0749764 0.0824328 0.0916325 0.102903 0.116615 0.133189 0.15309 0.176838 0.204996 0.238181 0.277049 0.3223 0.374667 0.43491 0.503801 0.582124 0.670646 0.770115 0.881234 1.00465 1.14093 1.29056 1.45388 1.63112 1.82236 2.02752 2.24633 2.47836 2.72297 2.97935 3.2465 3.52325 3.80827 4.10009 4.39712 4.69767 5 
4 3.75814 3.51772 3.28015 3.04679 2.81892 2.59773 2.38429 2.17953 1.98427 1.79914 1.62464 1.46112 1.30878 1.16768 1.03775 0.918792 0.810516 0.712537 0.624387 0.545548 0.475446 0.413483 0.359036 0.31148 0.270191 0.234563 0.204007 0.177965 0.155908 0.137349 0.121834 0.10895 0.098326 0.0896277 0.0825593 0.0768617 0.0723093 0.0687087 0.0658957 0.0637337 0.0621108 0.0609384 0.0601493 0.0596967 0.0595528 0.0597088 0.0601744 0.0609785 0.0621697 0.063818 0.0660161 0.0688815 0.0725595 0.0772247 0.0830859 0.0903866 0.0994108 0.110483 0.123976 0.140304 0.159935 0.183384 0.211217 0.244045 0.282529 0.327365 0.379289 0.439058 0.507454 0.585255 0.673241 0.772158 0.882723 1.00559 1.14133 1.29043 1.45326 1.63005 1.82091 2.02574 2.2443 2.47616 2.72069 2.97709 3.24435 3.5213 3.80661 4.09877 4.39621 4.6972 5 
4 3.75772 3.51691 3.27898 3.04532 2.81722 2.59588 2.38239 2.17767 1.98254 1.79763 1.62343 1.46029 1.3084 1.16779 1.03839 0.92 0.812309 0.71492 0.627364 0.549107 0.479576 0.41816 0.364238 0.317179 0.27636 0.241169 0.211021 0.185355 0.163646 0.145404 0.130178 0.117557 0.10717 0.0986847 0.0918068 0.0862778 0.0818741 0.0784027 0.0757008 0.0736323 0.0720862 0.0709742 0.0702299 0.0698065 0.0696765 0.0698311 0.0702799 0.0710517 0.0721946 0.0737782 0.0758945 0.0786606 0.0822201 0.0867476 0.0924494 0.099569 0.108387 0.119229 0.132463 0.148504 0.167816 0.190915 0.218363 0.250772 0.288799 0.333144 0.384539 0.443748 0.511549 0.588731 0.67607 0.774329 0.884222 1.00642 1.1415 1.28997 1.45221 1.62847 1.81885 2.02329 2.24155 2.47322 2.71767 2.97411 3.24152 3.51874 3.80441 4.09705 4.39501 4.6966 5 
4 3.75717 3.51582 3.27742 3.04335 2.81494 2.59341 2.37982 2.17513 1.98014 1.79549 1.62165 1.45897 1.3076 1.16759 1.03883 0.921118 0.814125 0.717446 0.630595 0.553035 0.484179 0.423416 0.370114 0.323645 0.283377 0.248703 0.219033 0.193809 0.172506 0.154635 0.139746 0.127431 0.11732 0.109082 0.102425 0.0970917 0.0928598 0.0895382 0.0869646 0.0850043 0.0835468 0.0825048 0.0818121 0.0814225 0.0813085 0.0814614 0.0818909 0.0826251 0.0837123 0.0852211 0.087243 0.0898937 0.0933166 0.0976838 0.103201 0.11011 0.11869 0.129263 0.142195 0.157901 0.176842 0.199529 0.226526 0.258441 0.295932 0.339695 0.390467 0.449009 0.516107 0.592547 0.679119 0.776585 0.885679 1.00707 1.14137 1.28908 1.4506 1.6262 1.81601 2.01998 2.23789 2.46933 2.7137 2.9702 3.23783 3.5154 3.80156 4.09479 4.39346 4.6958 5 
4 3.75644 3.51439 3.27536 3.04076 2.81194 2.59011 2.37639 2.17172 1.97689 1.79253 1.61913 1.45698 1.30625 1.16695 1.03896 0.922061 0.815906 0.72007 0.634062 0.557326 0.489273 0.429278 0.376711 0.330931 0.291313 0.257242 0.228133 0.203423 0.182593 0.165152 0.150656 0.138695 0.128903 0.120951 0.114549 0.109441 0.105408 0.102258 0.0998326 0.0979965 0.0966409 0.0956792 0.0950458 0.0946948 0.0945992 0.0947502 0.0951573 0.0958487 0.0968717 0.0982946 0.100208 0.102726 0.105991 0.110174 0.115479 0.122144 0.130448 0.140709 0.153293 0.168609 0.187117 0.209326 0.235796 0.267135 0.303995 0.347078 0.397115 0.454873 0.521135 0.5967 0.682356 0.778883 0.887015 1.00745 1.14079 1.28759 1.44825 1.62307 1.81219 2.01559 2.23307 2.46425 2.70852 2.96512 3.23302 3.51106 3.79786 4.09188 4.39144 4.69477 5 
4 3.75548 3.51253 3.27267 3.03736 2.80799 2.58579 2.37187 2.16719 1.97254 1.78854 1.61564 1.45414 1.30417 1.16572 1.03866 0.922731 0.817569 0.722741 0.637728 0.56197 0.49486 0.435772 0.384063 0.339095 0.300233 0.266867 0.238407 0.214297 0.194012 0.177071 0.163026 0.151474 0.142049 0.134426 0.128316 0.123467 0.119661 0.116709 0.114452 0.112758 0.111519 0.110649 0.110083 0.109776 0.109701 0.10985 0.110232 0.110874 0.111824 0.113148 0.114937 0.117303 0.120388 0.12436 0.12942 0.135806 0.143793 0.153696 0.165877 0.180743 0.198751 0.220406 0.246265 0.276931 0.31306 0.355345 0.404524 0.461358 0.526641 0.601169 0.685745 0.78115 0.888144 1.00743 1.13964 1.28533 1.44496 1.61882 1.80711 2.00982 2.22679 2.45765 2.70183 2.95855 3.22683 3.50547 3.79309 4.08812 4.38885 4.69345 5 
4 3.75424 3.5101 3.26917 3.03295 2.80285 2.58014 2.36596 2.16125 1.9668 1.78321 1.61093 1.4502 1.30115 1.16373 1.03777 0.922994 0.819021 0.72538 0.641549 0.566939 0.500942 0.442913 0.392209 0.348183 0.310203 0.277651 0.249944 0.226523 0.20687 0.190501 0.176975 0.165891 0.156886 0.149638 0.143863 0.139309 0.135761 0.133033 0.130969 0.129436 0.12833 0.127564 0.127075 0.126818 0.126767 0.126913 0.127266 0.127852 0.128719 0.129931 0.131579 0.133773 0.136652 0.140383 0.145164 0.151231 0.158855 0.168348 0.180068 0.194418 0.21185 0.232867 0.258019 0.28791 0.323188 0.364549 0.412724 0.468483 0.532614 0.605927 0.689226 0.783311 0.888948 1.00687 1.13772 1.2821 1.44047 1.61319 1.80046 2.00234 2.21868 2.44916 2.69323 2.95014 3.2189 3.49831 3.78698 4.0833 4.38552 4.69175 5 
4 3.75263 3.50696 3.26464 3.02723 2.7962 2.57284 2.3583 2.15354 1.95932 1.77623 1.60468 1.44489 1.29693 1.16074 1.0361 0.922705 0.820134 0.727904 0.645457 0.572201 0.507499 0.450709 0.401172 0.35824 0.321276 0.289667 0.262824 0.240196 0.221264 0.205551 0.192617 0.182067 0.17354 0.16672 0.161323 0.157104 0.153849 0.151375 0.149528 0.148178 0.147221 0.146573 0.14617 0.14597 0.145946 0.146089 0.146409 0.146932 0.147705 0.148791 0.150279 0.152277 0.154923 0.158381 0.162847 0.168552 0.175763 0.184789 0.195983 0.209743 0.226518 0.246802 0.271145 0.300141 0.33444 0.374729 0.421744 0.476249 0.539042 0.610929 0.692734 0.785258 0.889297 1.00559 1.13483 1.27763 1.4345 1.60583 1.79188 1.99274 2.20832 2.43834 2.68228 2.93942 3.20878 3.48918 3.77918 4.07714 4.38126 4.68957 5 
4 3.75056 3.50292 3.25881 3.01989 2.78766 2.56346 2.34846 2.14361 1.94967 1.76718 1.59652 1.43786 1.29123 1.1565 1.03344 0.921677 0.820772 0.730197 0.649381 0.5777 0.514514 0.459157 0.410972 0.3693 0.333508 0.302977 0.277126 0.255402 0.237293 0.222324 0.210064 0.200117 0.192132 0.185794 0.180825 0.176983 0.174059 0.171871 0.170268 0.169123 0.168334 0.167818 0.167513 0.167376 0.167382 0.167522 0.167805 0.168257 0.168924 0.169868 0.171176 0.172955 0.175338 0.178489 0.182599 0.187894 0.194639 0.203137 0.213734 0.226826 0.242851 0.262303 0.285718 0.313694 0.346866 0.385926 0.4316 0.484658 0.545892 0.616125 0.696177 0.786878 0.889026 1.0034 1.13072 1.27163 1.42669 1.59636 1.78092 1.98054 2.19519 2.42463 2.66841 2.92583 3.19595 3.47757 3.76925 4.06931 4.37584 4.6868 5 
4 3.74791 3.49774 3.25135 3.01048 2.77673 2.55148 2.33589 2.13094 1.93733 1.75558 1.586 1.42871 1.28367 1.15072 1.02953 0.919707 0.820759 0.732135 0.65322 0.583379 0.521943 0.468247 0.421615 0.381393 0.346938 0.317641 0.292916 0.27222 0.255043 0.240918 0.229416 0.220151 0.212774 0.206978 0.20249 0.199071 0.196516 0.194648 0.193319 0.192404 0.191802 0.191433 0.191237 0.191171 0.19121 0.191346 0.191588 0.191961 0.192509 0.193295 0.194401 0.195934 0.198025 0.200831 0.204541 0.209377 0.215598 0.223501 0.233428 0.245763 0.260942 0.279447 0.301814 0.328624 0.360514 0.398164 0.442303 0.493691 0.553132 0.621441 0.699461 0.788024 0.887963 1.00007 1.12511 1.26378 1.41668 1.58432 1.76708 1.96517 2.17866 2.40738 2.65093 2.90869 3.17973 3.46288 3.75667 4.05935 4.36895 4.68327 5 
4 3.74451 3.4911 3.2418 2.99848 2.76281 2.53623 2.31994 2.11487 1.92169 1.74085 1.5726 1.41698 1.27388 1.14303 1.02408 0.91655 0.819913 0.733564 0.656868 0.589154 0.529746 0.477954 0.433105 0.394534 0.361605 0.333704 0.310257 0.29072 0.274595 0.261416 0.250767 0.242264 0.23557 0.230379 0.226427 0.22348 0.221337 0.219825 0.2188 0.218139 0.217746 0.217541 0.217465 0.217477 0.217554 0.217686 0.217882 0.218167 0.218584 0.219193 0.220076 0.221336 0.223099 0.225522 0.228786 0.23311 0.238744 0.245982 0.255155 0.266644 0.28087 0.298312 0.31949 0.344985 0.375417 0.411467 0.45385 0.503332 0.560706 0.626804 0.702464 0.788547 0.885895 0.995347 1.11769 1.25369 1.40399 1.5692 1.74975 1.94598 2.15801 2.3858 2.62904 2.88716 3.15932 3.44435 3.74076 4.04674 4.3602 4.67879 5 
4 3.74015 3.48262 3.22963 2.9832 2.74514 2.51694 2.2998 2.09462 1.90201 1.72233 1.55573 1.40215 1.26137 1.13306 1.01676 0.911948 0.818015 0.734326 0.660197 0.594943 0.537857 0.488249 0.445428 0.408736 0.37753 0.351209 0.329197 0.310964 0.296014 0.283896 0.274197 0.266545 0.260608 0.256091 0.252734 0.250309 0.248622 0.247504 0.246815 0.246436 0.246273 0.246249 0.246306 0.246405 0.246522 0.24665 0.246795 0.246983 0.247255 0.247669 0.248305 0.249262 0.250664 0.252661 0.255432 0.259186 0.264171 0.270668 0.279003 0.289544 0.302707 0.318955 0.338803 0.362814 0.391606 0.425841 0.466236 0.513543 0.568562 0.632115 0.705063 0.788267 0.882608 0.988942 1.10812 1.24094 1.38815 1.5504 1.72828 1.92218 2.1324 2.35897 2.60174 2.86024 3.13371 3.42101 3.72066 4.03076 4.34909 4.6731 5 
4 3.73458 3.47179 3.21411 2.96379 2.72277 2.4926 2.27448 2.06925 1.87741 1.69922 1.53468 1.38359 1.24565 1.12037 1.00723 0.905606 0.814842 0.734234 0.663077 0.600642 0.546216 0.499086 0.458569 0.423994 0.394732 0.37018 0.349777 0.332997 0.319359 0.308417 0.299774 0.293064 0.287966 0.284191 0.28149 0.279641 0.278456 0.277772 0.277453 0.277384 0.277473 0.277647 0.277851 0.278045 0.278207 0.278329 0.278419 0.2785 0.278612 0.278813 0.279176 0.279801 0.280805 0.282334 0.28456 0.287687 0.291952 0.297631 0.305037 0.314529 0.326508 0.34143 0.35979 0.382145 0.409093 0.441292 0.47944 0.524289 0.576625 0.637283 0.707115 0.78701 0.877858 0.980565 1.09602 1.22508 1.36858 1.52729 1.70188 1.89292 2.10081 2.3258 2.56785 2.82669 3.10164 3.39168 3.6953 4.01054 4.335 4.66586 5 
4 3.72744 3.45793 3.19432 2.93915 2.69449 2.46199 2.2428 2.03764 1.84689 1.67062 1.50866 1.36066 1.22614 1.1045 0.995099 0.897226 0.810144 0.733109 0.665359 0.606151 0.554743 0.510424 0.472496 0.440303 0.413212 0.390637 0.372021 0.356856 0.344667 0.335028 0.327547 0.321875 0.317698 0.314741 0.312759 0.311542 0.310906 0.310696 0.310781 0.31105 0.311416 0.311807 0.31217 0.312468 0.312679 0.312795 0.312824 0.312789 0.312727 0.312693 0.31276 0.31302 0.313589 0.314605 0.316235 0.318673 0.322149 0.326927 0.333311 0.341644 0.352319 0.365769 0.382483 0.402993 0.42789 0.457809 0.493441 0.535519 0.584831 0.642196 0.708483 0.784577 0.871406 0.969895 1.08099 1.20563 1.34472 1.49915 1.66973 1.85718 2.06213 2.28499 2.52598 2.785 3.0616 3.35485 3.6633 3.98492 4.31709 4.65664 5 
4 3.71827 3.44017 3.16907 2.90785 2.6588 2.42359 2.20329 1.99846 1.80925 1.6355 1.47681 1.33261 1.20224 1.08496 0.979977 0.886487 0.803684 0.730752 0.666904 0.611358 0.563367 0.522204 0.487182 0.457642 0.43297 0.412582 0.395945 0.382558 0.371968 0.363757 0.357552 0.353014 0.349846 0.347779 0.346582 0.346052 0.346015 0.346321 0.346845 0.347482 0.348148 0.348774 0.34931 0.349721 0.349985 0.350095 0.350058 0.349896 0.349645 0.349356 0.3491 0.348966 0.349061 0.349519 0.350498 0.352186 0.3548 0.358595 0.363858 0.370924 0.380163 0.391998 0.406893 0.425369 0.44799 0.47538 0.508204 0.547188 0.593098 0.646757 0.709018 0.78079 0.863001 0.956627 1.06265 1.18208 1.31593 1.46521 1.63089 1.81389 2.01505 2.23507 2.47445 2.73338 3.01167 3.30862 3.62288 3.95238 4.29424 4.64485 5 
4 3.70642 3.4173 3.13673 2.86804 2.61374 2.3755 2.1542 1.95013 1.76313 1.5927 1.43815 1.29866 1.17333 1.06124 0.961462 0.873087 0.795214 0.726988 0.667568 0.616164 0.572006 0.534376 0.502584 0.475991 0.453987 0.436014 0.421547 0.410112 0.401267 0.394617 0.389801 0.386499 0.384425 0.383325 0.382979 0.383195 0.383805 0.384669 0.385668 0.386702 0.387691 0.388571 0.389295 0.389827 0.390148 0.390251 0.390143 0.389844 0.389389 0.388826 0.388221 0.387658 0.387241 0.387095 0.387371 0.388244 0.389924 0.392649 0.396696 0.402378 0.410053 0.42012 0.433027 0.449266 0.469386 0.493979 0.523699 0.559241 0.601362 0.65086 0.708595 0.775462 0.852418 0.940449 1.0406 1.15394 1.2816 1.42469 1.58439 1.76183 1.95814 2.17433 2.41129 2.6696 2.94948 3.25057 3.57173 3.91091 4.26496 4.62968 5 
4 3.69099 3.38768 3.09512 2.81727 2.55685 2.31537 2.09341 1.89082 1.70698 1.54096 1.39168 1.258 1.13877 1.03285 0.939182 0.856728 0.784522 0.721643 0.667232 0.62047 0.580595 0.546884 0.518669 0.495317 0.476246 0.460911 0.448818 0.439505 0.43256 0.4276 0.42429 0.422324 0.421432 0.421375 0.421946 0.422963 0.424271 0.425735 0.427244 0.428705 0.430042 0.431195 0.432119 0.432781 0.433164 0.43326 0.433075 0.43263 0.431954 0.431096 0.430117 0.429095 0.428126 0.427331 0.426847 0.426844 0.427515 0.429086 0.431817 0.436004 0.441981 0.450129 0.460869 0.474672 0.492053 0.513586 0.539887 0.571635 0.609551 0.654426 0.70709 0.768446 0.839441 0.921095 1.01448 1.12074 1.24108 1.37679 1.52921 1.69974 1.8898 2.10085 2.3342 2.59102 2.87209 3.17758 3.50679 3.85778 4.22718 4.61003 5 
4 3.67069 3.34895 3.04125 2.75229 2.4849 2.24028 2.01839 1.81843 1.63911 1.47894 1.33635 1.20984 1.09794 0.999344 0.912794 0.837168 0.771417 0.714588 0.665789 0.624205 0.589072 0.559688 0.535395 0.515592 0.499715 0.487253 0.477729 0.470716 0.465818 0.462684 0.460993 0.460462 0.460839 0.461901 0.463454 0.46533 0.467383 0.469489 0.471543 0.47346 0.475169 0.476613 0.477751 0.478552 0.479 0.479088 0.478822 0.47822 0.47731 0.476137 0.474757 0.473243 0.471686 0.470195 0.468901 0.467958 0.467548 0.46788 0.469196 0.471773 0.475924 0.482 0.490399 0.50156 0.515971 0.534167 0.556739 0.584324 0.617622 0.657381 0.704421 0.759614 0.823913 0.898332 0.983982 1.08205 1.19384 1.32077 1.46437 1.6263 1.80838 2.01248 2.24057 2.49449 2.77586 3.08567 3.42397 3.78925 4.17798 4.58426 5 
4 3.64359 3.29771 2.97088 2.66868 2.39379 2.14663 1.92618 1.73059 1.5577 1.40526 1.27115 1.15343 1.05034 0.960335 0.882037 0.814214 0.755773 0.705723 0.663177 0.627315 0.597401 0.572747 0.552734 0.536781 0.524366 0.515001 0.508248 0.503703 0.501004 0.499822 0.499863 0.500865 0.502596 0.50485 0.50745 0.510239 0.513085 0.515873 0.518507 0.520908 0.523011 0.524765 0.52613 0.527079 0.527596 0.527676 0.527324 0.526555 0.525396 0.523888 0.522083 0.520047 0.517863 0.515633 0.513475 0.511532 0.509969 0.50898 0.508787 0.509644 0.511837 0.515694 0.521578 0.529899 0.541105 0.555698 0.574223 0.597284 0.625534 0.65969 0.700527 0.748898 0.80572 0.872012 0.948879 1.03756 1.13941 1.25596 1.38894 1.54027 1.71214 1.90699 2.12744 2.3763 2.65628 2.96968 3.31778 3.70003 4.11308 4.54996 5 
4 3.60666 3.22878 2.87791 2.56043 2.27818 2.03007 1.81338 1.62479 1.46091 1.31863 1.19518 1.08817 0.995549 0.915574 0.846745 0.787773 0.737526 0.69502 0.659368 0.629787 0.60556 0.586047 0.570657 0.558859 0.550159 0.544117 0.540324 0.538415 0.538057 0.538953 0.540834 0.543464 0.546629 0.550147 0.553854 0.557611 0.561295 0.564804 0.568051 0.570963 0.573483 0.575563 0.577168 0.578273 0.578864 0.578935 0.578491 0.577546 0.576125 0.574263 0.572008 0.569421 0.566575 0.563562 0.560491 0.557488 0.554706 0.552317 0.550522 0.549551 0.549665 0.551157 0.554362 0.559646 0.567423 0.578146 0.592321 0.610497 0.633284 0.661343 0.695408 0.736276 0.784837 0.842066 0.909065 0.987062 1.07747 1.18188 1.30218 1.44053 1.5995 1.78206 1.99167 2.23222 2.50794 2.82296 3.18069 3.58249 4.02602 4.50335 5 
4 3.55489 3.13404 2.75338 2.4193 2.13134 1.88546 1.6763 1.49845 1.34705 1.21797 1.10778 1.01368 0.93337 0.864964 0.806899 0.757853 0.716713 0.682507 0.654398 0.631637 0.613565 0.599583 0.589156 0.581795 0.577061 0.57455 0.573902 0.574785 0.576907 0.579997 0.583822 0.588166 0.592845 0.597692 0.602565 0.607338 0.611904 0.616171 0.620062 0.623512 0.626469 0.628892 0.630749 0.632018 0.632686 0.632748 0.632207 0.631078 0.629381 0.627148 0.624421 0.621254 0.617712 0.613877 0.609845 0.605729 0.601661 0.597797 0.594313 0.591415 0.589331 0.588325 0.588689 0.590755 0.594886 0.601492 0.61102 0.623971 0.640887 0.662377 0.689104 0.721812 0.761319 0.808557 0.864567 0.930557 1.00791 1.09829 1.20362 1.32626 1.46909 1.6356 1.83006 2.05763 2.3244 2.63709 3.00241 3.42542 3.90667 4.43817 5 
4 3.47941 3.00018 2.58385 2.23409 1.94493 1.70708 1.51123 1.34931 1.2148 1.10258 1.00864 0.929884 0.86386 0.808636 0.762646 0.724613 0.693466 0.668308 0.648357 0.632941 0.621457 0.613379 0.608227 0.605575 0.605033 0.606253 0.608916 0.612739 0.617464 0.62286 0.62872 0.634864 0.641126 0.647366 0.653458 0.659294 0.664782 0.669841 0.674404 0.678416 0.68183 0.684612 0.686732 0.688172 0.68892 0.688972 0.688332 0.687009 0.685024 0.682403 0.679183 0.67541 0.671142 0.666447 0.661411 0.656129 0.650717 0.645309 0.640057 0.635137 0.630749 0.627117 0.624498 0.623172 0.623462 0.625715 0.630327 0.637727 0.648398 0.662867 0.681729 0.705638 0.73534 0.77167 0.815598 0.868242 0.930935 1.00526 1.09318 1.1971 1.32007 1.46597 1.63978 1.84791 2.09851 2.40165 2.76896 3.21205 3.73837 4.34333 5 
4 3.363 2.80431 2.34908 1.99003 1.70934 1.48919 1.31501 1.17584 1.0636 0.972424 0.898007 0.837144 0.787421 0.746972 0.714341 0.688351 0.668046 0.652624 0.641408 0.633809 0.629317 0.627477 0.627887 0.630183 0.634042 0.639167 0.645296 0.652189 0.659631 0.66743 0.675413 0.683428 0.691339 0.699027 0.706387 0.713329 0.719775 0.725657 0.730919 0.735515 0.739405 0.742558 0.744952 0.74657 0.747402 0.747444 0.746699 0.745176 0.742891 0.739867 0.736135 0.731733 0.726709 0.721122 0.71504 0.708547 0.701738 0.694723 0.68763 0.680606 0.673815 0.667447 0.661711 0.656845 0.653111 0.650806 0.650253 0.651817 0.655897 0.662943 0.673451 0.687985 0.707176 0.731753 0.762557 0.800584 0.847023 0.903336 0.97134 1.05336 1.1524 1.27247 1.41893 1.59912 1.82312 2.10464 2.46186 2.91707 3.49252 4.19731 5 
4 3.16865 2.50571 2.01921 1.66902 1.41494 1.22731 1.08607 0.977917 0.894014 0.82836 0.776788 0.736334 0.704829 0.680652 0.662549 0.649539 0.640826 0.635755 0.633773 0.634411 0.637255 0.641946 0.648162 0.655618 0.664054 0.67324 0.682965 0.693041 0.703299 0.713586 0.723765 0.733717 0.743333 0.752518 0.76119 0.769275 0.776711 0.783444 0.789429 0.794628 0.799009 0.802548 0.805224 0.807026 0.807944 0.807976 0.807124 0.805394 0.8028 0.799359 0.795097 0.790044 0.78424 0.77773 0.770569 0.762824 0.754569 0.745893 0.736897 0.727695 0.718419 0.709215 0.700251 0.691711 0.683803 0.676757 0.670831 0.666307 0.663504 0.662773 0.664511 0.669159 0.677229 0.689299 0.706057 0.728311 0.75705 0.793494 0.839202 0.896192 0.96717 1.05583 1.16738 1.3093 1.49264 1.73402 2.0585 2.50316 3.11821 3.95385 5 
4 2.80616 2.03119 1.55386 1.25294 1.05538 0.92057 0.825735 0.757632 0.708214 0.672366 0.646702 0.628893 0.61728 0.610642 0.608057 0.608801 0.6123 0.618079 0.625744 0.634954 0.645418 0.656875 0.669099 0.681882 0.695043 0.708412 0.721842 0.735194 0.748349 0.761195 0.773634 0.785577 0.796945 0.80767 0.817689 0.826949 0.835403 0.843012 0.84974 0.855559 0.860445 0.864379 0.867347 0.869338 0.870345 0.870367 0.869403 0.867461 0.864548 0.86068 0.855873 0.850152 0.843545 0.836087 0.827817 0.818785 0.809046 0.798663 0.78771 0.776271 0.764439 0.752321 0.740034 0.727714 0.715505 0.703575 0.692102 0.681292 0.671366 0.662576 0.6552 0.649556 0.646003 0.644956 0.646904 0.652431 0.662248 0.677252 0.698586 0.727771 0.766869 0.818786 0.887744 0.98013 1.10599 1.28188 1.53624 1.91985 2.52399 3.5002 5 
4 2.025 1.25941 0.912648 0.734207 0.633945 0.574871 0.539818 0.519927 0.510205 0.507633 0.51027 0.516813 0.526341 0.538185 0.551836 0.566901 0.58306 0.600054 0.61766 0.635689 0.653976 0.672374 0.690751 0.708989 0.72698 0.744628 0.761843 0.778545 0.794659 0.810119 0.824866 0.838843 0.852002 0.8643 0.875696 0.886158 0.895653 0.904156 0.911644 0.918098 0.923501 0.92784 0.931106 0.93329 0.934389 0.934399 0.933323 0.931163 0.927925 0.923619 0.918256 0.911851 0.904424 0.895996 0.886593 0.876246 0.86499 0.852864 0.839914 0.826189 0.811748 0.796653 0.780975 0.764792 0.74819 0.731266 0.714123 0.696876 0.679655 0.662599 0.645867 0.629634 0.614099 0.599493 0.586083 0.574187 0.564196 0.556594 0.552007 0.551264 0.555505 0.566354 0.586224 0.618881 0.670557 0.752317 0.88561 1.11667 1.55815 2.52319 5 
0 0.0345161 0.0689911 0.103384 0.137654 0.171759 0.20566 0.239316 0.272686 0.305732 0.338413 0.370691 0.402527 0.433884 0.464723 0.495009 0.524704 0.553775 0.582185 0.609902 0.636892 0.663123 0.688563 0.713183 0.736953 0.759845 0.781831 0.802886 0.822984 0.842101 0.860214 0.877303 0.893346 0.908324 0.92222 0.935016 0.946699 0.957253 0.966666 0.974928 0.982028 0.987957 0.992709 0.996278 0.998659 0.999851 0.999851 0.998659 0.996278 0.992709 0.987957 0.982028 0.974928 0.966666 0.957253 0.946699 0.935016 0.92222 0.908324 0.893346 0.877303 0.860214 0.842101 0.822984 0.802886 0.781831 0.759845 0.736953 0.713183 0.688563 0.663123 0.636892 0.609902 0.582185 0.553775 0.524704 0.495009 0.464723 0.433884 0.402527 0.370691 0.338413 0.305732 0.272686 0.239316 0.20566 0.171759 0.137654 0.103384 0.0689911 0.0345161 0 
