C h:0.111111
C GRID SIZE:10
C N:8
0 0.34202 0.642788 0.866025 0.984808 0.984808 0.866025 0.642788 0.34202 0 
0 0.241485 0.171428 0.12488 0.10066 0.108689 0.186697 0.448982 1.22617 0 
0 0.45323 0.320213 0.229019 0.172972 0.158075 0.219235 0.468677 1.23545 0 
0 0.609694 0.428409 0.299857 0.208214 0.142199 0.0936885 0.0567095 0.0267108 0 
0 0.69262 0.484933 0.334528 0.218342 0.109173 -0.0431583 -0.362098 -1.18525 0 
0 0.69262 0.484933 0.334528 0.218342 0.109173 -0.0431583 -0.362098 -1.18525 0 
0 0.609694 0.428409 0.299857 0.208214 0.142199 0.0936885 0.0567095 0.0267108 0 
0 0.45323 0.320213 0.229019 0.172972 0.158075 0.219235 0.468677 1.23545 0 
0 0.241485 0.171428 0.12488 0.10066 0.108689 0.186697 0.448982 1.22617 0 
0 3.4641 3.4641 6.97158e-16 -3.4641 -3.4641 -1.39432e-15 3.4641 3.4641 -1.46935e-18 
