C h:0.0714286
C GRID SIZE:15
C N:13
0 0 0 0 0 0 0 0 0 0 0 0 0 0 0 
0 0.0503537 0.103254 0.161375 0.227656 0.305449 0.398688 0.512087 0.651381 0.823613 1.03749 1.30383 1.63611 2.05111 0 
0 0.0981825 0.20133 0.314658 0.443897 0.595582 0.777384 0.998496 1.2701 1.60593 2.02296 2.54229 3.19017 3.99937 0 
0 0.141088 0.28931 0.452162 0.637878 0.85585 1.1171 1.43484 1.82513 2.30771 2.90699 3.65326 4.58427 5.74709 0 
0 0.176919 0.362784 0.566993 0.799874 1.0732 1.4008 1.79923 2.28864 2.89378 3.64525 4.58105 5.74849 7.20662 0 
0 0.203878 0.418065 0.653393 0.921761 1.23674 1.61425 2.0734 2.63739 3.33474 4.20072 5.27912 6.62446 8.30479 0 
0 0.220614 0.452384 0.707029 0.997427 1.33826 1.74677 2.2436 2.85389 3.60848 4.54555 5.71247 7.16825 8.98651 0 
0 0.226287 0.464018 0.725212 1.02308 1.37268 1.79169 2.3013 2.92728 3.70128 4.66245 5.85938 7.3526 9.21762 0 
0 0.220614 0.452384 0.707029 0.997427 1.33826 1.74677 2.2436 2.85389 3.60848 4.54555 5.71247 7.16825 8.98651 0 
0 0.203878 0.418065 0.653393 0.921761 1.23674 1.61425 2.0734 2.63739 3.33474 4.20072 5.27912 6.62446 8.30479 0 
0 0.176919 0.362784 0.566993 0.799874 1.0732 1.4008 1.79923 2.28864 2.89378 3.64525 4.58105 5.74849 7.20662 0 
0 0.141088 0.28931 0.452162 0.637878 0.85585 1.1171 1.43484 1.82513 2.30771 2.90699 3.65326 4.58427 5.74709 0 
0 0.0981825 0.20133 0.314658 0.443897 0.595582 0.777384 0.998496 1.2701 1.60593 2.02296 2.54229 3.19017 3.99937 0 
0 0.0503537 0.103254 0.161375 0.227656 0.305449 0.398688 0.512087 0.651381 0.823613 1.03749 1.30383 1.63611 2.05111 0 
0 2.56984 5.01081 7.20052 9.02917 10.4051 11.2592 11.5487 11.2592 10.4051 9.02917 7.20052 5.01081 2.56984 0 
