C h:0.0322581
C GRID SIZE:32
C N:30
0 0.101168 0.201299 0.299363 0.394356 0.485302 0.571268 0.651372 0.724793 0.790776 0.848644 0.897805 0.937752 0.968077 0.988468 0.998717 0.998717 0.988468 0.968077 0.937752 0.897805 0.848644 0.790776 0.724793 0.651372 0.571268 0.485302 0.394356 0.299363 0.201299 0.101168 0 
0 0.0914509 0.181958 0.270588 0.356428 0.438594 0.516243 0.588576 0.654856 0.714403 0.766615 0.810956 0.846982 0.874323 0.892706 0.901943 0.901944 0.892705 0.874323 0.846981 0.810957 0.766614 0.714404 0.654855 0.588576 0.516242 0.438594 0.356428 0.270589 0.181958 0.0914511 0 
0 0.0826772 0.164495 0.244604 0.322174 0.396405 0.46653 0.531835 0.591649 0.645371 0.692453 0.732429 0.764894 0.78953 0.806088 0.81441 0.814409 0.80609 0.789529 0.764895 0.732428 0.692454 0.645369 0.59165 0.531834 0.466531 0.396404 0.322175 0.244604 0.164495 0.082677 0 
0 0.0747627 0.148741 0.221159 0.291262 0.358319 0.421643 0.480581 0.534541 0.582974 0.625405 0.66141 0.690642 0.712813 0.727715 0.7352 0.735201 0.727714 0.712814 0.690641 0.661411 0.625404 0.582975 0.53454 0.480583 0.421642 0.35832 0.291261 0.221159 0.148741 0.0747629 0 
0 0.0676332 0.134546 0.20003 0.263391 0.323971 0.381138 0.434312 0.482954 0.526587 0.56478 0.597171 0.623449 0.643374 0.656757 0.663481 0.66348 0.656758 0.643373 0.62345 0.59717 0.564781 0.526586 0.482956 0.434311 0.381139 0.32397 0.263393 0.200029 0.134547 0.0676328 0 
0 0.0612231 0.121782 0.181021 0.238307 0.293032 0.34463 0.392572 0.436384 0.475638 0.509964 0.539044 0.562617 0.580476 0.592468 0.598488 0.598488 0.592467 0.580477 0.562617 0.539044 0.509963 0.475639 0.436383 0.392574 0.344629 0.293033 0.238306 0.181022 0.121781 0.0612235 0 
0 0.0554783 0.110336 0.163967 0.21578 0.265224 0.311776 0.354966 0.394371 0.429619 0.460394 0.486426 0.507501 0.52345 0.534149 0.539519 0.539519 0.53415 0.52345 0.507501 0.486426 0.460394 0.429619 0.394372 0.354965 0.311776 0.265223 0.215781 0.163966 0.110337 0.055478 0 
0 0.0503522 0.10012 0.148727 0.195627 0.240303 0.282284 0.321146 0.356515 0.388078 0.415566 0.438768 0.457514 0.471676 0.481166 0.485924 0.485924 0.481165 0.471676 0.457514 0.438768 0.415566 0.388078 0.356515 0.321146 0.282284 0.240303 0.195627 0.148727 0.10012 0.0503522 0 
0 0.0458123 0.0910609 0.135196 0.177696 0.218078 0.255912 0.290814 0.322468 0.350607 0.375026 0.395565 0.412107 0.424574 0.43291 0.437086 0.437086 0.43291 0.424574 0.412108 0.395565 0.375027 0.350607 0.322468 0.290814 0.255911 0.218079 0.177695 0.135197 0.0910599 0.0458128 0 
0 0.0418363 0.0831144 0.1233 0.161881 0.198405 0.232466 0.263733 0.291932 0.316858 0.338366 0.356357 0.370779 0.381602 0.388817 0.392423 0.392424 0.388817 0.381602 0.370778 0.356359 0.338365 0.316858 0.291931 0.263732 0.232467 0.198404 0.161882 0.123298 0.0831157 0.0418356 0 
0 0.0384144 0.0762654 0.113 0.148125 0.181187 0.211816 0.239715 0.264664 0.286524 0.305216 0.320718 0.333045 0.342233 0.348328 0.351364 0.351364 0.348328 0.342233 0.333046 0.320717 0.305216 0.286524 0.264664 0.239715 0.211816 0.181188 0.148124 0.113001 0.0762645 0.0384149 0 
0 0.0355627 0.070524 0.104321 0.136428 0.166406 0.193898 0.218645 0.240489 0.259356 0.275255 0.288251 0.298445 0.305957 0.310891 0.313337 0.313337 0.310891 0.305957 0.298445 0.288251 0.275255 0.259355 0.240489 0.218644 0.193898 0.166406 0.136428 0.104321 0.0705243 0.0355624 0 
0 0.0333054 0.0659547 0.0973232 0.126861 0.154107 0.17872 0.200478 0.219284 0.235153 0.248194 0.25858 0.266527 0.272249 0.275942 0.27775 0.277749 0.275943 0.272248 0.266527 0.258581 0.248193 0.235154 0.219283 0.200478 0.178719 0.154107 0.126861 0.097323 0.0659547 0.0333055 0 
0 0.0317068 0.0626626 0.0921589 0.119583 0.144443 0.166396 0.185262 0.201016 0.213779 0.223785 0.231352 0.236831 0.240572 0.242879 0.243971 0.243973 0.242878 0.240572 0.236831 0.231352 0.223786 0.213779 0.201016 0.185262 0.166396 0.144443 0.119584 0.0921589 0.0626625 0.0317069 0 
0 0.0308627 0.0608286 0.089072 0.114874 0.137688 0.157166 0.17316 0.185744 0.195163 0.20182 0.206211 0.208873 0.21033 0.211023 0.211286 0.211286 0.211024 0.210329 0.208873 0.206211 0.201819 0.195163 0.185743 0.17316 0.157165 0.137689 0.114873 0.0890723 0.0608288 0.0308623 0 
0 0.0309113 0.060727 0.0884264 0.113157 0.13428 0.151419 0.16448 0.173639 0.179317 0.182125 0.182802 0.182128 0.18085 0.179609 0.178865 0.178865 0.179608 0.180851 0.182128 0.182802 0.182127 0.179316 0.173639 0.164481 0.151419 0.13428 0.113157 0.0884262 0.0607263 0.0309121 0 
0 0.0320614 0.062736 0.0907531 0.115049 0.134855 0.149755 0.159703 0.165018 0.166341 0.164568 0.160748 0.155988 0.151341 0.147697 0.145705 0.145705 0.147697 0.15134 0.155988 0.160748 0.164567 0.166342 0.165018 0.159703 0.149755 0.134856 0.115049 0.0907529 0.0627368 0.0320606 0 
0 0.0345933 0.0674042 0.0967972 0.121426 0.140334 0.153038 0.159554 0.160383 0.156462 0.149051 0.139629 0.129735 0.120824 0.114131 0.11055 0.110551 0.114131 0.120824 0.129735 0.139628 0.149051 0.156461 0.160384 0.159553 0.153039 0.140334 0.121425 0.0967978 0.067404 0.0345933 0 
0 0.0389076 0.0754854 0.107604 0.133515 0.152011 0.162503 0.165081 0.160495 0.150057 0.135536 0.118973 0.102486 0.0880792 0.0774432 0.0718046 0.0718035 0.0774432 0.0880802 0.102485 0.118973 0.135537 0.150056 0.160494 0.165082 0.162502 0.15201 0.133517 0.107603 0.0754846 0.0389087 0 
0 0.0455529 0.0880251 0.124612 0.153026 0.171686 0.179875 0.177777 0.166449 0.147733 0.124063 0.0982357 0.0731559 0.0515605 0.0357557 0.0274147 0.0274157 0.0357561 0.0515587 0.0731575 0.0982358 0.124062 0.147734 0.16645 0.177775 0.179876 0.171687 0.153024 0.124613 0.0880262 0.0455513 0 
0 0.0552754 0.106456 0.149804 0.182288 0.201844 0.207549 0.199705 0.179806 0.150378 0.114756 0.0767626 0.0403582 0.00926001 -0.0133836 -0.0252999 -0.0253008 -0.0133836 0.0092609 0.0403572 0.0767628 0.114756 0.150378 0.179805 0.199706 0.207548 0.201843 0.182289 0.149803 0.106455 0.0552762 0 
0 0.0690993 0.132714 0.185858 0.224484 0.24585 0.248768 0.233694 0.202689 0.159215 0.107819 0.0537042 0.00224661 -0.0414941 -0.0732483 -0.0899364 -0.0899362 -0.0732486 -0.0414936 0.00224625 0.0537041 0.107819 0.159215 0.202689 0.233695 0.248768 0.24585 0.224484 0.185858 0.132714 0.0690998 0 
0 0.088405 0.169446 0.236431 0.283937 0.308308 0.307979 0.283615 0.23804 0.175976 0.103603 0.0279845 -0.0435803 -0.104231 -0.148186 -0.171258 -0.171257 -0.148186 -0.104232 -0.0435796 0.0279844 0.103602 0.175976 0.23804 0.283614 0.30798 0.308309 0.283936 0.236432 0.169447 0.0884037 0 
0 0.115073 0.220238 0.306485 0.366529 0.39547 0.391231 0.35475 0.289885 0.203052 0.102637 -0.00178155 -0.100312 -0.183662 -0.243995 -0.275645 -0.275646 -0.243995 -0.183663 -0.100311 -0.0017816 0.102637 0.203052 0.289885 0.354751 0.39123 0.395469 0.366529 0.306484 0.220238 0.115074 0 
0 0.151653 0.289946 0.40274 0.480225 0.515809 0.506724 0.454271 0.363698 0.24371 0.105674 -0.0374348 -0.172223 -0.286112 -0.368486 -0.411683 -0.411683 -0.368486 -0.286111 -0.172224 -0.0374348 0.105674 0.24371 0.363697 0.454272 0.506724 0.515808 0.480226 0.40274 0.289946 0.151653 0 
0 0.20159 0.385152 0.534306 0.63582 0.680816 0.665584 0.591911 0.466922 0.302417 0.113784 -0.08141 -0.265037 -0.420072 -0.532156 -0.590917 -0.590917 -0.532157 -0.420072 -0.265037 -0.0814098 0.113783 0.302417 0.466923 0.591911 0.665584 0.680817 0.635819 0.534306 0.385152 0.201589 0 
0 0.269555 0.514765 0.713512 0.847932 0.906053 0.882883 0.780868 0.609665 0.385251 0.128456 -0.13695 -0.38644 -0.59698 -0.749149 -0.828909 -0.828908 -0.749149 -0.596981 -0.38644 -0.13695 0.128456 0.385251 0.609666 0.780868 0.882883 0.906054 0.847932 0.713512 0.514765 0.269555 0 
0 0.361866 0.690839 0.95704 1.13634 1.21258 1.17902 1.03901 0.805614 0.500461 0.151733 -0.208412 -0.546798 -0.83227 -1.03855 -1.14667 -1.14667 -1.03855 -0.832269 -0.546798 -0.208412 0.151734 0.50046 0.805613 1.03901 1.17902 1.21258 1.13634 0.95704 0.690839 0.361866 0 
0 0.48707 0.929684 1.28747 1.52782 1.62889 1.58162 1.39053 1.07332 0.659245 0.186429 -0.301633 -0.760069 -1.14674 -1.42612 -1.57254 -1.57254 -1.42612 -1.14674 -0.760069 -0.301633 0.186429 0.659245 1.07332 1.39053 1.58162 1.62889 1.52781 1.28747 0.929685 0.487069 0 
0 0.656725 1.25336 1.73533 2.05856 2.19354 2.12804 1.86817 1.43788 0.876763 0.236366 -0.424487 -1.04511 -1.56852 -1.94667 -2.14483 -2.14483 -1.94667 -1.56852 -1.04511 -0.424486 0.236365 0.876764 1.43788 1.86816 2.12804 2.19354 2.05856 1.73533 1.25336 0.656725 0 
0 0.886471 1.69171 2.34192 2.77755 2.95869 2.86881 2.51621 1.93329 1.17356 0.306757 -0.58757 -1.42736 -2.13556 -2.64718 -2.9153 -2.9153 -2.64718 -2.13556 -1.42736 -0.58757 0.306758 1.17356 1.93329 2.51621 2.86881 2.95869 2.77755 2.34192 1.69171 0.886472 0 
0 1.19745 2.28507 3.1631 3.75101 3.99487 3.87231 3.39458 2.60549 1.57742 0.404673 -0.805194 -1.94121 -2.89917 -3.59122 -3.95387 -3.95387 -3.59122 -2.89917 -1.94121 -0.805194 0.404673 1.57742 2.60549 3.39458 3.87231 3.99487 3.75101 3.1631 2.28507 1.19745 -1.46935e-18 
