C h:0.0322581
C GRID SIZE:32
C N:30
0 0.101168 0.201299 0.299363 0.394356 0.485302 0.571268 0.651372 0.724793 0.790776 0.848644 0.897805 0.937752 0.968077 0.988468 0.998717 0.998717 0.988468 0.968077 0.937752 0.897805 0.848644 0.790776 0.724793 0.651372 0.571268 0.485302 0.394356 0.299363 0.201299 0.101168 0 
0 0.0914394 0.0826553 0.0747312 0.0675919 0.061172 0.0554158 0.0502776 0.0457225 0.0417278 0.038285 0.0354028 0.0331112 0.0314673 0.0305636 0.0305389 0.0315936 0.0340108 0.0381841 0.0446559 0.0541702 0.0677427 0.0867568 0.113094 0.149311 0.198875 0.266495 0.358554 0.483709 0.653694 0.88442 0 
0 0.181936 0.164452 0.148679 0.134466 0.121682 0.110216 0.0999741 0.0908868 0.0829064 0.0760129 0.0702196 0.0655806 0.0622022 0.0602583 0.0600117 0.061843 0.0662902 0.0741025 0.086314 0.104343 0.130125 0.166301 0.216459 0.285476 0.379971 0.508925 0.684519 0.923272 1.24758 1.68779 0 
0 0.270556 0.244542 0.22107 0.199914 0.180878 0.163794 0.14852 0.134949 0.123004 0.112647 0.103891 0.0968004 0.091517 0.0882751 0.0874326 0.0895112 0.0952509 0.105685 0.12224 0.146876 0.182271 0.232074 0.301252 0.396551 0.527132 0.705425 0.94829 1.27859 1.72732 2.3365 0 
0 0.356387 0.322096 0.291149 0.263247 0.238128 0.215565 0.19537 0.177391 0.161519 0.147692 0.135907 0.126229 0.118811 0.113919 0.111968 0.113566 0.119582 0.131233 0.150204 0.178811 0.220224 0.278765 0.360319 0.472881 0.627309 0.83834 1.12596 1.51728 2.04906 2.77112 0 
0 0.438545 0.396313 0.358189 0.323802 0.292826 0.264976 0.240012 0.217735 0.197998 0.180707 0.165831 0.153415 0.143602 0.136655 0.132997 0.133261 0.138356 0.149565 0.168671 0.198129 0.241304 0.302792 0.388847 0.50798 0.671745 0.895831 1.20152 1.61767 2.18343 2.95185 0 
0 0.516188 0.466429 0.421498 0.380954 0.344406 0.31151 0.281972 0.255548 0.232042 0.21132 0.19331 0.17802 0.165553 0.156136 0.150151 0.148185 0.151097 0.160111 0.176934 0.203931 0.244346 0.302619 0.3848 0.499124 0.656781 0.872965 1.16829 1.57074 2.11822 2.86217 0 
0 0.588518 0.531726 0.48043 0.434119 0.39234 0.354693 0.320829 0.290451 0.263314 0.239233 0.218085 0.19982 0.184481 0.17222 0.16333 0.158289 0.157817 0.162954 0.17517 0.19651 0.229795 0.278895 0.349094 0.447591 0.584179 0.772159 1.02959 1.38098 1.85956 2.51039 0 
0 0.654795 0.591538 0.534384 0.48276 0.436152 0.394102 0.356209 0.322121 0.291541 0.264226 0.23999 0.218714 0.200355 0.184962 0.172699 0.163878 0.158999 0.158814 0.164409 0.177315 0.199663 0.234388 0.285516 0.358545 0.460964 0.602959 0.798368 1.06597 1.43127 1.92881 0 
0 0.714342 0.645258 0.58282 0.526395 0.475413 0.429364 0.387791 0.350292 0.316513 0.28615 0.258948 0.234706 0.213281 0.194598 0.178659 0.165565 0.15554 0.148967 0.146435 0.148812 0.157331 0.173718 0.200364 0.240551 0.298773 0.381158 0.496046 0.654774 0.872741 1.17084 0 
0 0.766553 0.692343 0.625253 0.564596 0.509751 0.460157 0.415309 0.374752 0.338079 0.304921 0.274955 0.247891 0.22348 0.201506 0.181794 0.16421 0.148665 0.135122 0.123613 0.114248 0.10724 0.102938 0.101868 0.10479 0.112782 0.127345 0.150549 0.18524 0.235305 0.306045 0 
0 0.810897 0.732321 0.661265 0.596996 0.538846 0.486212 0.438543 0.395337 0.356134 0.320508 0.288065 0.258431 0.231246 0.206158 0.18281 0.160825 0.139796 0.119258 0.0986646 0.0773479 0.0544719 0.0289649 -0.000569058 -0.0359701 -0.0796845 -0.134984 -0.206263 -0.299437 -0.422492 -0.586214 0 
0 0.846923 0.76479 0.690503 0.623286 0.562435 0.50731 0.45732 0.411924 0.370616 0.332917 0.29837 0.266522 0.236915 0.209069 0.182455 0.156476 0.130423 0.10343 0.0744112 0.0419688 0.00428163 -0.0410543 -0.0972383 -0.168552 -0.26075 -0.381584 -0.541518 -0.754694 -1.04024 -1.42406 0 
0 0.874266 0.789429 0.712681 0.643219 0.580309 0.523279 0.471511 0.424429 0.381491 0.342176 0.305974 0.272368 0.240817 0.210734 0.181448 0.152175 0.121953 0.089579 0.0535112 0.0117387 -0.0383903 -0.100403 -0.179019 -0.280579 -0.413625 -0.589687 -0.824349 -1.13869 -1.56124 -2.13062 0 
0 0.892649 0.805991 0.727587 0.656611 0.592311 0.533994 0.481021 0.432794 0.388744 0.348321 0.310977 0.27615 0.24324 0.211581 0.180402 0.148781 0.115578 0.0793449 0.0382107 -0.0102785 -0.0693741 -0.143414 -0.238217 -0.36161 -0.524149 -0.740094 -1.02872 -1.41613 -1.93763 -2.64106 0 
0 0.901888 0.814314 0.735075 0.663338 0.598337 0.539372 0.485791 0.436984 0.392371 0.351384 0.313458 0.278005 0.244396 0.211922 0.179761 0.146921 0.112164 0.0739163 0.0301345 -0.0218678 -0.085656 -0.165993 -0.269273 -0.404102 -0.582092 -0.818932 -1.13584 -1.56153 -2.13489 -2.90856 0 
0 0.901888 0.814314 0.735075 0.663338 0.598337 0.539372 0.485791 0.436984 0.392371 0.351384 0.313458 0.278005 0.244396 0.211922 0.179761 0.146921 0.112164 0.0739163 0.0301345 -0.0218678 -0.085656 -0.165993 -0.269273 -0.404102 -0.582092 -0.818932 -1.13584 -1.56153 -2.13489 -2.90856 0 
0 0.892649 0.805991 0.727587 0.656611 0.592311 0.533994 0.481021 0.432794 0.388744 0.348321 0.310977 0.27615 0.24324 0.211581 0.180402 0.148781 0.115578 0.0793449 0.0382107 -0.0102785 -0.0693741 -0.143414 -0.238217 -0.36161 -0.524149 -0.740094 -1.02872 -1.41613 -1.93763 -2.64106 0 
0 0.874266 0.789429 0.712681 0.643219 0.580309 0.523279 0.471511 0.424429 0.381491 0.342176 0.305974 0.272368 0.240817 0.210734 0.181448 0.152175 0.121953 0.089579 0.0535112 0.0117387 -0.0383903 -0.100403 -0.179019 -0.280579 -0.413625 -0.589687 -0.824349 -1.13869 -1.56124 -2.13062 0 
0 0.846923 0.76479 0.690503 0.623286 0.562435 0.50731 0.45732 0.411924 0.370616 0.332917 0.29837 0.266522 0.236915 0.209069 0.182455 0.156476 0.130423 0.10343 0.0744112 0.0419688 0.00428163 -0.0410543 -0.0972383 -0.168552 -0.26075 -0.381584 -0.541518 -0.754694 -1.04024 -1.42406 0 
0 0.810897 0.732321 0.661265 0.596996 0.538846 0.486212 0.438543 0.395337 0.356134 0.320508 0.288065 0.258431 0.231246 0.206158 0.18281 0.160825 0.139796 0.119258 0.0986646 0.0773479 0.0544719 0.0289649 -0.000569058 -0.0359701 -0.0796845 -0.134984 -0.206263 -0.299437 -0.422492 -0.586214 0 
0 0.766553 0.692343 0.625253 0.564596 0.509751 0.460157 0.415309 0.374752 0.338079 0.304921 0.274955 0.247891 0.22348 0.201506 0.181794 0.16421 0.148665 0.135122 0.123613 0.114248 0.10724 0.102938 0.101868 0.10479 0.112782 0.127345 0.150549 0.18524 0.235305 0.306045 0 
0 0.714342 0.645258 0.58282 0.526395 0.475413 0.429364 0.387791 0.350292 0.316513 0.28615 0.258948 0.234706 0.213281 0.194598 0.178659 0.165565 0.15554 0.148967 0.146435 0.148812 0.157331 0.173718 0.200364 0.240551 0.298773 0.381158 0.496046 0.654774 0.872741 1.17084 0 
0 0.654795 0.591538 0.534384 0.48276 0.436152 0.394102 0.356209 0.322121 0.291541 0.264226 0.23999 0.218714 0.200355 0.184962 0.172699 0.163878 0.158999 0.158814 0.164409 0.177315 0.199663 0.234388 0.285516 0.358545 0.460964 0.602959 0.798368 1.06597 1.43127 1.92881 0 
0 0.588518 0.531726 0.48043 0.434119 0.39234 0.354693 0.320829 0.290451 0.263314 0.239233 0.218085 0.19982 0.184481 0.17222 0.16333 0.158289 0.157817 0.162954 0.17517 0.19651 0.229795 0.278895 0.349094 0.447591 0.584179 0.772159 1.02959 1.38098 1.85956 2.51039 0 
0 0.516188 0.466429 0.421498 0.380954 0.344406 0.31151 0.281972 0.255548 0.232042 0.21132 0.19331 0.17802 0.165553 0.156136 0.150151 0.148185 0.151097 0.160111 0.176934 0.203931 0.244346 0.302619 0.3848 0.499124 0.656781 0.872965 1.16829 1.57074 2.11822 2.86217 0 
0 0.438545 0.396313 0.358189 0.323802 0.292826 0.264976 0.240012 0.217735 0.197998 0.180707 0.165831 0.153415 0.143602 0.136655 0.132997 0.133261 0.138356 0.149565 0.168671 0.198129 0.241304 0.302792 0.388847 0.50798 0.671745 0.895831 1.20152 1.61767 2.18343 2.95185 0 
0 0.356387 0.322096 0.291149 0.263247 0.238128 0.215565 0.19537 0.177391 0.161519 0.147692 0.135907 0.126229 0.118811 0.113919 0.111968 0.113566 0.119582 0.131233 0.150204 0.178811 0.220224 0.278765 0.360319 0.472881 0.627309 0.83834 1.12596 1.51728 2.04906 2.77112 0 
0 0.270556 0.244542 0.22107 0.199914 0.180878 0.163794 0.14852 0.134949 0.123004 0.112647 0.103891 0.0968004 0.091517 0.0882751 0.0874326 0.0895112 0.0952509 0.105685 0.12224 0.146876 0.182271 0.232074 0.301252 0.396551 0.527132 0.705425 0.94829 1.27859 1.72732 2.3365 0 
0 0.181936 0.164452 0.148679 0.134466 0.121682 0.110216 0.0999741 0.0908868 0.0829064 0.0760129 0.0702196 0.0655806 0.0622022 0.0602583 0.0600117 0.061843 0.0662902 0.0741025 0.086314 0.104343 0.130125 0.166301 0.216459 0.285476 0.379971 0.508925 0.684519 0.923272 1.24758 1.68779 0 
0 0.0914394 0.0826553 0.0747312 0.0675919 0.061172 0.0554158 0.0502776 0.0457225 0.0417278 0.038285 0.0354028 0.0331112 0.0314673 0.0305636 0.0305389 0.0315936 0.0340108 0.0381841 0.0446559 0.0541702 0.0677427 0.0867568 0.113094 0.149311 0.198875 0.266495 0.358554 0.483709 0.653694 0.88442 0 
0 1.19745 2.28507 3.1631 3.75101 3.99487 3.87231 3.39458 2.60549 1.57742 0.404673 -0.805194 -1.94121 -2.89917 -3.59122 -3.95387 -3.95387 -3.59122 -2.89917 -1.94121 -0.805194 0.404673 1.57742 2.60549 3.39458 3.87231 3.99487 3.75101 3.1631 2.28507 1.19745 -1.46935e-18 
