C h:0.111111
C GRID SIZE:10
C N:8
0 0.34202 0.642788 0.866025 0.984808 0.984808 0.866025 0.642788 0.34202 0 
0 0.242947 0.455412 0.611768 0.694337 0.694337 0.611768 0.455412 0.242947 0 
0 0.174355 0.324144 0.431299 0.486434 0.486434 0.431299 0.324144 0.174355 0 
0 0.13033 0.235509 0.302851 0.333665 0.333665 0.302851 0.235509 0.13033 0 
0 0.111456 0.184712 0.210932 0.21171 0.21171 0.210932 0.184712 0.111456 0 
0 0.130782 0.18095 0.144454 0.090534 0.090534 0.144454 0.18095 0.130782 0 
0 0.230722 0.263854 0.095399 -0.0845621 -0.0845621 0.095399 0.263854 0.230722 0 
0 0.528252 0.548343 0.0578508 -0.439619 -0.439619 0.0578508 0.548343 0.528252 0 
0 1.33394 1.34342 0.0272802 -1.29215 -1.29215 0.0272802 1.34342 1.33394 0 
0 3.4641 3.4641 6.97158e-16 -3.4641 -3.4641 -1.39432e-15 3.4641 3.4641 -1.46935e-18 
