C h:0.0714286
C GRID SIZE:15
C N:13
0 0 0 0 0 0 0 0 0 0 0 0 0 0 0 
0 0.050804 0.0990604 0.14235 0.178501 0.205701 0.222587 0.228311 0.222587 0.205701 0.178501 0.14235 0.0990604 0.050804 0 
0 0.104155 0.203088 0.291837 0.365952 0.421717 0.456335 0.46807 0.456335 0.421717 0.365952 0.291837 0.203088 0.104155 0 
0 0.16273 0.317299 0.455958 0.571754 0.658879 0.712965 0.731301 0.712965 0.658879 0.571754 0.455958 0.317299 0.16273 0 
0 0.229464 0.447422 0.642944 0.806226 0.92908 1.00535 1.0312 1.00535 0.92908 0.806226 0.642944 0.447422 0.229464 0 
0 0.307704 0.599979 0.862169 1.08113 1.24587 1.34814 1.38281 1.34814 1.24587 1.08113 0.862169 0.599979 0.307704 0 
0 0.401374 0.782622 1.12463 1.41024 1.62513 1.75854 1.80376 1.75854 1.62513 1.41024 1.12463 0.782622 0.401374 0 
0 0.515171 1.00451 1.44348 1.81006 2.08589 2.25711 2.31516 2.25711 2.08589 1.81006 1.44348 1.00451 0.515171 0 
0 0.654801 1.27677 1.83471 2.30065 2.65123 2.86887 2.94265 2.86887 2.65123 2.30065 1.83471 1.27677 0.654801 0 
0 0.827265 1.61305 2.31794 2.90661 3.34953 3.62448 3.71769 3.62448 3.34953 2.90661 2.31794 1.61305 0.827265 0 
0 1.04121 2.03021 2.91741 3.65831 4.21578 4.56184 4.67916 4.56184 4.21578 3.65831 2.91741 2.03021 1.04121 0 
0 1.30737 2.54918 3.66316 4.59346 5.29343 5.72795 5.87526 5.72795 5.29343 4.59346 3.66316 2.54918 1.30737 0 
0 1.63908 3.19597 4.59261 5.75895 6.63651 7.18129 7.36597 7.18129 6.63651 5.75895 4.59261 3.19597 1.63908 0 
0 2.05299 4.00303 5.75234 7.21321 8.31237 8.99472 9.22604 8.99472 8.31237 7.21321 5.75234 4.00303 2.05299 0 
0 2.56984 5.01081 7.20052 9.02917 10.4051 11.2592 11.5487 11.2592 10.4051 9.02917 7.20052 5.01081 2.56984 0 
