0 0.0848059 0.169001 0.251978 0.33314 0.411901 0.487695 0.559975 0.62822 0.691939 0.750672 0.803997 0.851529 0.892926 0.927889 0.956167 0.977555 0.9919 0.999099 0.999099 0.9919 0.977555 0.956167 0.927889 0.892926 0.851529 0.803997 0.750672 0.691939 0.62822 0.559975 0.487695 0.411901 0.33314 0.251978 0.169001 
4 2.07965 1.36816 1.07445 0.947486 0.896665 0.884441 0.893304 0.91385 0.940647 0.970413 1.0008 1.03027 1.05773 1.08246 1.10372 1.12113 1.1344 1.1434 1.14812 1.1487 1.14528 1.13838 1.12872 1.11709 1.10475 1.09346 1.08574 1.08568 1.09949 1.13848 1.22368 1.40034 1.77775 2.65912 5 
4 2.86559 2.14957 1.73021 1.48576 1.34284 1.26025 1.21485 1.19304 1.18637 1.18939 1.19841 1.21098 1.22536 1.2404 1.25508 1.26882 1.28117 1.29197 1.30132 1.30937 1.31649 1.32353 1.33155 1.34195 1.3569 1.37925 1.41327 1.46544 1.54583 1.6708 1.86834 2.18794 2.71844 3.6067 5 
4 3.23322 2.6344 2.21111 1.92274 1.72875 1.59895 1.51304 1.45725 1.4224 1.40223 1.39247 1.3899 1.39252 1.39875 1.4075 1.41789 1.42947 1.44208 1.45574 1.47089 1.48784 1.50777 1.53198 1.56241 1.60165 1.65329 1.72256 1.817 1.94757 2.13066 2.39102 2.76485 3.30119 4.04927 5 
4 3.43292 2.94371 2.55706 2.26543 2.05042 1.89392 1.78101 1.70037 1.64357 1.60465 1.57909 1.56368 1.55607 1.55467 1.55816 1.56564 1.57669 1.59105 1.60882 1.63035 1.65625 1.68772 1.72635 1.77408 1.83385 1.90966 2.00672 2.13245 2.29682 2.51336 2.80013 3.1791 3.6723 4.28918 5 
4 3.55477 3.15053 2.80837 2.53162 2.31386 2.14551 2.01686 1.9196 1.84692 1.79359 1.75552 1.72966 1.7136 1.70573 1.70477 1.70991 1.72065 1.73669 1.75812 1.78536 1.81916 1.86063 1.91142 1.9736 2.05017 2.14474 2.26235 2.40938 2.59389 2.8259 3.11714 3.47917 3.91982 4.43524 5 
4 3.63574 3.2954 2.99445 2.73898 2.52813 2.3575 2.22137 2.11419 2.03087 1.96716 1.91972 1.88566 1.86292 1.8499 1.84536 1.84869 1.85929 1.87688 1.90162 1.93379 1.97432 2.02427 2.0851 2.15887 2.24835 2.35689 2.48862 2.64878 2.84341 3.07928 3.3633 3.70072 4.09266 4.53196 5 
4 3.69292 3.40098 3.13524 2.9018 2.70221 2.53493 2.39701 2.28498 2.19525 2.12467 2.07044 2.03043 2.00259 1.98557 1.97839 1.98033 1.99089 2.00995 2.03749 2.07397 2.12006 2.1769 2.24573 2.32847 2.42755 2.54578 2.68652 2.85372 3.0516 3.28444 3.55589 3.8677 4.21816 4.60004 5 
4 3.73508 3.48031 3.24388 3.03096 2.84399 2.68306 2.54689 2.43344 2.34054 2.26581 2.2072 2.16292 2.13147 2.11152 2.10238 2.10338 2.11408 2.13444 2.16439 2.20439 2.25508 2.31735 2.39239 2.4818 2.58764 2.7122 2.85805 3.02796 3.22476 3.451 3.70808 3.99606 4.31212 4.64997 5 
4 3.76706 3.54136 3.32896 3.13424 2.95977 2.80648 2.67404 2.5616 2.4677 2.39091 2.32963 2.28262 2.24861 2.22678 2.21632 2.21677 2.22775 2.24913 2.28119 2.32411 2.37835 2.44479 2.52445 2.61866 2.72903 2.85734 3.00545 3.17526 3.36862 3.58647 3.82939 4.09627 4.38411 4.68775 5 
4 3.79191 3.5891 3.3964 3.21737 3.0545 2.90902 2.78139 2.67128 2.5779 2.50043 2.43786 2.38926 2.35384 2.33074 2.31949 2.31972 2.33099 2.35347 2.38714 2.43227 2.48933 2.55891 2.64184 2.73929 2.85249 2.98267 3.13114 3.29917 3.48763 3.69693 3.92665 4.17534 4.44022 4.71694 5 
4 3.8113 3.62674 3.45006 3.28431 3.13179 2.99387 2.87121 2.76415 2.67223 2.59511 2.53224 2.48293 2.44676 2.423 2.41137 2.41157 2.42331 2.44658 2.48158 2.52846 2.5876 2.65943 2.74468 2.84418 2.95893 3.08973 3.23743 3.40264 3.58584 3.78679 4.00479 4.23813 4.48431 4.7397 5 
4 3.82652 3.65645 3.49272 3.33804 3.19444 3.06333 2.94564 2.84178 2.75178 2.67565 2.61308 2.56372 2.52722 2.50324 2.49147 2.49183 2.50403 2.52802 2.56402 2.61229 2.67292 2.74636 2.83319 2.93395 3.04935 3.17987 3.32609 3.48817 3.66612 3.85954 4.06742 4.288 4.51911 4.75762 5 
4 3.8385 3.67977 3.52646 3.38076 3.24465 3.11943 3.0062 2.90549 2.8176 2.74278 2.6808 2.63173 2.59528 2.57129 2.55966 2.56025 2.57295 2.59756 2.63433 2.68352 2.74523 2.81984 2.90764 3.00906 3.12456 3.25439 3.39881 3.5578 3.73099 3.91786 4.1172 4.32746 4.54646 4.77163 5 
4 3.84771 3.69781 3.55255 3.41402 3.28392 3.16357 3.05407 2.95621 2.87038 2.79684 2.73571 2.68707 2.65088 2.62717 2.61579 2.61673 2.62985 2.65502 2.69239 2.74228 2.80478 2.87997 2.96839 3.0701 3.18543 3.31436 3.45699 3.61314 3.78231 3.96366 4.15617 4.35814 4.56768 4.78251 5 
4 3.85454 3.71116 3.57205 3.43882 3.31338 3.19684 3.09042 2.99494 2.91076 2.83848 2.77816 2.73003 2.6942 2.67084 2.65978 2.66106 2.67459 2.70018 2.73801 2.78844 2.85142 2.92713 3.01582 3.11765 3.23263 3.36072 3.50181 3.65554 3.82137 3.99845 4.18556 4.38119 4.58359 4.79061 5 
4 3.85923 3.72043 3.58548 3.45608 3.33386 3.22013 3.11594 3.02218 2.93933 2.86799 2.80836 2.76073 2.72526 2.70223 2.69152 2.69316 2.70693 2.73283 2.77113 2.82196 2.88538 2.96135 3.05029 3.15209 3.26675 3.39413 3.534 3.68597 3.84932 4.02324 4.20643 4.39755 4.59483 4.79629 5 
4 3.86196 3.72575 3.59329 3.46616 3.34591 3.23382 3.13103 3.03829 2.95628 2.88558 2.82645 2.77918 2.74406 2.72128 2.71083 2.71265 2.7267 2.75298 2.7916 2.84286 2.90654 2.98277 3.07187 3.17369 3.28815 3.41506 3.5542 3.70499 3.8668 4.03866 4.21945 4.40767 4.60177 4.79987 5 
4 3.86282 3.72745 3.59574 3.46939 3.34981 3.23832 3.13601 3.04365 2.962 2.89152 2.83266 2.78555 2.75061 2.72808 2.71778 2.71976 2.73409 2.76068 2.7996 2.8511 2.91509 2.99155 3.08081 3.18277 3.29721 3.42399 3.56283 3.71317 3.87425 4.04525 4.22501 4.412 4.60471 4.80137 5 
4 3.86182 3.72553 3.59296 3.4658 3.34558 3.23358 3.13086 3.03829 2.95647 2.88593 2.82698 2.77997 2.74511 2.72262 2.71247 2.71469 2.72922 2.75603 2.79518 2.84687 2.91104 2.98775 3.07725 3.17939 3.29403 3.42095 3.56001 3.71046 3.87184 4.04312 4.22318 4.41062 4.60375 4.8009 5 
4 3.85892 3.71984 3.58469 3.45525 3.33305 3.21942 3.11542 3.02188 2.93946 2.86849 2.80933 2.76222 2.72734 2.70489 2.69481 2.6972 2.71192 2.73893 2.77819 2.82998 2.89442 2.97136 3.06105 3.16345 3.27847 3.4059 3.5455 3.69688 3.85939 4.03215 4.21391 4.40337 4.5988 4.79831 5 
4 3.85407 3.71023 3.57075 3.43743 3.31196 3.19561 3.08946 2.99436 2.91078 2.8391 2.77946 2.73217 2.69724 2.67477 2.66483 2.66728 2.68217 2.70928 2.74865 2.80065 2.86516 2.94234 3.03223 3.1349 3.25044 3.3786 3.51935 3.67223 3.83678 4.01206 4.19699 4.39007 4.58962 4.7937 5 
4 3.84689 3.69633 3.55062 3.41177 3.28161 3.16153 3.05251 2.9552 2.87006 2.7974 2.73721 2.6897 2.65474 2.63227 2.62238 2.62496 2.63989 2.66713 2.7066 2.75867 2.82333 2.90054 2.99056 3.09351 3.20961 3.33876 3.48101 3.63601 3.80338 3.98235 4.17179 4.37027 4.57597 4.78669 5 
4 3.83735 3.67764 3.52352 3.37749 3.24129 3.11632 3.0036 2.90369 2.81677 2.74298 2.68226 2.63457 2.59971 2.57739 2.5677 2.57045 2.58543 2.61273 2.65232 2.70426 2.76878 2.84592 2.9359 3.03905 3.1556 3.28581 3.42977 3.58739 3.75839 3.94213 4.13756 4.34331 4.55727 4.77713 5 
4 3.82486 3.6533 3.48857 3.33335 3.18963 3.05889 2.94186 2.83897 2.75026 2.67545 2.61429 2.56664 2.53199 2.51007 2.50069 2.50366 2.51881 2.5461 2.58562 2.63733 2.70151 2.77826 2.86798 2.97107 3.08799 3.21915 3.36497 3.52546 3.70068 3.8902 4.09318 4.30807 4.53282 4.76454 5 
4 3.80886 3.62219 3.44406 3.27763 3.12503 2.98767 2.86601 2.76009 2.66969 2.59414 2.53296 2.48564 2.45151 2.43021 2.42134 2.42469 2.43999 2.4673 2.50655 2.55791 2.62147 2.69758 2.78663 2.88929 3.00624 3.13803 3.28543 3.44884 3.62869 3.82486 4.03675 4.26298 4.50126 4.74831 5 
4 3.7883 3.58252 3.38784 3.20799 3.04528 2.90068 2.77437 2.66579 2.57416 2.49851 2.43787 2.39139 2.35829 2.33791 2.32987 2.33381 2.34939 2.37665 2.41557 2.46619 2.52882 2.60379 2.69172 2.79338 2.90965 3.04147 3.18991 3.35598 3.54045 3.74381 3.96595 4.20577 4.46083 4.72733 5 
4 3.76178 3.53181 3.3168 3.12128 2.94733 2.79547 2.66497 2.55451 2.46264 2.38779 2.3286 2.28382 2.25237 2.23347 2.22665 2.23135 2.24735 2.27451 2.31285 2.36249 2.42367 2.497 2.5831 2.68295 2.79758 2.92842 3.07696 3.24476 3.43335 3.64403 3.87746 4.1332 4.40897 4.7002 5 
4 3.72696 3.46606 3.22634 3.01292 2.82737 2.66892 2.53549 2.4247 2.33415 2.26146 2.20489 2.16278 2.13378 2.117 2.11184 2.11768 2.13425 2.16128 2.19884 2.24702 2.30638 2.37737 2.46072 2.55759 2.66938 2.79785 2.94485 3.1128 3.30416 3.52146 3.76663 4.04058 4.34164 4.66455 5 
4 3.68008 3.37909 3.10968 2.87685 2.68038 2.51722 2.38341 2.27471 2.18765 2.11912 2.06672 2.02852 2.00303 1.98914 1.98613 1.99342 2.01061 2.0375 2.07406 2.1206 2.17745 2.24521 2.32484 2.41742 2.52475 2.64872 2.79192 2.95744 3.14905 3.37087 3.62713 3.92086 4.25235 4.61634 5 
4 3.61417 3.26069 2.95643 2.70436 2.50002 2.33629 2.20599 2.10303 2.02259 1.96059 1.91432 1.88157 1.86061 1.85054 1.85027 1.85934 1.87732 1.90405 1.93948 1.98386 2.03756 2.10129 2.17591 2.26274 2.36348 2.48045 2.61661 2.776 2.96362 3.18581 3.44992 3.76322 4.1305 4.54857 5 
4 3.51605 3.09312 2.75105 2.48428 2.2791 2.12184 2.00125 1.90893 1.83876 1.78635 1.74838 1.72267 1.70761 1.70199 1.70515 1.71637 1.73534 1.76187 1.7959 1.83777 1.88771 1.94638 2.01478 2.09406 2.18598 2.29294 2.41814 2.56629 2.74359 2.95882 3.22352 3.55178 3.95788 4.4474 5 
4 3.35694 2.84494 2.47048 2.20269 2.01033 1.87069 1.76822 1.69263 1.63725 1.59741 1.57009 1.55311 1.54502 1.54493 1.552 1.56569 1.58579 1.61208 1.6446 1.6835 1.72906 1.78183 1.84275 1.91278 1.99347 2.08706 2.1968 2.32735 2.48571 2.68238 2.93347 3.26256 3.70178 4.28315 5 
4 3.06679 2.45914 2.08332 1.84542 1.68892 1.58237 1.50822 1.45616 1.41997 1.39592 1.38132 1.37466 1.37468 1.38074 1.39222 1.40868 1.43003 1.45606 1.48687 1.52248 1.56314 1.60932 1.66158 1.72074 1.78799 1.86505 1.95453 2.06051 2.18929 2.35155 2.56531 2.86308 3.30342 3.98341 5 
4 2.45097 1.84153 1.55829 1.40694 1.31767 1.26179 1.22605 1.20359 1.19063 1.18481 1.18471 1.18941 1.19833 1.21108 1.22732 1.24684 1.26952 1.29534 1.32427 1.3564 1.39184 1.43075 1.47356 1.52066 1.57269 1.63054 1.69583 1.7709 1.85956 1.96912 2.11305 2.32111 2.6655 3.34702 5 
0.894814 0.895544 0.897736 0.901388 0.906501 0.913075 0.92111 0.930606 0.941563 0.953981 0.96786 0.983199 1 1.01826 1.03798 1.05917 1.08181 1.10592 1.13148 1.15851 1.187 1.21695 1.24836 1.28123 1.31556 1.35135 1.3886 1.42732 1.46749 1.50913 1.55223 1.59679 1.6428 1.69028 1.73923 1.78963 
