0 0.0514788 0.102821 0.153891 0.204552 0.254671 0.304115 0.352752 0.400454 0.447094 0.492548 0.536696 0.579421 0.620609 0.660152 0.697944 0.733885 0.76788 0.799839 0.829677 0.857315 0.882679 0.905702 0.926324 0.944489 0.96015 0.973264 0.983798 0.991723 0.997018 0.999668 0.999668 0.997018 0.991723 0.983798 0.973264 0.96015 0.944489 0.926324 0.905702 0.882679 0.857315 0.829677 0.799839 0.76788 0.733885 0.697944 0.660152 0.620609 0.579421 0.536696 0.492548 0.447094 0.400454 0.352752 0.304115 0.254671 0.204552 0.153891 0.102821 
4 2.04731 1.3039 0.97904 0.822098 0.742797 0.704017 0.68847 0.687183 0.69506 0.708984 0.72693 0.747515 0.769754 0.792919 0.816456 0.839931 0.862997 0.885372 0.906823 0.927155 0.946204 0.963833 0.979923 0.994378 1.00711 1.01807 1.02718 1.03443 1.03976 1.04318 1.04469 1.04428 1.04198 1.03784 1.0319 1.02422 1.01489 1.00402 0.991709 0.97812 0.963428 0.947846 0.931634 0.915111 0.898676 0.88283 0.868225 0.855723 0.846503 0.842227 0.845346 0.859648 0.891345 0.951395 1.06094 1.2654 1.67529 2.59745 5 
4 2.83389 2.08648 1.63635 1.36211 1.19053 1.08083 1.01009 0.964937 0.937188 0.921625 0.91477 0.914219 0.918255 0.925614 0.935345 0.946715 0.959148 0.972186 0.985457 0.998659 1.01154 1.0239 1.03557 1.0464 1.05629 1.06514 1.07288 1.07946 1.08486 1.08905 1.09204 1.09386 1.09452 1.09411 1.09268 1.09036 1.08725 1.08353 1.07938 1.07503 1.07078 1.06698 1.06406 1.06256 1.06317 1.06675 1.07445 1.08779 1.10885 1.14056 1.18713 1.25496 1.35401 1.50065 1.72293 2.07077 2.63378 3.56064 5 
4 3.20182 2.57186 2.11791 1.79961 1.57657 1.41891 1.3064 1.22557 1.16745 1.12591 1.09668 1.07674 1.06386 1.05639 1.05307 1.05294 1.05522 1.05931 1.06472 1.07106 1.078 1.08527 1.09267 1.1 1.10713 1.11396 1.12038 1.12635 1.13182 1.13678 1.14124 1.14523 1.14879 1.15201 1.155 1.15788 1.16083 1.16405 1.1678 1.1724 1.17823 1.18575 1.19556 1.20837 1.22511 1.24695 1.27541 1.31249 1.36088 1.42429 1.50793 1.61926 1.76927 1.97442 2.25948 2.66103 3.22849 4.01133 5 
4 3.40163 2.88134 2.464 2.14207 1.89747 1.71215 1.57135 1.46389 1.38155 1.31833 1.26982 1.23274 1.20464 1.18363 1.16826 1.15742 1.15018 1.14584 1.14382 1.14364 1.14491 1.14734 1.15065 1.15464 1.15915 1.16404 1.16921 1.1746 1.18016 1.18589 1.19178 1.19788 1.20426 1.21101 1.21826 1.22616 1.23493 1.24483 1.25615 1.26928 1.28468 1.30291 1.32469 1.35087 1.38254 1.42108 1.46825 1.52633 1.59831 1.68819 1.80136 1.94516 2.12964 2.36846 2.6797 3.08547 3.60789 4.25621 5 
4 3.52346 3.08803 2.71491 2.40746 2.15943 1.96126 1.8034 1.67757 1.57708 1.49664 1.43216 1.38045 1.33903 1.30598 1.27974 1.25912 1.24312 1.23096 1.222 1.21572 1.21168 1.20953 1.20899 1.20982 1.21185 1.21491 1.21891 1.22377 1.22944 1.23591 1.2432 1.25135 1.26043 1.27056 1.28189 1.2946 1.30892 1.32515 1.34363 1.36479 1.38917 1.41738 1.45022 1.48864 1.53382 1.58726 1.65081 1.72683 1.81836 1.92927 2.06459 2.23075 2.43596 2.69034 3.00559 3.3934 3.86145 4.40564 5 
4 3.60432 3.2326 2.9004 2.61376 2.37192 2.17053 2.00393 1.8665 1.75319 1.65969 1.58248 1.51867 1.46594 1.42241 1.38658 1.3572 1.33327 1.31397 1.29864 1.28671 1.27773 1.27133 1.26719 1.26507 1.26478 1.26614 1.26905 1.27343 1.27923 1.28643 1.29506 1.30517 1.31684 1.33019 1.34539 1.36264 1.38219 1.40437 1.42955 1.45819 1.49086 1.52823 1.57113 1.62054 1.67771 1.74412 1.82163 1.91252 2.01965 2.14651 2.29745 2.47771 2.69348 2.95165 3.25913 3.62125 4.03897 4.5049 5 
4 3.66137 3.33786 3.04063 2.77565 2.54443 2.34552 2.1759 2.032 1.91022 1.80727 1.72027 1.64675 1.58464 1.53222 1.48807 1.45099 1.42 1.39428 1.37317 1.35609 1.34258 1.33226 1.32481 1.31996 1.31752 1.31731 1.31923 1.32318 1.32912 1.33703 1.34695 1.35892 1.37303 1.38943 1.40827 1.42978 1.45423 1.48194 1.51331 1.54883 1.58907 1.63473 1.68662 1.74576 1.81334 1.89081 1.97992 2.08277 2.20191 2.34033 2.50157 2.68966 2.909 3.16398 3.45828 3.79368 4.16836 4.57502 5 
4 3.70347 3.41709 3.14896 2.90422 2.68515 2.49181 2.32285 2.17614 2.04927 1.93983 1.84558 1.76448 1.69479 1.63498 1.58375 1.54001 1.50283 1.47142 1.44514 1.42342 1.40581 1.39193 1.38144 1.3741 1.36969 1.36806 1.36907 1.37265 1.37874 1.38735 1.39849 1.41222 1.42864 1.44788 1.47012 1.49559 1.52456 1.55736 1.59441 1.63618 1.68325 1.73629 1.79613 1.86372 1.94019 2.0269 2.12543 2.23764 2.36569 2.51205 2.67948 2.87093 3.08935 3.33736 3.61661 3.92704 4.26587 4.62682 5 
4 3.7356 3.47836 3.23428 3.0076 2.80071 2.6144 2.4483 2.30129 2.17183 2.05824 1.95883 1.87201 1.79633 1.73048 1.67335 1.62394 1.58141 1.54504 1.51419 1.48835 1.46706 1.44997 1.43675 1.42715 1.42097 1.41804 1.41825 1.42151 1.42778 1.43705 1.44934 1.46472 1.48329 1.50517 1.53056 1.55968 1.59279 1.63025 1.67243 1.71982 1.77297 1.83254 1.89929 1.97412 2.05807 2.15235 2.25835 2.37767 2.51207 2.66352 2.83409 3.02584 3.24065 3.47991 3.74409 4.03222 4.34139 4.66642 5 
4 3.76076 3.5268 3.30263 3.09173 2.89633 2.71753 2.55552 2.40984 2.27957 2.16361 2.06073 1.96972 1.88942 1.81876 1.75678 1.70263 1.65554 1.61487 1.58005 1.55057 1.52604 1.50609 1.49043 1.47881 1.47104 1.46697 1.46646 1.46946 1.47592 1.48582 1.4992 1.51612 1.53667 1.561 1.58928 1.62173 1.65861 1.70027 1.74706 1.79945 1.85797 1.92322 1.99591 2.07685 2.16698 2.26735 2.37915 2.5037 2.64241 2.79677 2.9683 3.15836 3.36807 3.59801 3.84796 4.11659 4.40117 4.69748 5 
4 3.78088 3.56577 3.35819 3.16094 2.97604 2.80468 2.64735 2.50399 2.37415 2.25713 2.15209 2.05814 1.97438 1.89996 1.83408 1.77601 1.7251 1.68078 1.64252 1.60989 1.58251 1.56005 1.54224 1.52883 1.51966 1.51457 1.51346 1.51625 1.5229 1.5334 1.5478 1.56614 1.58853 1.61509 1.646 1.68147 1.72176 1.76717 1.81807 1.87487 1.93806 2.00821 2.08594 2.17198 2.26714 2.37232 2.4885 2.61675 2.75816 2.91384 3.08482 3.27198 3.47588 3.6966 3.93355 4.18528 4.44936 4.72236 5 
4 3.79723 3.5976 3.4039 3.21843 3.04297 2.87867 2.72619 2.58572 2.45712 2.34 2.23381 2.13791 2.05165 1.97436 1.90539 1.84414 1.79007 1.74267 1.70149 1.66616 1.63631 1.61167 1.59197 1.577 1.56661 1.56064 1.559 1.56163 1.56848 1.57957 1.5949 1.61456 1.63862 1.66721 1.7005 1.73869 1.78202 1.83077 1.88529 1.94594 2.01318 2.0875 2.16947 2.2597 2.35889 2.46779 2.58719 2.71792 2.8608 3.01664 3.1861 3.36967 3.56754 3.77949 4.00475 4.24189 4.48879 4.74261 5 
4 3.81069 3.62392 3.44191 3.2666 3.09952 2.94178 2.79409 2.65678 2.52993 2.41336 2.30676 2.2097 2.12171 2.04228 1.97092 1.90714 1.85048 1.80053 1.75691 1.71927 1.68732 1.66079 1.63947 1.62315 1.6117 1.60498 1.6029 1.60541 1.61248 1.62411 1.64032 1.66117 1.68675 1.71718 1.75261 1.79323 1.83926 1.89096 1.94863 2.01263 2.08333 2.16117 2.24665 2.34028 2.44265 2.55435 2.67602 2.80829 2.95175 3.10693 3.27424 3.45389 3.64583 3.84965 4.06451 4.28906 4.52144 4.75933 5 
4 3.8219 3.64589 3.4738 3.30726 3.1476 2.99585 2.85272 2.71866 2.59384 2.47827 2.3718 2.27418 2.18507 2.10411 2.03094 1.96517 1.90644 1.85441 1.80875 1.76918 1.73545 1.70732 1.68461 1.66714 1.65478 1.64743 1.645 1.64744 1.65473 1.66686 1.68387 1.70581 1.73277 1.76485 1.80219 1.84497 1.89337 1.94765 2.00807 2.07492 2.14856 2.22935 2.31771 2.41407 2.51889 2.63266 2.75585 2.88892 3.03229 3.18627 3.35108 3.52673 3.713 3.90939 4.11503 4.32869 4.54876 4.77327 5 
4 3.83131 3.66438 3.50075 3.34178 3.18867 3.04233 2.90349 2.77261 2.64997 2.53569 2.42973 2.33198 2.24223 2.16024 2.08574 2.01845 1.95808 1.90437 1.85705 1.81589 1.78066 1.7512 1.72731 1.70887 1.69576 1.68787 1.68516 1.68757 1.69507 1.70769 1.72543 1.74836 1.77655 1.8101 1.84914 1.89382 1.94431 2.00083 2.0636 2.1329 2.209 2.29223 2.38292 2.48142 2.58811 2.70333 2.82746 2.96079 3.10359 3.25604 3.41818 3.58989 3.77086 3.96052 4.15803 4.36226 4.5718 4.785 5 
4 3.83927 3.68006 3.52366 3.37126 3.2239 3.08243 2.94754 2.81972 2.69929 2.58646 2.48127 2.38372 2.2937 2.21107 2.13563 2.06721 2.00558 1.95053 1.90187 1.8594 1.82295 1.79237 1.76751 1.74826 1.73452 1.72621 1.72328 1.72569 1.73342 1.74648 1.76489 1.78871 1.81801 1.85286 1.89339 1.93973 1.99204 2.05048 2.11528 2.18663 2.26479 2.35002 2.44257 2.54274 2.65079 2.767 2.8916 3.02479 3.16672 3.31743 3.47686 3.64479 3.82086 4.00446 4.1948 4.39086 4.59138 4.79495 5 
4 3.84604 3.69341 3.54323 3.39653 3.25423 3.11712 2.98584 2.86089 2.74264 2.63132 2.52708 2.42995 2.33994 2.25696 2.18092 2.11167 2.04909 1.99301 1.94328 1.89977 1.86233 1.83083 1.80518 1.78527 1.77102 1.76237 1.75928 1.76171 1.76967 1.78314 1.80217 1.82679 1.85706 1.89307 1.93491 1.9827 2.03656 2.09667 2.16317 2.23625 2.31611 2.40295 2.49698 2.5984 2.70743 2.82423 2.94896 3.08173 3.22257 3.37145 3.52822 3.69261 3.86419 4.04237 4.2264 4.41535 4.60811 4.80344 5 
4 3.85183 3.70484 3.56001 3.41825 3.2804 3.14716 3.01917 2.89689 2.78072 2.67094 2.56772 2.47119 2.38138 2.29829 2.22189 2.15209 2.08881 2.03194 1.98139 1.93705 1.89882 1.86659 1.8403 1.81985 1.8052 1.79629 1.79309 1.79558 1.80375 1.81762 1.83719 1.86252 1.89367 1.93068 1.97366 2.0227 2.07792 2.13942 2.20736 2.28188 2.36312 2.45126 2.54643 2.64878 2.75846 2.87557 3.00018 3.13233 3.27198 3.41901 3.57322 3.7343 3.90181 4.07516 4.25364 4.4364 4.62245 4.81071 5 
4 3.85679 3.71464 3.57443 3.43697 3.30301 3.17322 3.04818 2.92836 2.81416 2.70587 2.60373 2.50788 2.41842 2.3354 2.25883 2.18868 2.12491 2.06748 2.01631 1.97133 1.93247 1.89967 1.87287 1.85201 1.83705 1.82794 1.82468 1.82724 1.83563 1.84985 1.86992 1.89589 1.92779 1.96569 2.00966 2.05978 2.11613 2.17883 2.24797 2.32366 2.40603 2.49518 2.59122 2.69424 2.80433 2.92152 3.04583 3.17723 3.31562 3.46084 3.61265 3.77069 3.93452 4.10357 4.27718 4.45455 4.6348 4.81695 5 
4 3.86104 3.72306 3.58684 3.45311 3.32256 3.19581 3.07342 2.95584 2.84346 2.73661 2.63554 2.54043 2.45142 2.36859 2.292 2.22167 2.15759 2.09975 2.04812 2.00266 1.96334 1.9301 1.9029 1.88173 1.86653 1.8573 1.85401 1.85666 1.86526 1.87981 1.90033 1.92686 1.95943 1.9981 2.04291 2.09395 2.15127 2.21496 2.2851 2.36175 2.44502 2.53496 2.63164 2.73512 2.84541 2.96252 3.0864 3.21698 3.35412 3.49761 3.64717 3.80244 3.96297 4.12821 4.29754 4.47021 4.64544 4.82234 5 
4 3.86469 3.73029 3.59751 3.46701 3.33944 3.21537 3.09533 2.97977 2.86908 2.76358 2.66355 2.5692 2.48069 2.39814 2.32164 2.25125 2.187 2.1289 2.07695 2.03115 1.99147 1.95791 1.93043 1.90902 1.89366 1.88435 1.88107 1.88382 1.89262 1.90747 1.92839 1.95541 1.98857 2.0279 2.07344 2.12526 2.1834 2.24791 2.31886 2.39629 2.48026 2.57081 2.66795 2.77171 2.88206 2.99897 3.12235 3.25208 3.38799 3.52984 3.67734 3.8301 3.98769 4.14957 4.31514 4.48374 4.65461 4.82697 5 
4 3.86782 3.73649 3.60666 3.47896 3.35398 3.23226 3.1143 3.00054 2.89138 2.78713 2.6881 2.59449 2.50651 2.4243 2.34798 2.27762 2.2133 2.15505 2.1029 2.05686 2.01695 1.98315 1.95547 1.9339 1.91844 1.90908 1.90584 1.90871 1.9177 1.93282 1.9541 1.98156 2.01522 2.05512 2.10128 2.15375 2.21257 2.27776 2.34937 2.42742 2.51194 2.60293 2.70039 2.8043 2.9146 3.03123 3.15406 3.28295 3.41769 3.55802 3.70363 3.85414 4.00912 4.16804 4.33035 4.4954 4.66251 4.83096 5 
4 3.87049 3.74178 3.61448 3.48918 3.36644 3.24676 3.13063 3.01847 2.91068 2.80758 2.70946 2.61658 2.52913 2.44729 2.37119 2.30095 2.23664 2.17833 2.12606 2.07988 2.03981 2.00586 1.97805 1.95638 1.94086 1.93151 1.92832 1.93131 1.94048 1.95586 1.97746 2.0053 2.03939 2.07977 2.12646 2.17948 2.23885 2.3046 2.37673 2.45527 2.5402 2.63151 2.72917 2.83313 2.94331 3.05961 3.18188 3.30995 3.44359 3.58253 3.72644 3.87496 4.02763 4.18397 4.34343 4.50542 4.6693 4.83439 5 
4 3.87274 3.74626 3.62112 3.49787 3.37703 3.25911 3.14457 3.03381 2.92723 2.82516 2.72789 2.63568 2.54876 2.4673 2.39146 2.32137 2.25713 2.19883 2.14652 2.10027 2.06012 2.02608 1.9982 1.97649 1.96096 1.95163 1.94851 1.95163 1.96098 1.97659 1.99847 2.02663 2.0611 2.10189 2.14901 2.20248 2.26231 2.3285 2.40106 2.47996 2.5652 2.65673 2.7545 2.85844 2.96844 3.08438 3.20609 3.33339 3.46602 3.6037 3.7461 3.89285 4.04352 4.19762 4.35463 4.51399 4.67509 4.83731 5 
4 3.87463 3.75001 3.62668 3.50515 3.38594 3.26951 3.15633 3.04678 2.94126 2.84009 2.74359 2.652 2.56557 2.48448 2.40892 2.33902 2.27489 2.21665 2.16436 2.1181 2.07792 2.04386 2.01596 1.99424 1.97873 1.96945 1.96643 1.96967 1.97919 1.995 2.01713 2.04558 2.08036 2.12149 2.16897 2.22281 2.283 2.34955 2.42242 2.50161 2.58706 2.67873 2.77654 2.8804 2.99019 3.10577 3.22695 3.35353 3.48524 3.62181 3.76289 3.9081 4.05703 4.2092 4.36412 4.52124 4.67999 4.83978 5 
4 3.87619 3.7531 3.63126 3.51116 3.39329 3.27812 3.16607 3.05755 2.95293 2.85255 2.75671 2.66569 2.57971 2.49898 2.4237 2.354 2.29002 2.23187 2.17965 2.13342 2.09326 2.05922 2.03133 2.00965 1.99419 1.98499 1.98206 1.98543 1.9951 2.01111 2.03345 2.06214 2.09719 2.1386 2.18637 2.24051 2.30099 2.3678 2.44092 2.5203 2.6059 2.69764 2.79544 2.89919 3.00875 3.12398 3.24466 3.37059 3.50149 3.63708 3.77701 3.92091 4.06836 4.2189 4.37206 4.5273 4.68409 4.84185 5 
4 3.87744 3.75558 3.63493 3.51598 3.3992 3.28504 3.17392 3.06625 2.96239 2.86267 2.76741 2.67686 2.59129 2.5109 2.43588 2.36639 2.30258 2.24455 2.19242 2.14627 2.10617 2.07218 2.04436 2.02273 2.00735 1.99823 1.99541 1.99891 2.00873 2.02491 2.04744 2.07633 2.1116 2.15324 2.20124 2.2556 2.3163 2.38332 2.4566 2.53612 2.6218 2.71356 2.81131 2.91493 3.02427 3.13916 3.25939 3.38475 3.51495 3.6497 3.78866 3.93145 4.07767 4.22686 4.37856 4.53227 4.68744 4.84354 5 
4 3.87839 3.75748 3.63775 3.51968 3.40374 3.29037 3.17999 3.07299 2.96973 2.87055 2.77576 2.68563 2.60041 2.52032 2.44555 2.37627 2.31262 2.25474 2.20273 2.15669 2.11668 2.08277 2.05503 2.0335 2.01821 2.0092 2.00649 2.01011 2.02007 2.0364 2.05909 2.08816 2.1236 2.16542 2.2136 2.26813 2.32899 2.39614 2.46954 2.54913 2.63484 2.72659 2.82427 2.92774 3.03686 3.15144 3.27128 3.39614 3.52575 3.6598 3.79796 3.93985 4.08508 4.23319 4.38373 4.5362 4.69009 4.84487 5 
4 3.87906 3.75882 3.63974 3.52231 3.40698 3.29418 3.18433 3.07783 2.97502 2.87626 2.78184 2.69204 2.60712 2.52729 2.45274 2.38367 2.3202 2.26247 2.2106 2.16468 2.12479 2.091 2.06337 2.04194 2.02677 2.01787 2.01528 2.01903 2.02912 2.04558 2.06841 2.09761 2.13319 2.17515 2.22346 2.27811 2.33907 2.4063 2.47976 2.55938 2.64509 2.73679 2.83437 2.93769 3.0466 3.16092 3.28042 3.40487 3.534 3.6675 3.80503 3.94622 4.09068 4.23796 4.38762 4.53916 4.69208 4.84587 5 
4 3.87947 3.75962 3.64094 3.52389 3.40893 3.29649 3.18699 3.08081 2.97831 2.87984 2.78569 2.69614 2.61145 2.53184 2.4575 2.38861 2.32532 2.26776 2.21604 2.17027 2.13052 2.09686 2.06936 2.04807 2.03302 2.02425 2.02178 2.02565 2.03586 2.05244 2.07538 2.1047 2.14038 2.18243 2.23082 2.28554 2.34655 2.41382 2.48729 2.5669 2.65257 2.7442 2.84167 2.94484 3.05357 3.16765 3.28688 3.41101 3.53977 3.67286 3.80993 3.95062 4.09453 4.24123 4.39027 4.54118 4.69344 4.84656 5 
4 3.8796 3.75989 3.64135 3.52444 3.40962 3.29733 3.18797 3.08195 2.97961 2.8813 2.78732 2.69794 2.61342 2.53398 2.45982 2.3911 2.32798 2.27059 2.21904 2.17344 2.13385 2.10035 2.07301 2.05186 2.03695 2.02831 2.02598 2.02997 2.0403 2.05697 2.08001 2.10941 2.14516 2.18726 2.23569 2.29044 2.35146 2.41871 2.49215 2.57171 2.6573 2.74884 2.84619 2.94923 3.05779 3.17168 3.2907 3.4146 3.5431 3.67591 3.81269 3.95308 4.09666 4.24303 4.39173 4.54227 4.69417 4.84692 5 
4 3.87947 3.75962 3.64095 3.52394 3.40903 3.29667 3.18727 3.08123 2.9789 2.88063 2.78671 2.69742 2.61301 2.5337 2.45967 2.39112 2.32817 2.27095 2.21959 2.17417 2.13476 2.10145 2.07428 2.05329 2.03854 2.03006 2.02785 2.03196 2.04239 2.05916 2.08227 2.11172 2.14751 2.18963 2.23806 2.29278 2.35377 2.42097 2.49434 2.5738 2.6593 2.75071 2.84794 2.95084 3.05926 3.17301 3.29188 3.41564 3.544 3.67668 3.81334 3.9536 4.09709 4.24336 4.39197 4.54245 4.69428 4.84698 5 
4 3.87905 3.7588 3.63974 3.52236 3.40712 3.29448 3.18484 3.07861 2.97614 2.87777 2.78381 2.69453 2.61016 2.53094 2.45703 2.38862 2.32584 2.26882 2.21765 2.17243 2.13323 2.10012 2.07314 2.05235 2.03777 2.02944 2.02738 2.03161 2.04214 2.05898 2.08214 2.11162 2.14742 2.18952 2.23791 2.29257 2.35347 2.42057 2.49382 2.57317 2.65852 2.7498 2.8469 2.94967 3.05797 3.17162 3.29041 3.4141 3.54245 3.67513 3.81183 3.95217 4.09577 4.2422 4.391 4.54169 4.69376 4.84671 5 
4 3.87834 3.75739 3.63767 3.51966 3.40385 3.29069 3.18061 3.07401 2.97125 2.87266 2.77856 2.6892 2.60482 2.52564 2.45183 2.38356 2.32095 2.26412 2.21317 2.16818 2.12921 2.09633 2.06957 2.04899 2.03461 2.02645 2.02454 2.02889 2.03951 2.05642 2.07961 2.10909 2.14486 2.1869 2.23521 2.28976 2.35053 2.41749 2.49058 2.56976 2.65495 2.74607 2.84302 2.94566 3.05386 3.16745 3.28622 3.40994 3.53837 3.6712 3.80811 3.94874 4.09268 4.23951 4.38877 4.53997 4.69259 4.84612 5 
4 3.87732 3.75538 3.63469 3.51578 3.39913 3.28523 3.17449 3.06734 2.96413 2.86519 2.77084 2.68133 2.59689 2.51771 2.44398 2.37584 2.31341 2.2568 2.20609 2.16135 2.12265 2.09003 2.06352 2.04318 2.02901 2.02104 2.01928 2.02375 2.03447 2.05142 2.07463 2.10409 2.13979 2.18174 2.22992 2.28432 2.34492 2.41168 2.48457 2.56354 2.64853 2.73946 2.83624 2.93875 3.04687 3.16042 3.27923 3.40307 3.53169 3.66481 3.8021 3.9432 4.08772 4.23521 4.38522 4.53724 4.69074 4.84518 5 
4 3.87597 3.75269 3.63073 3.51061 3.39286 3.27796 3.16635 3.05845 2.95463 2.85523 2.76053 2.67079 2.58623 2.50704 2.43338 2.36537 2.30314 2.24677 2.19633 2.15188 2.11348 2.08116 2.05494 2.03486 2.02093 2.01317 2.01158 2.01618 2.02698 2.04398 2.06718 2.09659 2.1322 2.17401 2.22202 2.27622 2.33658 2.40309 2.47572 2.55444 2.63918 2.72988 2.82647 2.92884 3.03688 3.15043 3.26932 3.39335 3.52228 3.65582 3.79367 3.93546 4.08078 4.22922 4.38027 4.53343 4.68815 4.84387 5 
4 3.87425 3.74929 3.6257 3.50406 3.3849 3.26873 3.15602 3.04719 2.9426 2.84259 2.74745 2.65742 2.5727 2.49347 2.41988 2.35203 2.29002 2.23393 2.18381 2.1397 2.10164 2.06966 2.04377 2.02399 2.01033 2.00279 2.00139 2.00613 2.01701 2.03404 2.05722 2.08654 2.12203 2.16366 2.21145 2.26539 2.32546 2.39167 2.46398 2.54237 2.62681 2.71724 2.8136 2.91581 3.02376 3.13733 3.25636 3.38065 3.50998 3.64408 3.78266 3.92534 4.07173 4.22139 4.37381 4.52846 4.68478 4.84217 5 
4 3.87212 3.74507 3.61948 3.49596 3.37508 3.25736 3.1433 3.03333 2.92781 2.82707 2.7314 2.64102 2.55612 2.47685 2.40334 2.33568 2.27394 2.21817 2.16841 2.1247 2.08704 2.05545 2.02994 2.0105 1.99715 1.98987 1.98868 1.99356 2.00452 2.02157 2.0447 2.07392 2.10924 2.15065 2.19816 2.25178 2.3115 2.37733 2.44925 2.52726 2.61133 2.70143 2.79751 2.89952 3.00737 3.12096 3.24014 3.36475 3.49458 3.62939 3.76886 3.91266 4.06038 4.21156 4.36569 4.52222 4.68054 4.84002 5 
4 3.86954 3.73995 3.61194 3.48614 3.36318 3.24362 3.12795 3.01662 2.91001 2.80843 2.71215 2.62137 2.53627 2.45698 2.38358 2.31615 2.25473 2.19936 2.15004 2.10679 2.0696 2.03847 2.01339 1.99435 1.98134 1.97436 1.97339 1.97843 1.98948 2.00654 2.0296 2.05868 2.09379 2.13492 2.1821 2.23533 2.29462 2.35999 2.43144 2.50898 2.5926 2.6823 2.77804 2.8798 2.98751 3.1011 3.22045 3.34543 3.47585 3.61148 3.75203 3.89717 4.04649 4.19952 4.35574 4.51456 4.67534 4.83739 5 
4 3.86643 3.73381 3.60289 3.47438 3.34895 3.2272 3.10966 2.99676 2.88889 2.78636 2.6894 2.59821 2.51292 2.43363 2.3604 2.29327 2.23225 2.17736 2.12856 2.08586 2.04922 2.01863 1.99405 1.97547 1.96286 1.9562 1.95549 1.9607 1.97184 1.98889 2.01187 2.04078 2.07563 2.11644 2.16321 2.21598 2.27476 2.33958 2.41047 2.48744 2.57051 2.6597 2.75502 2.85645 2.96396 3.07752 3.19704 3.32242 3.45349 3.59006 3.73186 3.87857 4.02978 4.18502 4.34374 4.50531 4.66905 4.83421 5 
4 3.86272 3.72648 3.59211 3.4604 3.33208 3.20778 3.08806 2.97337 2.86409 2.76051 2.66283 2.57122 2.48578 2.40655 2.33357 2.26684 2.20633 2.15202 2.10386 2.06181 2.02582 1.99585 1.97185 1.95379 1.94164 1.93536 1.93493 1.94033 1.95156 1.96861 1.99148 2.02019 2.05473 2.09514 2.14144 2.19366 2.25184 2.31601 2.38621 2.4625 2.54491 2.63348 2.72826 2.82925 2.93649 3.04995 3.1696 3.29538 3.42716 3.56477 3.70799 3.8565 4.00991 4.16774 4.32941 4.49425 4.66152 4.83039 5 
4 3.85832 3.71778 3.57933 3.44386 3.31216 3.18493 3.06273 2.94603 2.8352 2.73049 2.63208 2.54008 2.45454 2.37547 2.30286 2.23665 2.17678 2.12318 2.07578 2.03451 1.99929 1.97005 1.94673 1.92927 1.91764 1.91179 1.91168 1.9173 1.92863 1.94566 1.9684 1.99686 2.03104 2.07099 2.11673 2.16831 2.22577 2.28917 2.35857 2.43404 2.51564 2.60346 2.69755 2.79798 2.90481 3.01808 3.1378 3.26394 3.39645 3.53519 3.67998 3.83052 3.98646 4.14728 4.3124 4.4811 4.65255 4.82585 5 
4 3.85309 3.70747 3.56422 3.42434 3.28873 3.15813 3.03313 2.91421 2.8017 2.69582 2.59669 2.50438 2.41886 2.34009 2.268 2.20247 2.14341 2.09069 2.04421 2.00386 1.96954 1.94115 1.91861 1.90186 1.89082 1.88545 1.88571 1.89157 1.90301 1.92002 1.9426 1.97077 2.00454 2.04395 2.08905 2.13987 2.1965 2.25899 2.32744 2.40192 2.48256 2.56943 2.66267 2.76237 2.86864 2.98158 3.10124 3.22768 3.3609 3.50082 3.6473 3.80011 3.9589 4.12317 4.2923 4.46552 4.64191 4.82045 5 
4 3.84688 3.69523 3.54633 3.40132 3.26119 3.12676 2.99865 2.8773 2.76302 2.65597 2.5562 2.46369 2.37836 2.30008 2.2287 2.16407 2.10602 2.05438 2.00901 1.96975 1.93648 1.90909 1.88745 1.8715 1.86114 1.85633 1.857 1.86313 1.87469 1.89166 1.91406 1.9419 1.97519 2.01399 2.05834 2.1083 2.16395 2.22538 2.29271 2.36603 2.44549 2.53123 2.6234 2.72215 2.82765 2.94005 3.0595 3.18612 3.31996 3.46106 3.60934 3.76463 3.9266 4.0948 4.26857 4.44707 4.62928 4.81403 5 
4 3.83948 3.68069 3.52512 3.37412 3.22881 3.09006 2.95851 2.83457 2.71849 2.61033 2.51006 2.41756 2.33264 2.2551 2.1847 2.12122 2.06442 2.01409 1.97004 1.93208 1.90005 1.8738 1.85321 1.83817 1.82859 1.8244 1.82554 1.83197 1.84366 1.8606 1.88279 1.91024 1.94299 1.98108 2.02457 2.07354 2.12807 2.18828 2.25429 2.32624 2.4043 2.48865 2.57949 2.67703 2.78149 2.89311 3.01211 3.13869 3.27303 3.41525 3.56537 3.7233 3.8888 4.06143 4.24053 4.42519 4.61427 4.80638 5 
4 3.83062 3.66332 3.49989 3.34192 3.19067 3.04708 2.9118 2.78517 2.66732 2.55821 2.45767 2.36546 2.28127 2.20478 2.13569 2.07367 2.01842 1.96968 1.92721 1.89077 1.86017 1.83524 1.81584 1.80185 1.79315 1.78966 1.79133 1.7981 1.80993 1.82683 1.84878 1.8758 1.90794 1.94523 1.98775 2.03558 2.08882 2.14761 2.21209 2.28243 2.35883 2.44151 2.53072 2.62672 2.72981 2.84031 2.95854 3.0848 3.2194 3.36258 3.51451 3.6752 3.84453 4.02213 4.20733 4.39917 4.59635 4.79724 5 
4 3.81996 3.64245 3.46971 3.30361 3.1456 2.99668 2.85742 2.72808 2.60862 2.49883 2.39837 2.30684 2.22379 2.14878 2.08139 2.0212 1.96786 1.92102 1.8804 1.84574 1.8168 1.79339 1.77535 1.76253 1.75483 1.75213 1.75439 1.76153 1.77353 1.79037 1.81205 1.8386 1.87004 1.90643 1.94786 1.9944 2.04618 2.10335 2.16607 2.23453 2.30897 2.38965 2.47686 2.57094 2.67226 2.78122 2.89824 3.02379 3.15829 3.30216 3.45573 3.61921 3.79263 3.97571 4.16787 4.36807 4.57484 4.78624 5 
4 3.80698 3.61717 3.43336 3.2578 3.09215 2.9374 2.79404 2.66211 2.54136 2.43133 2.33146 2.24114 2.15976 2.08674 2.02152 1.96361 1.91257 1.868 1.82956 1.79695 1.76992 1.74824 1.73173 1.72024 1.71365 1.71184 1.71475 1.72231 1.73449 1.75127 1.77266 1.79867 1.82934 1.86473 1.90492 1.95002 2.00015 2.05547 2.11617 2.18246 2.25461 2.33291 2.41772 2.50942 2.60847 2.71536 2.83065 2.95494 3.08883 3.23294 3.38784 3.55398 3.73162 3.92069 4.12071 4.33064 4.5488 4.77287 5 
4 3.79103 3.58622 3.38917 3.20263 3.02842 2.86748 2.72007 2.5859 2.4644 2.35478 2.25619 2.16778 2.08875 2.01833 1.95586 1.90075 1.85246 1.81056 1.77465 1.74441 1.71954 1.69981 1.68503 1.67502 1.66966 1.66884 1.67247 1.68049 1.69287 1.70959 1.73065 1.75607 1.78588 1.82016 1.85899 1.90248 1.95075 2.00399 2.06239 2.1262 2.19569 2.2712 2.35313 2.44193 2.53812 2.64232 2.75519 2.8775 3.01007 3.15377 3.30944 3.47789 3.6597 3.85514 4.06396 4.28519 4.51696 4.75645 5 
4 3.7711 3.54782 3.33487 3.13562 2.95199 2.78472 2.6336 2.49789 2.37649 2.26821 2.17183 2.08623 2.01035 1.94328 1.88422 1.83248 1.78747 1.74868 1.71568 1.68812 1.6657 1.64816 1.6353 1.62694 1.62294 1.62319 1.62762 1.63615 1.64875 1.6654 1.6861 1.71087 1.73975 1.77281 1.81013 1.85183 1.89805 1.94896 2.00478 2.06575 2.13219 2.20446 2.28299 2.36829 2.46095 2.56169 2.6713 2.79074 2.92104 3.06336 3.21894 3.38899 3.57462 3.77659 3.99509 4.22939 4.47749 4.73596 5 
4 3.74572 3.49935 3.26723 3.0534 2.85974 2.68639 2.53242 2.39631 2.2763 2.17064 2.07769 1.99598 1.92425 1.8614 1.8065 1.75878 1.71759 1.68238 1.6527 1.62817 1.60848 1.59337 1.58263 1.57607 1.57357 1.57501 1.5803 1.58938 1.60222 1.6188 1.63911 1.66317 1.69104 1.72277 1.75845 1.79819 1.84214 1.89047 1.9434 2.00119 2.06416 2.1327 2.20726 2.28839 2.37676 2.47315 2.5785 2.69393 2.82073 2.96038 3.11455 3.28504 3.47362 3.68185 3.91068 4.15994 4.42773 4.7099 5 
4 3.71258 3.43688 3.1816 2.95142 2.74762 2.56921 2.41398 2.27929 2.1625 2.06116 1.97316 1.89669 1.83025 1.77259 1.72268 1.67969 1.64291 1.61178 1.58583 1.56468 1.54802 1.53558 1.52715 1.52257 1.52168 1.5244 1.53062 1.54031 1.5534 1.5699 1.58979 1.6131 1.63988 1.67017 1.70407 1.74168 1.78315 1.82864 1.87839 1.93264 1.99171 2.056 2.12599 2.20224 2.28546 2.37651 2.47643 2.58649 2.70822 2.84346 2.99437 3.16344 3.35335 3.56682 3.80607 4.07212 4.36367 4.67592 5 
4 3.66785 3.35421 3.07114 2.8234 2.61052 2.4293 2.27552 2.14497 2.03387 1.93904 1.85785 1.78817 1.72832 1.67692 1.63289 1.59535 1.56359 1.53705 1.51525 1.49783 1.48448 1.47494 1.46902 1.46656 1.46742 1.47151 1.47874 1.48906 1.50243 1.51885 1.5383 1.5608 1.5864 1.61516 1.64714 1.68246 1.72125 1.76367 1.80992 1.86027 1.91502 1.97455 2.03934 2.10996 2.18713 2.27174 2.3649 2.468 2.58277 2.71138 2.85649 3.02137 3.20985 3.42624 3.67484 3.95892 4.27896 4.63009 5 
4 3.60474 3.24112 2.92557 2.66078 2.44211 2.26234 2.11427 1.99168 1.88952 1.80386 1.73164 1.6705 1.61864 1.57464 1.5374 1.50605 1.47992 1.45845 1.44121 1.42785 1.41807 1.41167 1.40844 1.40825 1.41097 1.41651 1.4248 1.4358 1.44947 1.4658 1.48478 1.50643 1.53079 1.55791 1.58786 1.62074 1.65665 1.69576 1.73826 1.78436 1.83437 1.88864 1.94761 2.01183 2.08201 2.15903 2.244 2.33836 2.44397 2.56322 2.69922 2.856 3.03871 3.25368 3.50829 3.80988 4.1632 4.56549 5 
4 3.51006 3.08013 2.72942 2.45229 2.23505 2.06399 1.9279 1.81834 1.72911 1.65571 1.59485 1.5441 1.50167 1.4662 1.43664 1.41221 1.39227 1.37634 1.36403 1.35502 1.34908 1.346 1.34563 1.34783 1.35251 1.35959 1.369 1.38071 1.39469 1.41093 1.42942 1.45018 1.47324 1.49865 1.52645 1.55674 1.58962 1.62522 1.66369 1.70524 1.75012 1.79865 1.85122 1.90832 1.9706 2.03886 2.11417 2.19791 2.29191 2.39864 2.52147 2.66498 2.8355 3.04166 3.29489 3.60918 3.99852 4.46867 5 
4 3.35547 2.84002 2.45982 2.18409 1.98203 1.83089 1.71527 1.62497 1.5532 1.49537 1.44832 1.40979 1.37818 1.3523 1.33125 1.31437 1.30114 1.29115 1.28409 1.27971 1.27781 1.27823 1.28085 1.28556 1.29228 1.30096 1.31154 1.32399 1.33829 1.35444 1.37242 1.39225 1.41396 1.43758 1.46315 1.49075 1.52044 1.55234 1.58657 1.6233 1.66272 1.70509 1.75074 1.80006 1.8536 1.91203 1.97626 2.0475 2.12739 2.21823 2.32325 2.44714 2.59682 2.7827 3.02051 3.33348 3.75305 4.31066 5 
4 3.07185 2.46474 2.08585 1.84234 1.67824 1.56245 1.4775 1.41326 1.36357 1.32451 1.29352 1.26885 1.24926 1.23386 1.22202 1.21322 1.20711 1.20339 1.20185 1.20231 1.20462 1.20867 1.21439 1.22169 1.23053 1.24085 1.25263 1.26585 1.28048 1.29653 1.31399 1.33287 1.35319 1.37497 1.39824 1.42304 1.44944 1.47751 1.50733 1.53901 1.5727 1.60858 1.64688 1.68788 1.73197 1.77964 1.83156 1.88864 1.95212 2.0238 2.10631 2.20362 2.32203 2.4719 2.67103 2.95121 3.36957 4.02091 5 
4 2.46722 1.86127 1.57656 1.42123 1.32623 1.26324 1.21913 1.18712 1.16341 1.14571 1.13255 1.12297 1.1163 1.11205 1.1099 1.10957 1.11087 1.11366 1.11781 1.12325 1.12988 1.13767 1.14655 1.15651 1.1675 1.1795 1.19251 1.20651 1.22148 1.23743 1.25436 1.27227 1.29117 1.31107 1.33199 1.35395 1.37698 1.40111 1.4264 1.45289 1.48067 1.50982 1.54047 1.57276 1.60689 1.64313 1.68183 1.72348 1.76875 1.81864 1.87463 1.93907 2.01584 2.11186 2.24054 2.43079 2.7531 3.40339 5 
0.935501 0.93577 0.936576 0.93792 0.939801 0.94222 0.945176 0.94867 0.952701 0.95727 0.962376 0.968019 0.9742 0.980919 0.988175 0.995969 1.0043 1.01317 1.02257 1.03252 1.043 1.05402 1.06557 1.07767 1.0903 1.10347 1.11717 1.13142 1.1462 1.16152 1.17737 1.19377 1.2107 1.22816 1.24617 1.26471 1.28379 1.30341 1.32357 1.34426 1.36549 1.38726 1.40957 1.43241 1.45579 1.47971 1.50417 1.52916 1.55469 1.58076 1.60736 1.63451 1.66219 1.69041 1.71916 1.74845 1.77829 1.80865 1.83956 1.871 
