C h:0.0120482
C GRID SIZE:84
C N:82
0 0.453231 0.900624 1.33642 1.755 2.15097 2.51924 2.85506 3.15411 3.41254 3.62701 3.79476 3.91364 3.98211 3.99928 3.96495 3.87955 3.74418 3.56058 3.33113 3.05876 2.74701 2.39986 2.02181 1.61772 1.19279 0.752499 0.302515 -0.151366 -0.603297 -1.04746 -1.47813 -1.88976 -2.27705 -2.63501 -2.95903 -3.24494 -3.48906 -3.68823 -3.83991 -3.94212 -3.99355 -3.99355 -3.94212 -3.83991 -3.68823 -3.48906 -3.24494 -2.95903 -2.63501 -2.27705 -1.88976 -1.47813 -1.04746 -0.603297 -0.151366 0.302515 0.752499 1.19279 1.61772 2.02181 2.39986 2.74701 3.05876 3.33113 3.56058 3.74418 3.87955 3.96495 3.99928 3.98211 3.91364 3.79476 3.62701 3.41254 3.15411 2.85506 2.51924 2.15097 1.755 1.33642 0.900624 0.453231 -1.46935e-18 
0 0.404704 0.804197 1.19333 1.56711 1.9207 2.24956 2.54946 2.81652 3.04732 3.23889 3.38875 3.49498 3.55621 3.57165 3.54111 3.46498 3.34424 3.18045 2.97572 2.73268 2.45448 2.14468 1.80729 1.44666 1.06741 0.674455 0.272839 -0.132259 -0.53562 -0.932049 -1.31644 -1.68384 -2.02952 -2.34902 -2.63823 -2.89342 -3.11131 -3.28908 -3.42446 -3.51569 -3.5616 -3.5616 -3.51569 -3.42446 -3.28908 -3.11131 -2.89342 -2.63823 -2.34902 -2.02952 -1.68384 -1.31644 -0.932049 -0.53562 -0.132259 0.272839 0.674455 1.06741 1.44666 1.80729 2.14468 2.45448 2.73268 2.97572 3.18045 3.34424 3.46498 3.54111 3.57165 3.55621 3.49498 3.38875 3.23889 3.04732 2.81652 2.54946 2.24956 1.9207 1.56711 1.19333 0.804197 0.404704 0 
0 0.3614 0.718148 1.06565 1.39944 1.71521 2.00891 2.27674 2.51528 2.72143 2.89256 3.02646 3.12142 3.17619 3.1901 3.16295 3.09511 2.98744 2.84134 2.65869 2.44185 2.1936 1.91716 1.61608 1.29424 0.955785 0.605085 0.246653 -0.114891 -0.47489 -0.828706 -1.17178 -1.49969 -1.80822 -2.09338 -2.35151 -2.57928 -2.77375 -2.93242 -3.05325 -3.13468 -3.17566 -3.17566 -3.13468 -3.05325 -2.93242 -2.77375 -2.57928 -2.35151 -2.09338 -1.80822 -1.49969 -1.17178 -0.828706 -0.47489 -0.114891 0.246653 0.605085 0.955785 1.29424 1.61608 1.91716 2.1936 2.44185 2.65869 2.84134 2.98744 3.09511 3.16295 3.1901 3.17619 3.12142 3.02646 2.89256 2.72143 2.51528 2.27674 2.00891 1.71521 1.39944 1.06565 0.718148 0.3614 0 
0 0.322758 0.641363 0.951716 1.24982 1.53185 1.79417 2.0334 2.24647 2.43064 2.58355 2.70322 2.78811 2.83714 2.84969 2.82559 2.76515 2.66916 2.53886 2.37594 2.18248 1.96099 1.71432 1.44566 1.15846 0.856432 0.543462 0.223587 -0.0990724 -0.420357 -0.736127 -1.04231 -1.33497 -1.61033 -1.86484 -2.09522 -2.2985 -2.47207 -2.61369 -2.72153 -2.79421 -2.83078 -2.83078 -2.79421 -2.72153 -2.61369 -2.47207 -2.2985 -2.09522 -1.86484 -1.61033 -1.33497 -1.04231 -0.736127 -0.420357 -0.0990724 0.223587 0.543462 0.856432 1.15846 1.44566 1.71432 1.96099 2.18248 2.37594 2.53886 2.66916 2.76515 2.82559 2.84969 2.83714 2.78811 2.70322 2.58355 2.43064 2.24647 2.0334 1.79417 1.53185 1.24982 0.951716 0.641363 0.322758 0 
0 0.288278 0.572848 0.850051 1.11632 1.36824 1.60256 1.81627 2.00663 2.17119 2.30784 2.41481 2.49074 2.53466 2.546 2.52463 2.47082 2.38527 2.26909 2.12377 1.95121 1.75361 1.53353 1.29382 1.03755 0.768041 0.48876 0.20331 -0.0846311 -0.37135 -0.653152 -0.926405 -1.18759 -1.43333 -1.66047 -1.86608 -2.04751 -2.20241 -2.32881 -2.42505 -2.48992 -2.52256 -2.52256 -2.48992 -2.42505 -2.32881 -2.20241 -2.04751 -1.86608 -1.66047 -1.43333 -1.18759 -0.926405 -0.653152 -0.37135 -0.0846311 0.20331 0.48876 0.768041 1.03755 1.29382 1.53353 1.75361 1.95121 2.12377 2.26909 2.38527 2.47082 2.52463 2.546 2.53466 2.49074 2.41481 2.30784 2.17119 2.00663 1.81627 1.60256 1.36824 1.11632 0.850051 0.572848 0.288278 0 
0 0.257513 0.511716 0.759342 0.997209 1.22226 1.43161 1.62255 1.79265 1.93972 2.06186 2.15752 2.22546 2.26483 2.27511 2.25618 2.20829 2.13207 2.0285 1.89893 1.74501 1.56876 1.37243 1.15856 0.929915 0.689442 0.440242 0.185528 -0.0714139 -0.327271 -0.578746 -0.822595 -1.05567 -1.27498 -1.47769 -1.66118 -1.82309 -1.96133 -2.07413 -2.16003 -2.21791 -2.24704 -2.24704 -2.21791 -2.16003 -2.07413 -1.96133 -1.82309 -1.66118 -1.47769 -1.27498 -1.05567 -0.822595 -0.578746 -0.327271 -0.0714139 0.185528 0.440242 0.689442 0.929915 1.15856 1.37243 1.56876 1.74501 1.89893 2.0285 2.13207 2.20829 2.25618 2.27511 2.26483 2.22546 2.15752 2.06186 1.93972 1.79265 1.62255 1.43161 1.22226 0.997209 0.759342 0.511716 0.257513 0 
0 0.230065 0.457174 0.678413 0.890939 1.09202 1.27909 1.44973 1.60175 1.73321 1.84243 1.928 1.98882 2.02413 2.03348 2.01675 1.97416 1.90628 1.81398 1.69846 1.56122 1.40402 1.22889 1.03811 0.834132 0.619588 0.397248 0.16998 -0.0592835 -0.287585 -0.511981 -0.729576 -0.937565 -1.13327 -1.31415 -1.4779 -1.62239 -1.74576 -1.84642 -1.92307 -1.97473 -2.00072 -2.00072 -1.97473 -1.92307 -1.84642 -1.74576 -1.62239 -1.4779 -1.31415 -1.13327 -0.937565 -0.729576 -0.511981 -0.287585 -0.0592835 0.16998 0.397248 0.619588 0.834132 1.03811 1.22889 1.40402 1.56122 1.69846 1.81398 1.90628 1.97416 2.01675 2.03348 2.02413 1.98882 1.928 1.84243 1.73321 1.60175 1.44973 1.27909 1.09202 0.890939 0.678413 0.457174 0.230065 0 
0 0.205577 0.408517 0.606215 0.796135 0.97584 1.14303 1.29555 1.43146 1.54901 1.64669 1.72327 1.77775 1.80946 1.81799 1.80323 1.76539 1.70496 1.62274 1.51977 1.39741 1.25724 1.10106 0.93089 0.748937 0.557547 0.359192 0.156432 -0.0481169 -0.251814 -0.452031 -0.646185 -0.831771 -1.0064 -1.1678 -1.31392 -1.44285 -1.55294 -1.64276 -1.71116 -1.75726 -1.78046 -1.78046 -1.75726 -1.71116 -1.64276 -1.55294 -1.44285 -1.31392 -1.1678 -1.0064 -0.831771 -0.646185 -0.452031 -0.251814 -0.0481169 0.156432 0.359192 0.557547 0.748937 0.93089 1.10106 1.25724 1.39741 1.51977 1.62274 1.70496 1.76539 1.80323 1.81799 1.80946 1.77775 1.72327 1.64669 1.54901 1.43146 1.29555 1.14303 0.97584 0.796135 0.606215 0.408517 0.205577 0 
0 0.183734 0.365112 0.541811 0.711566 0.872202 1.02166 1.15803 1.27956 1.38471 1.47212 1.54068 1.58952 1.61802 1.62582 1.61284 1.57925 1.52549 1.45227 1.36053 1.25147 1.1265 0.987232 0.83548 0.673199 0.502487 0.325551 0.144675 -0.0378037 -0.21953 -0.398157 -0.57138 -0.736963 -0.892767 -1.03678 -1.16715 -1.2822 -1.38043 -1.46057 -1.52161 -1.56274 -1.58344 -1.58344 -1.56274 -1.52161 -1.46057 -1.38043 -1.2822 -1.16715 -1.03678 -0.892767 -0.736963 -0.57138 -0.398157 -0.21953 -0.0378037 0.144675 0.325551 0.502487 0.673199 0.83548 0.987232 1.1265 1.25147 1.36053 1.45227 1.52549 1.57925 1.61284 1.62582 1.61802 1.58952 1.54068 1.47212 1.38471 1.27956 1.15803 1.02166 0.872202 0.711566 0.541811 0.365112 0.183734 0 
0 0.16425 0.326397 0.484367 0.636137 0.779765 0.913414 1.03538 1.14409 1.23818 1.31643 1.37785 1.42166 1.44732 1.45449 1.44311 1.41332 1.36552 1.30035 1.21864 1.12146 1.01008 0.885926 0.75062 0.605909 0.453665 0.295858 0.134526 -0.0282449 -0.190352 -0.3497 -0.504232 -0.651953 -0.790953 -0.91944 -1.03575 -1.13839 -1.22603 -1.29754 -1.352 -1.3887 -1.40716 -1.40716 -1.3887 -1.352 -1.29754 -1.22603 -1.13839 -1.03575 -0.91944 -0.790953 -0.651953 -0.504232 -0.3497 -0.190352 -0.0282449 0.134526 0.295858 0.453665 0.605909 0.75062 0.885926 1.01008 1.12146 1.21864 1.30035 1.36552 1.41332 1.44311 1.45449 1.44732 1.42166 1.37785 1.31643 1.23818 1.14409 1.03538 0.913414 0.779765 0.636137 0.484367 0.326397 0.16425 0 
0 0.146873 0.29187 0.433135 0.568866 0.697328 0.81688 0.925997 1.02329 1.10751 1.1776 1.23267 1.27201 1.29513 1.30176 1.29181 1.26544 1.22298 1.165 1.09226 1.0057 0.906449 0.7958 0.675186 0.546168 0.410419 0.269696 0.125818 -0.0193516 -0.163937 -0.30607 -0.443911 -0.575681 -0.699676 -0.814295 -0.918057 -1.00962 -1.08781 -1.1516 -1.20018 -1.23292 -1.2494 -1.2494 -1.23292 -1.20018 -1.1516 -1.08781 -1.00962 -0.918057 -0.814295 -0.699676 -0.575681 -0.443911 -0.30607 -0.163937 -0.0193516 0.125818 0.269696 0.410419 0.546168 0.675186 0.7958 0.906449 1.0057 1.09226 1.165 1.22298 1.26544 1.29181 1.30176 1.29513 1.27201 1.23267 1.1776 1.10751 1.02329 0.925997 0.81688 0.697328 0.568866 0.433135 0.29187 0.146873 0 
0 0.131378 0.26108 0.387451 0.50888 0.623819 0.730803 0.828469 0.915576 0.991017 1.05384 1.10324 1.1386 1.15949 1.16564 1.15699 1.13367 1.09599 1.04444 0.979716 0.902649 0.814247 0.715662 0.608172 0.493174 0.372159 0.246694 0.118406 -0.0110441 -0.139982 -0.266739 -0.389675 -0.5072 -0.617795 -0.72003 -0.812583 -0.894258 -0.963999 -1.02091 -1.06424 -1.09345 -1.10814 -1.10814 -1.09345 -1.06424 -1.02091 -0.963999 -0.894258 -0.812583 -0.72003 -0.617795 -0.5072 -0.389675 -0.266739 -0.139982 -0.0110441 0.118406 0.246694 0.372159 0.493174 0.608172 0.715662 0.814247 0.902649 0.979716 1.04444 1.09599 1.13367 1.15699 1.16564 1.15949 1.1386 1.10324 1.05384 0.991017 0.915576 0.828469 0.730803 0.623819 0.50888 0.387451 0.26108 0.131378 0 
0 0.117562 0.233628 0.34672 0.455399 0.558282 0.654063 0.741523 0.819555 0.88717 0.943514 0.987878 1.01971 1.0386 1.04434 1.03687 1.01629 0.982887 0.937103 0.879542 0.81096 0.732252 0.644445 0.548683 0.446209 0.338356 0.226523 0.11216 -0.00325056 -0.118213 -0.231237 -0.340861 -0.445665 -0.544293 -0.635468 -0.718011 -0.790855 -0.853056 -0.90381 -0.942462 -0.968511 -0.98162 -0.98162 -0.968511 -0.942462 -0.90381 -0.853056 -0.790855 -0.718011 -0.635468 -0.544293 -0.445665 -0.340861 -0.231237 -0.118213 -0.00325056 0.11216 0.226523 0.338356 0.446209 0.548683 0.644445 0.732252 0.81096 0.879542 0.937103 0.982887 1.01629 1.03687 1.04434 1.0386 1.01971 0.987878 0.943514 0.88717 0.819555 0.741523 0.654063 0.558282 0.455399 0.34672 0.233628 0.117562 0 
0 0.105246 0.209157 0.310411 0.407725 0.499864 0.58566 0.664027 0.733974 0.794619 0.845199 0.88508 0.913767 0.930907 0.936296 0.929883 0.911766 0.882194 0.841563 0.790413 0.729417 0.659375 0.581202 0.495919 0.404636 0.308542 0.208886 0.106962 0.00409372 -0.0983847 -0.199144 -0.296878 -0.39032 -0.478259 -0.559557 -0.63316 -0.698116 -0.753583 -0.798844 -0.833312 -0.856542 -0.868233 -0.868233 -0.856542 -0.833312 -0.798844 -0.753583 -0.698116 -0.63316 -0.559557 -0.478259 -0.39032 -0.296878 -0.199144 -0.0983847 0.00409372 0.106962 0.208886 0.308542 0.404636 0.495919 0.581202 0.659375 0.729417 0.790413 0.841563 0.882194 0.911766 0.929883 0.936296 0.930907 0.913767 0.88508 0.845199 0.794619 0.733974 0.664027 0.58566 0.499864 0.407725 0.310411 0.209157 0.105246 0 
0 0.0942698 0.187346 0.278051 0.365237 0.447802 0.524702 0.594969 0.657716 0.712155 0.757606 0.793502 0.8194 0.834986 0.840077 0.834625 0.81872 0.792582 0.756566 0.711152 0.656941 0.594646 0.525084 0.449167 0.367885 0.282298 0.193522 0.102711 0.011047 -0.0802796 -0.170082 -0.257196 -0.340489 -0.418882 -0.491357 -0.556976 -0.614887 -0.66434 -0.704694 -0.735426 -0.756138 -0.766561 -0.766561 -0.756138 -0.735426 -0.704694 -0.66434 -0.614887 -0.556976 -0.491357 -0.418882 -0.340489 -0.257196 -0.170082 -0.0802796 0.011047 0.102711 0.193522 0.282298 0.367885 0.449167 0.525084 0.594646 0.656941 0.711152 0.756566 0.792582 0.81872 0.834625 0.840077 0.834986 0.8194 0.793502 0.757606 0.712155 0.657716 0.594969 0.524702 0.447802 0.365237 0.278051 0.187346 0.0942698 0 
0 0.0844891 0.167912 0.249218 0.327381 0.401416 0.470393 0.533445 0.589782 0.638699 0.679588 0.711943 0.735368 0.749582 0.754421 0.749844 0.735928 0.71287 0.680987 0.640707 0.592565 0.537199 0.475336 0.407791 0.335447 0.259251 0.180196 0.0993155 0.0176617 -0.0637018 -0.143717 -0.221342 -0.295569 -0.365434 -0.430029 -0.488515 -0.540134 -0.584215 -0.620186 -0.647581 -0.666044 -0.675336 -0.675336 -0.666044 -0.647581 -0.620186 -0.584215 -0.540134 -0.488515 -0.430029 -0.365434 -0.295569 -0.221342 -0.143717 -0.0637018 0.0176617 0.0993155 0.180196 0.259251 0.335447 0.407791 0.475336 0.537199 0.592565 0.640707 0.680987 0.71287 0.735928 0.749844 0.754421 0.749582 0.735368 0.711943 0.679588 0.638699 0.589782 0.533445 0.470393 0.401416 0.327381 0.249218 0.167912 0.0844891 0 
0 0.0757765 0.150601 0.223534 0.29366 0.3601 0.422022 0.478652 0.529284 0.573288 0.610122 0.639333 0.660567 0.673572 0.678203 0.674422 0.662296 0.642003 0.613824 0.57814 0.53543 0.486261 0.431284 0.371224 0.30687 0.239067 0.168701 0.0966942 0.0239855 -0.0484758 -0.119745 -0.188894 -0.255022 -0.317268 -0.374823 -0.426938 -0.472935 -0.512217 -0.544273 -0.568687 -0.585141 -0.593422 -0.593422 -0.585141 -0.568687 -0.544273 -0.512217 -0.472935 -0.426938 -0.374823 -0.317268 -0.255022 -0.188894 -0.119745 -0.0484758 0.0239855 0.0966942 0.168701 0.239067 0.30687 0.371224 0.431284 0.486261 0.53543 0.57814 0.613824 0.642003 0.662296 0.674422 0.678203 0.673572 0.660567 0.639333 0.610122 0.573288 0.529284 0.478652 0.422022 0.3601 0.29366 0.223534 0.150601 0.0757765 0 
0 0.0680178 0.135185 0.200663 0.263634 0.323312 0.378955 0.42987 0.475427 0.515064 0.548295 0.574716 0.594011 0.605955 0.610417 0.607361 0.59685 0.579039 0.554181 0.522614 0.484766 0.441143 0.392326 0.33896 0.28175 0.22145 0.158852 0.0947756 0.0300614 -0.0344445 -0.0978989 -0.159473 -0.218364 -0.273803 -0.325068 -0.371491 -0.412466 -0.447461 -0.47602 -0.49777 -0.51243 -0.519808 -0.519808 -0.51243 -0.49777 -0.47602 -0.447461 -0.412466 -0.371491 -0.325068 -0.273803 -0.218364 -0.159473 -0.0978989 -0.0344445 0.0300614 0.0947756 0.158852 0.22145 0.28175 0.33896 0.392326 0.441143 0.484766 0.522614 0.554181 0.579039 0.59685 0.607361 0.610417 0.605955 0.594011 0.574716 0.548295 0.515064 0.475427 0.42987 0.378955 0.323312 0.263634 0.200663 0.135185 0.0680178 0 
0 0.0611112 0.121463 0.180305 0.236908 0.290569 0.340624 0.386457 0.427502 0.463259 0.493292 0.517241 0.534823 0.545836 0.550163 0.547772 0.538717 0.523139 0.50126 0.473384 0.43989 0.401231 0.357925 0.310547 0.259727 0.206137 0.150482 0.0934965 0.0359283 -0.021467 -0.077937 -0.132742 -0.185166 -0.234522 -0.280167 -0.321503 -0.357991 -0.389155 -0.414589 -0.43396 -0.447016 -0.453587 -0.453587 -0.447016 -0.43396 -0.414589 -0.389155 -0.357991 -0.321503 -0.280167 -0.234522 -0.185166 -0.132742 -0.077937 -0.021467 0.0359283 0.0934965 0.150482 0.206137 0.259727 0.310547 0.357925 0.401231 0.43989 0.473384 0.50126 0.523139 0.538717 0.547772 0.550163 0.545836 0.534823 0.517241 0.493292 0.463259 0.427502 0.386457 0.340624 0.290569 0.236908 0.180305 0.121463 0.0611112 0 
0 0.0549657 0.109253 0.162191 0.213129 0.261438 0.306526 0.347841 0.384878 0.41719 0.444387 0.466148 0.482218 0.492418 0.496641 0.494861 0.487123 0.473553 0.454349 0.429782 0.40019 0.365977 0.327604 0.285585 0.240481 0.192892 0.143447 0.092801 0.0416217 -0.00941684 -0.0596434 -0.108398 -0.155041 -0.198961 -0.239583 -0.276373 -0.308851 -0.336592 -0.359233 -0.376478 -0.388102 -0.393952 -0.393952 -0.388102 -0.376478 -0.359233 -0.336592 -0.308851 -0.276373 -0.239583 -0.198961 -0.155041 -0.108398 -0.0596434 -0.00941684 0.0416217 0.092801 0.143447 0.192892 0.240481 0.285585 0.327604 0.365977 0.40019 0.429782 0.454349 0.473553 0.487123 0.494861 0.496641 0.492418 0.482218 0.466148 0.444387 0.41719 0.384878 0.347841 0.306526 0.261438 0.213129 0.162191 0.109253 0.0549657 0 
0 0.0495003 0.0983941 0.146083 0.191984 0.235536 0.276209 0.313511 0.34699 0.376246 0.400931 0.420756 0.435496 0.444988 0.449137 0.447918 0.441374 0.429613 0.412813 0.391216 0.365122 0.334892 0.300936 0.263714 0.223725 0.181505 0.137616 0.0926398 0.047174 0.00181939 -0.042825 -0.0861706 -0.127646 -0.166707 -0.202838 -0.235565 -0.264459 -0.289141 -0.309286 -0.32463 -0.334973 -0.340179 -0.340179 -0.334973 -0.32463 -0.309286 -0.289141 -0.264459 -0.235565 -0.202838 -0.166707 -0.127646 -0.0861706 -0.042825 0.00181939 0.047174 0.0926398 0.137616 0.181505 0.223725 0.263714 0.300936 0.334892 0.365122 0.391216 0.412813 0.429613 0.441374 0.447918 0.449137 0.444988 0.435496 0.420756 0.400931 0.376246 0.34699 0.313511 0.276209 0.235536 0.191984 0.146083 0.0983941 0.0495003 0 
0 0.0446425 0.0887431 0.131767 0.173192 0.212519 0.249272 0.283012 0.313335 0.339882 0.362344 0.380462 0.394032 0.402911 0.407013 0.406314 0.400851 0.390723 0.376086 0.357155 0.3342 0.307539 0.277542 0.244615 0.209206 0.171791 0.132872 0.0929696 0.0526146 0.0123438 -0.0273085 -0.0658169 -0.102672 -0.137387 -0.169504 -0.198599 -0.224289 -0.246236 -0.264149 -0.277795 -0.286993 -0.291623 -0.291623 -0.286993 -0.277795 -0.264149 -0.246236 -0.224289 -0.198599 -0.169504 -0.137387 -0.102672 -0.0658169 -0.0273085 0.0123438 0.0526146 0.0929696 0.132872 0.171791 0.209206 0.244615 0.277542 0.307539 0.3342 0.357155 0.376086 0.390723 0.400851 0.406314 0.407013 0.402911 0.394032 0.380462 0.362344 0.339882 0.313335 0.283012 0.249272 0.212519 0.173192 0.131767 0.0887431 0.0446425 0 
0 0.0403279 0.0801713 0.119052 0.156504 0.19208 0.225355 0.255936 0.283462 0.307613 0.328111 0.344724 0.357271 0.365622 0.3697 0.369483 0.365004 0.35635 0.343661 0.327128 0.306989 0.283532 0.257082 0.228004 0.196697 0.163585 0.129115 0.0937525 0.0579705 0.022248 -0.0129384 -0.0471201 -0.0798428 -0.110672 -0.139199 -0.165046 -0.187871 -0.207372 -0.223291 -0.235417 -0.243592 -0.247707 -0.247707 -0.243592 -0.235417 -0.223291 -0.207372 -0.187871 -0.165046 -0.139199 -0.110672 -0.0798428 -0.0471201 -0.0129384 0.022248 0.0579705 0.0937525 0.129115 0.163585 0.196697 0.228004 0.257082 0.283532 0.306989 0.327128 0.343661 0.35635 0.365004 0.369483 0.3697 0.365622 0.357271 0.344724 0.328111 0.307613 0.283462 0.255936 0.225355 0.19208 0.156504 0.119052 0.0801713 0.0403279 0 
0 0.0364987 0.0725643 0.107769 0.141696 0.173946 0.204138 0.231921 0.256973 0.279006 0.297771 0.313062 0.324715 0.332614 0.33669 0.336923 0.333341 0.326022 0.315089 0.300712 0.283105 0.262523 0.239255 0.213628 0.185996 0.156738 0.126253 0.0949551 0.0632667 0.0316148 0.000424723 -0.0298857 -0.0589112 -0.0862642 -0.11158 -0.134522 -0.154784 -0.172097 -0.186232 -0.197001 -0.20426 -0.207914 -0.207914 -0.20426 -0.197001 -0.186232 -0.172097 -0.154784 -0.134522 -0.11158 -0.0862642 -0.0589112 -0.0298857 0.000424723 0.0316148 0.0632667 0.0949551 0.126253 0.156738 0.185996 0.213628 0.239255 0.262523 0.283105 0.300712 0.315089 0.326022 0.333341 0.336923 0.33669 0.332614 0.324715 0.313062 0.297771 0.279006 0.256973 0.231921 0.204138 0.173946 0.141696 0.107769 0.0725643 0.0364987 0 
0 0.0331037 0.0658199 0.0977662 0.12857 0.157873 0.185336 0.210644 0.233509 0.253672 0.270913 0.285044 0.295921 0.303437 0.307532 0.308186 0.305424 0.299315 0.289968 0.277534 0.262204 0.244204 0.223793 0.201261 0.176925 0.151121 0.124206 0.0965486 0.068526 0.0405188 0.0129061 -0.0139393 -0.039656 -0.0638981 -0.0863406 -0.106683 -0.124652 -0.140009 -0.152547 -0.162101 -0.168541 -0.171783 -0.171783 -0.168541 -0.162101 -0.152547 -0.140009 -0.124652 -0.106683 -0.0863406 -0.0638981 -0.039656 -0.0139393 0.0129061 0.0405188 0.068526 0.0965486 0.124206 0.151121 0.176925 0.201261 0.223793 0.244204 0.262204 0.277534 0.289968 0.299315 0.305424 0.308186 0.307532 0.303437 0.295921 0.285044 0.270913 0.253672 0.233509 0.210644 0.185336 0.157873 0.12857 0.0977662 0.0658199 0.0331037 0 
0 0.0300968 0.0598471 0.0889084 0.116948 0.143644 0.168694 0.191816 0.212751 0.231269 0.24717 0.260289 0.270493 0.27769 0.281822 0.282872 0.280862 0.275852 0.267939 0.257258 0.243978 0.2283 0.210456 0.190703 0.169323 0.146617 0.122903 0.0985079 0.0737697 0.0490271 0.0246182 0.000875581 -0.0218785 -0.0433358 -0.0632062 -0.0812216 -0.0971391 -0.110744 -0.121855 -0.130321 -0.136029 -0.138902 -0.138902 -0.136029 -0.130321 -0.121855 -0.110744 -0.0971391 -0.0812216 -0.0632062 -0.0433358 -0.0218785 0.000875581 0.0246182 0.0490271 0.0737697 0.0985079 0.122903 0.146617 0.169323 0.190703 0.210456 0.2283 0.243978 0.257258 0.267939 0.275852 0.280862 0.282872 0.281822 0.27769 0.270493 0.260289 0.24717 0.231269 0.212751 0.191816 0.168694 0.143644 0.116948 0.0889084 0.0598471 0.0300968 0 
0 0.0274374 0.0545645 0.0810751 0.106671 0.131064 0.153985 0.175178 0.194415 0.211487 0.226216 0.238453 0.248081 0.255013 0.2592 0.260625 0.259306 0.255297 0.248685 0.239587 0.228155 0.214568 0.199031 0.181775 0.16305 0.143124 0.12228 0.100811 0.0790174 0.0572007 0.0356626 0.0146996 -0.00540093 -0.0243641 -0.0419312 -0.0578631 -0.0719434 -0.0839809 -0.0938124 -0.101305 -0.106357 -0.1089 -0.1089 -0.106357 -0.101305 -0.0938124 -0.0839809 -0.0719434 -0.0578631 -0.0419312 -0.0243641 -0.00540093 0.0146996 0.0356626 0.0572007 0.0790174 0.100811 0.12228 0.143124 0.16305 0.181775 0.199031 0.214568 0.228155 0.239587 0.248685 0.255297 0.259306 0.260625 0.2592 0.255013 0.248081 0.238453 0.226216 0.211487 0.194415 0.175178 0.153985 0.131064 0.106671 0.0810751 0.0545645 0.0274374 0 
0 0.0250888 0.0498998 0.0741588 0.0975984 0.119962 0.141005 0.160503 0.178247 0.194053 0.20776 0.219234 0.228369 0.235088 0.239346 0.241127 0.240447 0.237352 0.23192 0.224255 0.214492 0.202789 0.18933 0.174319 0.15798 0.140551 0.122284 0.103441 0.0842877 0.0650947 0.0461304 0.027659 0.00993659 -0.00679164 -0.0222951 -0.0363606 -0.0487951 -0.0594282 -0.0681144 -0.074735 -0.0791996 -0.0814472 -0.0814472 -0.0791996 -0.074735 -0.0681144 -0.0594282 -0.0487951 -0.0363606 -0.0222951 -0.00679164 0.00993659 0.027659 0.0461304 0.0650947 0.0842877 0.103441 0.122284 0.140551 0.15798 0.174319 0.18933 0.202789 0.214492 0.224255 0.23192 0.237352 0.240447 0.241127 0.239346 0.235088 0.228369 0.219234 0.20776 0.194053 0.178247 0.160503 0.141005 0.119962 0.0975984 0.0741588 0.0498998 0.0250888 0 
0 0.0230186 0.0457883 0.0680634 0.0896045 0.110181 0.129576 0.147585 0.164022 0.178722 0.191541 0.202358 0.211077 0.21763 0.221974 0.224095 0.224007 0.22175 0.217392 0.211026 0.202772 0.19277 0.181183 0.168194 0.154001 0.138817 0.122866 0.10638 0.0895978 0.0727594 0.0561041 0.0398674 0.0242776 0.00955313 -0.00410039 -0.0164929 -0.0274524 -0.0368269 -0.0444867 -0.0503261 -0.0542643 -0.0562471 -0.0562471 -0.0542643 -0.0503261 -0.0444867 -0.0368269 -0.0274524 -0.0164929 -0.00410039 0.00955313 0.0242776 0.0398674 0.0561041 0.0727594 0.0895978 0.10638 0.122866 0.138817 0.154001 0.168194 0.181183 0.19277 0.202772 0.211026 0.217392 0.22175 0.224007 0.224095 0.221974 0.21763 0.211077 0.202358 0.191541 0.178722 0.164022 0.147585 0.129576 0.110181 0.0896045 0.0680634 0.0457883 0.0230186 0 
0 0.0211977 0.0421724 0.0627038 0.082577 0.101586 0.119534 0.136241 0.151538 0.165277 0.177328 0.187583 0.195956 0.202384 0.206829 0.209278 0.20974 0.208253 0.204875 0.19969 0.192803 0.184339 0.174442 0.163276 0.151016 0.137852 0.123983 0.109616 0.094964 0.0802403 0.065658 0.0514271 0.0377511 0.0248244 0.0128304 0.00193833 -0.00769833 -0.0159442 -0.0226838 -0.0278227 -0.031289 -0.0330343 -0.0330343 -0.031289 -0.0278227 -0.0226838 -0.0159442 -0.00769833 0.00193833 0.0128304 0.0248244 0.0377511 0.0514271 0.065658 0.0802403 0.094964 0.109616 0.123983 0.137852 0.151016 0.163276 0.174442 0.184339 0.192803 0.19969 0.204875 0.208253 0.20974 0.209278 0.206829 0.202384 0.195956 0.187583 0.177328 0.165277 0.151538 0.136241 0.119534 0.101586 0.082577 0.0627038 0.0421724 0.0211977 0 
0 0.0196005 0.0390008 0.0580035 0.0764158 0.0940526 0.110738 0.126309 0.140615 0.153523 0.164916 0.174695 0.182784 0.189126 0.193686 0.19645 0.197428 0.19665 0.19417 0.19006 0.184414 0.177342 0.168974 0.159453 0.148936 0.137592 0.125598 0.113138 0.100402 0.087579 0.0748596 0.0624306 0.0504732 0.0391607 0.0286564 0.0191112 0.0106617 0.0034285 -0.00248531 -0.0069957 -0.0100386 -0.011571 -0.011571 -0.0100386 -0.0069957 -0.00248531 0.0034285 0.0106617 0.0191112 0.0286564 0.0391607 0.0504732 0.0624306 0.0748596 0.087579 0.100402 0.113138 0.125598 0.137592 0.148936 0.159453 0.168974 0.177342 0.184414 0.19006 0.19417 0.19665 0.197428 0.19645 0.193686 0.189126 0.182784 0.174695 0.164916 0.153523 0.140615 0.126309 0.110738 0.0940526 0.0764158 0.0580035 0.0390008 0.0196005 0 
0 0.0182037 0.0362278 0.0538948 0.0710318 0.0874725 0.103059 0.117645 0.131094 0.143287 0.154119 0.163501 0.171363 0.177654 0.182341 0.185412 0.186874 0.186754 0.185098 0.18197 0.177453 0.171645 0.164661 0.156628 0.147685 0.137983 0.127679 0.116938 0.105926 0.0948136 0.08377 0.0729612 0.0625487 0.0526869 0.0435211 0.0351857 0.0278024 0.0214787 0.0163064 0.0123603 0.00969752 0.00835644 0.00835644 0.00969752 0.0123603 0.0163064 0.0214787 0.0278024 0.0351857 0.0435211 0.0526869 0.0625487 0.0729612 0.08377 0.0948136 0.105926 0.116938 0.127679 0.137983 0.147685 0.156628 0.164661 0.171645 0.177453 0.18197 0.185098 0.186754 0.186874 0.185412 0.182341 0.177654 0.171363 0.163501 0.154119 0.143287 0.131094 0.117645 0.103059 0.0874725 0.0710318 0.0538948 0.0362278 0.0182037 0 
0 0.0169869 0.0338125 0.0503172 0.0663456 0.0817482 0.0963832 0.110118 0.122832 0.134416 0.144775 0.15383 0.161517 0.167789 0.172616 0.175986 0.177906 0.178397 0.1775 0.175271 0.171785 0.167127 0.161399 0.154714 0.147196 0.138978 0.130199 0.121007 0.11155 0.101979 0.0924446 0.0830943 0.074072 0.0655152 0.0575531 0.0503056 0.0438809 0.0383748 0.0338689 0.03043 0.0281088 0.0269395 0.0269395 0.0281088 0.03043 0.0338689 0.0383748 0.0438809 0.0503056 0.0575531 0.0655152 0.074072 0.0830943 0.0924446 0.101979 0.11155 0.121007 0.130199 0.138978 0.147196 0.154714 0.161399 0.167127 0.171785 0.175271 0.1775 0.178397 0.177906 0.175986 0.172616 0.167789 0.161517 0.15383 0.144775 0.134416 0.122832 0.110118 0.0963832 0.0817482 0.0663456 0.0503172 0.0338125 0.0169869 0 
0 0.0159319 0.0317186 0.0472168 0.0622865 0.0767932 0.0906092 0.103615 0.115702 0.126772 0.136738 0.14553 0.153089 0.159371 0.164351 0.168015 0.170368 0.17143 0.171235 0.169834 0.16729 0.163681 0.159096 0.153634 0.147407 0.140532 0.133134 0.125342 0.117289 0.109108 0.100934 0.0928983 0.0851286 0.077747 0.0708689 0.0646006 0.0590386 0.0542681 0.0503618 0.0473791 0.0453652 0.0443505 0.0443505 0.0453652 0.0473791 0.0503618 0.0542681 0.0590386 0.0646006 0.0708689 0.077747 0.0851286 0.0928983 0.100934 0.109108 0.117289 0.125342 0.133134 0.140532 0.147407 0.153634 0.159096 0.163681 0.16729 0.169834 0.171235 0.17143 0.170368 0.168015 0.164351 0.159371 0.153089 0.14553 0.136738 0.126772 0.115702 0.103615 0.0906092 0.0767932 0.0622865 0.0472168 0.0317186 0.0159319 0 
0 0.0150224 0.029914 0.0445457 0.0587916 0.0725303 0.0856467 0.0980333 0.109591 0.120233 0.129879 0.138465 0.145939 0.15226 0.157403 0.161357 0.164125 0.165722 0.16618 0.165541 0.163863 0.161213 0.15767 0.153322 0.148268 0.142612 0.136463 0.129938 0.123154 0.11623 0.109285 0.102436 0.0957957 0.0894741 0.083573 0.0781873 0.0734027 0.0692949 0.0659287 0.0633569 0.0616198 0.0607444 0.0607444 0.0616198 0.0633569 0.0659287 0.0692949 0.0734027 0.0781873 0.083573 0.0894741 0.0957957 0.102436 0.109285 0.11623 0.123154 0.129938 0.136463 0.142612 0.148268 0.153322 0.15767 0.161213 0.163863 0.165541 0.16618 0.165722 0.164125 0.161357 0.157403 0.15226 0.145939 0.138465 0.129879 0.120233 0.109591 0.0980333 0.0856467 0.0725303 0.0587916 0.0445457 0.029914 0.0150224 0 
0 0.0142439 0.0283698 0.0422614 0.0558049 0.0688909 0.0814156 0.0932816 0.1044 0.11469 0.124082 0.132516 0.139943 0.146328 0.151647 0.155889 0.159054 0.161156 0.162223 0.162291 0.16141 0.159639 0.157049 0.153718 0.149732 0.145183 0.14017 0.134794 0.129159 0.123373 0.117539 0.111762 0.106144 0.100779 0.0957604 0.0911713 0.0870881 0.0835782 0.0806992 0.078498 0.0770104 0.0762605 0.0762605 0.0770104 0.078498 0.0806992 0.0835782 0.0870881 0.0911713 0.0957604 0.100779 0.106144 0.111762 0.117539 0.123373 0.129159 0.134794 0.14017 0.145183 0.149732 0.153718 0.157049 0.159639 0.16141 0.162291 0.162223 0.161156 0.159054 0.155889 0.151647 0.146328 0.139943 0.132516 0.124082 0.11469 0.1044 0.0932816 0.0814156 0.0688909 0.0558049 0.0422614 0.0283698 0.0142439 0 
0 0.0135835 0.0270604 0.0403257 0.0532766 0.0658141 0.0778443 0.0892792 0.100038 0.110048 0.119245 0.127574 0.134992 0.141465 0.146971 0.151498 0.155047 0.157629 0.159266 0.159991 0.159847 0.158887 0.157172 0.15477 0.151759 0.14822 0.144239 0.139907 0.135317 0.130562 0.125736 0.120931 0.116236 0.111738 0.107517 0.103648 0.100199 0.0972289 0.0947899 0.0929234 0.0916612 0.0910247 0.0910247 0.0916612 0.0929234 0.0947899 0.0972289 0.100199 0.103648 0.107517 0.111738 0.116236 0.120931 0.125736 0.130562 0.135317 0.139907 0.144239 0.14822 0.151759 0.15477 0.157172 0.158887 0.159847 0.159991 0.159266 0.157629 0.155047 0.151498 0.146971 0.141465 0.134992 0.127574 0.119245 0.110048 0.100038 0.0892792 0.0778443 0.0658141 0.0532766 0.0403257 0.0270604 0.0135835 0 
0 0.0130298 0.0259632 0.0387051 0.0511624 0.0632456 0.0748695 0.0859543 0.0964266 0.10622 0.115276 0.123546 0.130988 0.137571 0.143275 0.148088 0.152009 0.155048 0.157222 0.158561 0.159102 0.158891 0.157981 0.156433 0.154315 0.151699 0.14866 0.14528 0.14164 0.137822 0.133911 0.129988 0.126131 0.122418 0.11892 0.115703 0.112828 0.110347 0.108307 0.106743 0.105685 0.105151 0.105151 0.105685 0.106743 0.108307 0.110347 0.112828 0.115703 0.11892 0.122418 0.126131 0.129988 0.133911 0.137822 0.14164 0.14528 0.14866 0.151699 0.154315 0.156433 0.157981 0.158891 0.159102 0.158561 0.157222 0.155048 0.152009 0.148088 0.143275 0.137571 0.130988 0.123546 0.115276 0.10622 0.0964266 0.0859543 0.0748695 0.0632456 0.0511624 0.0387051 0.0259632 0.0130298 0 
0 0.0125727 0.025058 0.0373695 0.0494231 0.0611373 0.0724348 0.0832431 0.0934953 0.103131 0.112097 0.120347 0.127844 0.134559 0.140472 0.145572 0.149856 0.153333 0.156016 0.157932 0.159111 0.159595 0.159429 0.158668 0.15737 0.1556 0.153424 0.150913 0.148139 0.145177 0.142098 0.138977 0.135883 0.132883 0.130041 0.127416 0.125061 0.123024 0.121345 0.120056 0.119182 0.118741 0.118741 0.119182 0.120056 0.121345 0.123024 0.125061 0.127416 0.130041 0.132883 0.135883 0.138977 0.142098 0.145177 0.148139 0.150913 0.153424 0.1556 0.15737 0.158668 0.159429 0.159595 0.159111 0.157932 0.156016 0.153333 0.149856 0.145572 0.140472 0.134559 0.127844 0.120347 0.112097 0.103131 0.0934953 0.0832431 0.0724348 0.0611373 0.0494231 0.0373695 0.025058 0.0125727 0 
0 0.0122031 0.0243267 0.0362925 0.0480238 0.0594466 0.0704904 0.0810891 0.0911817 0.100713 0.109634 0.117902 0.125483 0.13235 0.138483 0.143872 0.148513 0.152411 0.15558 0.158039 0.159817 0.160948 0.161474 0.16144 0.160899 0.159907 0.158522 0.156808 0.154828 0.152646 0.150329 0.147939 0.145539 0.143188 0.140944 0.138858 0.136976 0.135342 0.133991 0.132951 0.132246 0.131889 0.131889 0.132246 0.132951 0.133991 0.135342 0.136976 0.138858 0.140944 0.143188 0.145539 0.147939 0.150329 0.152646 0.154828 0.156808 0.158522 0.159907 0.160899 0.16144 0.161474 0.160948 0.159817 0.158039 0.15558 0.152411 0.148513 0.143872 0.138483 0.13235 0.125483 0.117902 0.109634 0.100713 0.0911817 0.0810891 0.0704904 0.0594466 0.0480238 0.0362925 0.0243267 0.0122031 0 
0 0.011913 0.0237537 0.0354505 0.0469336 0.0581355 0.0689919 0.0794422 0.0894307 0.0989064 0.107824 0.116146 0.123838 0.130876 0.13724 0.142921 0.147913 0.152221 0.155854 0.158829 0.161171 0.162909 0.164078 0.16472 0.16488 0.164606 0.163951 0.162969 0.161717 0.160252 0.158631 0.15691 0.155145 0.153387 0.151688 0.150093 0.148643 0.147377 0.146324 0.145512 0.144959 0.144679 0.144679 0.144959 0.145512 0.146324 0.147377 0.148643 0.150093 0.151688 0.153387 0.155145 0.15691 0.158631 0.160252 0.161717 0.162969 0.163951 0.164606 0.16488 0.16472 0.164078 0.162909 0.161171 0.158829 0.155854 0.152221 0.147913 0.142921 0.13724 0.130876 0.123838 0.116146 0.107824 0.0989064 0.0894307 0.0794422 0.0689919 0.0581355 0.0469336 0.0354505 0.0237537 0.011913 0 
0 0.0116954 0.0233247 0.0348226 0.0461251 0.0571706 0.0679001 0.0782581 0.0881932 0.0976588 0.106613 0.11502 0.122849 0.130076 0.136683 0.142659 0.148 0.152706 0.156786 0.160254 0.163129 0.165438 0.167211 0.168484 0.169295 0.169687 0.169707 0.169401 0.16882 0.168014 0.167032 0.165925 0.164742 0.163528 0.162328 0.161182 0.160127 0.159196 0.158416 0.157811 0.157398 0.157189 0.157189 0.157398 0.157811 0.158416 0.159196 0.160127 0.161182 0.162328 0.163528 0.164742 0.165925 0.167032 0.168014 0.16882 0.169401 0.169707 0.169687 0.169295 0.168484 0.167211 0.165438 0.163129 0.160254 0.156786 0.152706 0.148 0.142659 0.136683 0.130076 0.122849 0.11502 0.106613 0.0976588 0.0881932 0.0782581 0.0679001 0.0571706 0.0461251 0.0348226 0.0233247 0.0116954 0 
0 0.011544 0.0230274 0.0343904 0.0455742 0.0565223 0.0671804 0.0774976 0.0874263 0.0969234 0.10595 0.114473 0.122463 0.129897 0.136758 0.143035 0.148722 0.153819 0.158331 0.162271 0.165655 0.168505 0.170846 0.172709 0.174129 0.175141 0.175788 0.176109 0.176148 0.17595 0.175559 0.175017 0.174369 0.173654 0.172912 0.172178 0.171485 0.170862 0.170333 0.169918 0.169633 0.169488 0.169488 0.169633 0.169918 0.170333 0.170862 0.171485 0.172178 0.172912 0.173654 0.174369 0.175017 0.175559 0.17595 0.176148 0.176109 0.175788 0.175141 0.174129 0.172709 0.170846 0.168505 0.165655 0.162271 0.158331 0.153819 0.148722 0.143035 0.136758 0.129897 0.122463 0.114473 0.10595 0.0969234 0.0874263 0.0774976 0.0671804 0.0565223 0.0455742 0.0343904 0.0230274 0.011544 0 
0 0.0114533 0.0228509 0.0341376 0.0452595 0.0561644 0.0668024 0.0771261 0.0870918 0.0966592 0.105792 0.114459 0.122633 0.130292 0.137418 0.144002 0.150035 0.155516 0.16045 0.164846 0.168716 0.17208 0.174959 0.177379 0.179369 0.180963 0.182194 0.183098 0.183714 0.18408 0.184235 0.184216 0.184062 0.183808 0.183488 0.183134 0.182774 0.182434 0.182134 0.181894 0.181727 0.181641 0.181641 0.181727 0.181894 0.182134 0.182434 0.182774 0.183134 0.183488 0.183808 0.184062 0.184216 0.184235 0.18408 0.183714 0.183098 0.182194 0.180963 0.179369 0.177379 0.174959 0.17208 0.168716 0.164846 0.16045 0.155516 0.150035 0.144002 0.137418 0.130292 0.122633 0.114459 0.105792 0.0966592 0.0870918 0.0771261 0.0668024 0.0561644 0.0452595 0.0341376 0.0228509 0.0114533 0 
0 0.0114184 0.0227853 0.0340499 0.0451622 0.056074 0.066739 0.0771134 0.0871562 0.0968301 0.106101 0.114939 0.123319 0.131219 0.138623 0.145519 0.1519 0.157762 0.163109 0.167946 0.172285 0.17614 0.179531 0.182478 0.185008 0.187147 0.188926 0.190376 0.19153 0.192421 0.193083 0.19355 0.193854 0.194027 0.194098 0.194094 0.194042 0.193963 0.193876 0.193798 0.193738 0.193707 0.193707 0.193738 0.193798 0.193876 0.193963 0.194042 0.194094 0.194098 0.194027 0.193854 0.19355 0.193083 0.192421 0.19153 0.190376 0.188926 0.187147 0.185008 0.182478 0.179531 0.17614 0.172285 0.167946 0.163109 0.157762 0.1519 0.145519 0.138623 0.131219 0.123319 0.114939 0.106101 0.0968301 0.0871562 0.0771134 0.066739 0.056074 0.0451622 0.0340499 0.0227853 0.0114184 0 
0 0.011435 0.0228223 0.0341147 0.0452659 0.0562309 0.0669668 0.0774326 0.0875903 0.0974046 0.106843 0.115879 0.124486 0.132644 0.140337 0.147553 0.154283 0.160525 0.166277 0.171546 0.176338 0.180667 0.184547 0.187996 0.191037 0.193692 0.195988 0.19795 0.199609 0.200991 0.202128 0.203047 0.203778 0.204347 0.204781 0.205103 0.205337 0.2055 0.20561 0.20568 0.205721 0.20574 0.20574 0.205721 0.20568 0.20561 0.2055 0.205337 0.205103 0.204781 0.204347 0.203778 0.203047 0.202128 0.200991 0.199609 0.19795 0.195988 0.193692 0.191037 0.187996 0.184547 0.180667 0.176338 0.171546 0.166277 0.160525 0.154283 0.147553 0.140337 0.132644 0.124486 0.115879 0.106843 0.0974046 0.0875903 0.0774326 0.0669668 0.0562309 0.0452659 0.0341147 0.0228223 0.011435 0 
0 0.0114994 0.0229544 0.0343209 0.0455559 0.0566173 0.067465 0.0780606 0.0883684 0.098355 0.10799 0.117247 0.126102 0.134535 0.142529 0.150073 0.157157 0.163776 0.16993 0.175622 0.180856 0.185642 0.189993 0.193924 0.197452 0.200598 0.203382 0.205829 0.207963 0.209808 0.211389 0.212732 0.213862 0.214802 0.215575 0.216201 0.216701 0.21709 0.217383 0.217592 0.217726 0.217792 0.217792 0.217726 0.217592 0.217383 0.21709 0.216701 0.216201 0.215575 0.214802 0.213862 0.212732 0.211389 0.209808 0.207963 0.205829 0.203382 0.200598 0.197452 0.193924 0.189993 0.185642 0.180856 0.175622 0.16993 0.163776 0.157157 0.150073 0.142529 0.134535 0.126102 0.117247 0.10799 0.098355 0.0883684 0.0780606 0.067465 0.0566173 0.0455559 0.0343209 0.0229544 0.0114994 0 
0 0.0116083 0.023175 0.034659 0.0460197 0.0572178 0.0682156 0.078977 0.089468 0.0996573 0.109516 0.119018 0.128141 0.136864 0.145172 0.153053 0.160495 0.167494 0.174047 0.180155 0.185821 0.191053 0.19586 0.200254 0.20425 0.207864 0.211115 0.214022 0.216605 0.218887 0.220889 0.222631 0.224136 0.225424 0.226515 0.227426 0.228174 0.228774 0.229239 0.229578 0.2298 0.229909 0.229909 0.2298 0.229578 0.229239 0.228774 0.228174 0.227426 0.226515 0.225424 0.224136 0.222631 0.220889 0.218887 0.216605 0.214022 0.211115 0.207864 0.20425 0.200254 0.19586 0.191053 0.185821 0.180155 0.174047 0.167494 0.160495 0.153053 0.145172 0.136864 0.128141 0.119018 0.109516 0.0996573 0.089468 0.078977 0.0682156 0.0572178 0.0460197 0.034659 0.023175 0.0116083 0 
0 0.0117588 0.0234786 0.0351204 0.0466463 0.058019 0.069203 0.0801641 0.09087 0.101291 0.111399 0.121169 0.130579 0.13961 0.148245 0.156471 0.164278 0.171659 0.17861 0.185131 0.191222 0.19689 0.20214 0.206983 0.211429 0.215494 0.219191 0.222538 0.22555 0.228247 0.230647 0.232767 0.234627 0.236244 0.237634 0.238814 0.239796 0.240595 0.24122 0.241681 0.241984 0.242135 0.242135 0.241984 0.241681 0.24122 0.240595 0.239796 0.238814 0.237634 0.236244 0.234627 0.232767 0.230647 0.228247 0.22555 0.222538 0.219191 0.215494 0.211429 0.206983 0.20214 0.19689 0.191222 0.185131 0.17861 0.171659 0.164278 0.156471 0.148245 0.13961 0.130579 0.121169 0.111399 0.101291 0.09087 0.0801641 0.069203 0.058019 0.0466463 0.0351204 0.0234786 0.0117588 0 
0 0.0119486 0.0238601 0.035698 0.0474261 0.0590093 0.0704137 0.0816066 0.0925575 0.103237 0.11362 0.12368 0.133397 0.142751 0.151726 0.160308 0.168487 0.176254 0.183604 0.190536 0.197048 0.203143 0.208828 0.214107 0.218992 0.223492 0.227619 0.231387 0.234811 0.237904 0.240684 0.243164 0.245362 0.24729 0.248964 0.250397 0.251602 0.252588 0.253365 0.253941 0.254322 0.254511 0.254511 0.254322 0.253941 0.253365 0.252588 0.251602 0.250397 0.248964 0.24729 0.245362 0.243164 0.240684 0.237904 0.234811 0.231387 0.227619 0.223492 0.218992 0.214107 0.208828 0.203143 0.197048 0.190536 0.183604 0.176254 0.168487 0.160308 0.151726 0.142751 0.133397 0.12368 0.11362 0.103237 0.0925575 0.0816066 0.0704137 0.0590093 0.0474261 0.035698 0.0238601 0.0119486 0 
0 0.0121753 0.0243155 0.0363855 0.0483511 0.0601788 0.071836 0.0832917 0.0945163 0.105482 0.116163 0.126536 0.136578 0.146272 0.155601 0.16455 0.173108 0.181266 0.189018 0.19636 0.20329 0.209809 0.21592 0.221628 0.226939 0.231862 0.236406 0.240582 0.244401 0.247876 0.25102 0.253845 0.256364 0.25859 0.260535 0.26221 0.263625 0.264789 0.265711 0.266396 0.26685 0.267077 0.267077 0.26685 0.266396 0.265711 0.264789 0.263625 0.26221 0.260535 0.25859 0.256364 0.253845 0.25102 0.247876 0.244401 0.240582 0.236406 0.231862 0.226939 0.221628 0.21592 0.209809 0.20329 0.19636 0.189018 0.181266 0.173108 0.16455 0.155601 0.146272 0.136578 0.126536 0.116163 0.105482 0.0945163 0.0832917 0.071836 0.0601788 0.0483511 0.0363855 0.0243155 0.0121753 0 
0 0.0124373 0.024841 0.0371776 0.0494143 0.0615188 0.0734601 0.0852081 0.0967343 0.108012 0.119015 0.129721 0.140109 0.150159 0.159855 0.169183 0.178129 0.186685 0.194842 0.202596 0.209944 0.216883 0.223416 0.229545 0.235275 0.240611 0.245561 0.250133 0.254335 0.258179 0.261674 0.264831 0.26766 0.270172 0.272376 0.274282 0.275898 0.277233 0.278293 0.279082 0.279607 0.279868 0.279868 0.279607 0.279082 0.278293 0.277233 0.275898 0.274282 0.272376 0.270172 0.26766 0.264831 0.261674 0.258179 0.254335 0.250133 0.245561 0.240611 0.235275 0.229545 0.223416 0.216883 0.209944 0.202596 0.194842 0.186685 0.178129 0.169183 0.159855 0.150159 0.140109 0.129721 0.119015 0.108012 0.0967343 0.0852081 0.0734601 0.0615188 0.0494143 0.0371776 0.024841 0.0124373 0 
0 0.012733 0.0254337 0.0380698 0.0506097 0.0630224 0.0752777 0.0873466 0.0992014 0.110816 0.122165 0.133226 0.143978 0.154401 0.164479 0.174197 0.183542 0.192502 0.201071 0.20924 0.217005 0.224364 0.231317 0.237863 0.244005 0.249747 0.255094 0.260053 0.264629 0.268831 0.272667 0.276145 0.279273 0.28206 0.284514 0.286643 0.288454 0.289952 0.291144 0.292034 0.292625 0.29292 0.29292 0.292625 0.292034 0.291144 0.289952 0.288454 0.286643 0.284514 0.28206 0.279273 0.276145 0.272667 0.268831 0.264629 0.260053 0.255094 0.249747 0.244005 0.237863 0.231317 0.224364 0.217005 0.20924 0.201071 0.192502 0.183542 0.174197 0.164479 0.154401 0.143978 0.133226 0.122165 0.110816 0.0992014 0.0873466 0.0752777 0.0630224 0.0506097 0.0380698 0.0254337 0.012733 0 
0 0.0130611 0.0260909 0.0390583 0.0519325 0.0646834 0.0772819 0.0896995 0.101909 0.113885 0.125603 0.13704 0.148175 0.158989 0.169464 0.179585 0.189338 0.198713 0.207698 0.216287 0.224473 0.232253 0.239623 0.246584 0.253135 0.259278 0.265017 0.270355 0.275297 0.279849 0.284017 0.287808 0.291227 0.294282 0.296978 0.299323 0.301321 0.302978 0.304297 0.305284 0.30594 0.306268 0.306268 0.30594 0.305284 0.304297 0.302978 0.301321 0.299323 0.296978 0.294282 0.291227 0.287808 0.284017 0.279849 0.275297 0.270355 0.265017 0.259278 0.253135 0.246584 0.239623 0.232253 0.224473 0.216287 0.207698 0.198713 0.189338 0.179585 0.169464 0.158989 0.148175 0.13704 0.125603 0.113885 0.101909 0.0896995 0.0772819 0.0646834 0.0519325 0.0390583 0.0260909 0.0130611 0 
0 0.0134206 0.0268107 0.04014 0.0533786 0.0664972 0.0794671 0.0922606 0.104851 0.117213 0.129322 0.141156 0.152693 0.163915 0.174803 0.185341 0.195515 0.205312 0.214723 0.223737 0.232348 0.240551 0.24834 0.255715 0.262672 0.269214 0.27534 0.281053 0.286355 0.291252 0.295746 0.299842 0.303546 0.306862 0.309794 0.312349 0.314529 0.31634 0.317784 0.318864 0.319583 0.319942 0.319942 0.319583 0.318864 0.317784 0.31634 0.314529 0.312349 0.309794 0.306862 0.303546 0.299842 0.295746 0.291252 0.286355 0.281053 0.27534 0.269214 0.262672 0.255715 0.24834 0.240551 0.232348 0.223737 0.214723 0.205312 0.195515 0.185341 0.174803 0.163915 0.152693 0.141156 0.129322 0.117213 0.104851 0.0922606 0.0794671 0.0664972 0.0533786 0.04014 0.0268107 0.0134206 0 
0 0.0138106 0.0275913 0.0413125 0.054945 0.0684598 0.0818289 0.095025 0.108022 0.120794 0.133317 0.145569 0.157528 0.169175 0.180491 0.191461 0.202068 0.212299 0.222144 0.231591 0.240633 0.249262 0.257473 0.265262 0.272627 0.279565 0.286076 0.292161 0.29782 0.303056 0.307872 0.312269 0.316252 0.319824 0.322989 0.325749 0.328108 0.330068 0.331634 0.332806 0.333586 0.333976 0.333976 0.333586 0.332806 0.331634 0.330068 0.328108 0.325749 0.322989 0.319824 0.316252 0.312269 0.307872 0.303056 0.29782 0.292161 0.286076 0.279565 0.272627 0.265262 0.257473 0.249262 0.240633 0.231591 0.222144 0.212299 0.202068 0.191461 0.180491 0.169175 0.157528 0.145569 0.133317 0.120794 0.108022 0.095025 0.0818289 0.0684598 0.054945 0.0413125 0.0275913 0.0138106 0 
0 0.0142304 0.0284314 0.042574 0.0566291 0.0705683 0.084364 0.0979889 0.111417 0.124623 0.137583 0.150275 0.162676 0.174766 0.186528 0.197943 0.208996 0.219673 0.229962 0.23985 0.24933 0.258391 0.267028 0.275235 0.283008 0.290343 0.297239 0.303694 0.309708 0.315282 0.320416 0.325111 0.32937 0.333195 0.336587 0.339549 0.342084 0.344192 0.345877 0.347139 0.347979 0.348399 0.348399 0.347979 0.347139 0.345877 0.344192 0.342084 0.339549 0.336587 0.333195 0.32937 0.325111 0.320416 0.315282 0.309708 0.303694 0.297239 0.290343 0.283008 0.275235 0.267028 0.258391 0.24933 0.23985 0.229962 0.219673 0.208996 0.197943 0.186528 0.174766 0.162676 0.150275 0.137583 0.124623 0.111417 0.0979889 0.084364 0.0705683 0.0566291 0.042574 0.0284314 0.0142304 0 
0 0.0146796 0.0293302 0.0439229 0.058429 0.0728206 0.0870698 0.10115 0.115035 0.128699 0.142119 0.155271 0.168134 0.180687 0.192911 0.204788 0.216301 0.227437 0.23818 0.24852 0.258444 0.267945 0.277013 0.285642 0.293826 0.301561 0.308843 0.315669 0.322037 0.327947 0.333398 0.338389 0.342922 0.346998 0.350616 0.353778 0.356486 0.35874 0.360542 0.361893 0.362793 0.363243 0.363243 0.362793 0.361893 0.360542 0.35874 0.356486 0.353778 0.350616 0.346998 0.342922 0.338389 0.333398 0.327947 0.322037 0.315669 0.308843 0.301561 0.293826 0.285642 0.277013 0.267945 0.258444 0.24852 0.23818 0.227437 0.216301 0.204788 0.192911 0.180687 0.168134 0.155271 0.142119 0.128699 0.115035 0.10115 0.0870698 0.0728206 0.058429 0.0439229 0.0293302 0.0146796 0 
0 0.0151579 0.0302869 0.0453583 0.0603438 0.0752152 0.089945 0.104506 0.118873 0.13302 0.146922 0.160557 0.173902 0.186937 0.199641 0.211996 0.223985 0.235592 0.246803 0.257604 0.267984 0.277931 0.287437 0.296494 0.305094 0.313232 0.320902 0.328101 0.334825 0.341072 0.346839 0.352127 0.356933 0.361257 0.3651 0.368461 0.371341 0.373741 0.375659 0.377098 0.378057 0.378536 0.378536 0.378057 0.377098 0.375659 0.373741 0.371341 0.368461 0.3651 0.361257 0.356933 0.352127 0.346839 0.341072 0.334825 0.328101 0.320902 0.313232 0.305094 0.296494 0.287437 0.277931 0.267984 0.257604 0.246803 0.235592 0.223985 0.211996 0.199641 0.186937 0.173902 0.160557 0.146922 0.13302 0.118873 0.104506 0.089945 0.0752152 0.0603438 0.0453583 0.0302869 0.0151579 0 
0 0.015665 0.0313012 0.0468799 0.0623727 0.0777515 0.0929888 0.108057 0.122931 0.137585 0.151993 0.166133 0.179981 0.193517 0.20672 0.21957 0.232051 0.244144 0.255835 0.26711 0.277955 0.288359 0.298312 0.307803 0.316825 0.325371 0.333434 0.341008 0.34809 0.354675 0.360761 0.366345 0.371424 0.375998 0.380066 0.383626 0.386678 0.389221 0.391256 0.392783 0.3938 0.394309 0.394309 0.3938 0.392783 0.391256 0.389221 0.386678 0.383626 0.380066 0.375998 0.371424 0.366345 0.360761 0.354675 0.34809 0.341008 0.333434 0.325371 0.316825 0.307803 0.298312 0.288359 0.277955 0.26711 0.255835 0.244144 0.232051 0.21957 0.20672 0.193517 0.179981 0.166133 0.151993 0.137585 0.122931 0.108057 0.0929888 0.0777515 0.0623727 0.0468799 0.0313012 0.015665 0 
0 0.0162009 0.032373 0.0484874 0.0645157 0.0804295 0.0962012 0.111804 0.12721 0.142395 0.157333 0.172 0.186374 0.200431 0.214152 0.227515 0.240503 0.253098 0.265284 0.277045 0.288368 0.299239 0.309647 0.319581 0.329033 0.337993 0.346453 0.354408 0.361852 0.368779 0.375185 0.381067 0.386422 0.391246 0.395539 0.399298 0.402523 0.405211 0.407362 0.408976 0.410052 0.410591 0.410591 0.410052 0.408976 0.407362 0.405211 0.402523 0.399298 0.395539 0.391246 0.386422 0.381067 0.375185 0.368779 0.361852 0.354408 0.346453 0.337993 0.329033 0.319581 0.309647 0.299239 0.288368 0.277045 0.265284 0.253098 0.240503 0.227515 0.214152 0.200431 0.186374 0.172 0.157333 0.142395 0.12721 0.111804 0.0962012 0.0804295 0.0645157 0.0484874 0.032373 0.0162009 0 
0 0.0167658 0.0335025 0.0501812 0.0667731 0.0832497 0.0995831 0.115746 0.131711 0.147452 0.162944 0.178162 0.193082 0.207682 0.22194 0.235836 0.24935 0.262463 0.275158 0.287419 0.299232 0.310582 0.321456 0.331843 0.341732 0.351113 0.359979 0.36832 0.37613 0.383403 0.390134 0.396317 0.401949 0.407026 0.411546 0.415506 0.418903 0.421737 0.424005 0.425707 0.426843 0.42741 0.42741 0.426843 0.425707 0.424005 0.421737 0.418903 0.415506 0.411546 0.407026 0.401949 0.396317 0.390134 0.383403 0.37613 0.36832 0.359979 0.351113 0.341732 0.331843 0.321456 0.310582 0.299232 0.287419 0.275158 0.262463 0.24935 0.235836 0.22194 0.207682 0.193082 0.178162 0.162944 0.147452 0.131711 0.115746 0.0995831 0.0832497 0.0667731 0.0501812 0.0335025 0.0167658 0 
0 0.0173597 0.0346901 0.0519618 0.0691458 0.0862133 0.103136 0.119886 0.136435 0.152758 0.168828 0.184621 0.200111 0.215275 0.230092 0.244539 0.258596 0.272245 0.285466 0.298243 0.310559 0.3224 0.333753 0.344603 0.354939 0.364751 0.374028 0.382763 0.390945 0.39857 0.405629 0.412118 0.418031 0.423364 0.428114 0.432276 0.435848 0.438828 0.441215 0.443006 0.4442 0.444798 0.444798 0.4442 0.443006 0.441215 0.438828 0.435848 0.432276 0.428114 0.423364 0.418031 0.412118 0.405629 0.39857 0.390945 0.382763 0.374028 0.364751 0.354939 0.344603 0.333753 0.3224 0.310559 0.298243 0.285466 0.272245 0.258596 0.244539 0.230092 0.215275 0.200111 0.184621 0.168828 0.152758 0.136435 0.119886 0.103136 0.0862133 0.0691458 0.0519618 0.0346901 0.0173597 0 
0 0.0179831 0.0359364 0.0538302 0.0716351 0.0893218 0.106862 0.124226 0.141387 0.158318 0.174991 0.191382 0.207465 0.223216 0.238613 0.253632 0.268252 0.282454 0.296218 0.309527 0.322362 0.334708 0.346551 0.357876 0.368671 0.378923 0.388621 0.397757 0.40632 0.414302 0.421696 0.428495 0.434693 0.440286 0.445268 0.449635 0.453385 0.456514 0.45902 0.460901 0.462155 0.462783 0.462783 0.462155 0.460901 0.45902 0.456514 0.453385 0.449635 0.445268 0.440286 0.434693 0.428495 0.421696 0.414302 0.40632 0.397757 0.388621 0.378923 0.368671 0.357876 0.346551 0.334708 0.322362 0.309527 0.296218 0.282454 0.268252 0.253632 0.238613 0.223216 0.207465 0.191382 0.174991 0.158318 0.141387 0.124226 0.106862 0.0893218 0.0716351 0.0538302 0.0359364 0.0179831 0 
0 0.0186362 0.0372421 0.0557876 0.0742426 0.0925774 0.110763 0.128769 0.146569 0.164134 0.181437 0.198451 0.215152 0.231513 0.247511 0.263123 0.278327 0.293101 0.307427 0.321283 0.334654 0.34752 0.359868 0.371681 0.382945 0.393648 0.403778 0.413324 0.422275 0.430622 0.438357 0.445473 0.451962 0.457818 0.463037 0.467613 0.471543 0.474822 0.477449 0.479422 0.480737 0.481395 0.481395 0.480737 0.479422 0.477449 0.474822 0.471543 0.467613 0.463037 0.457818 0.451962 0.445473 0.438357 0.430622 0.422275 0.413324 0.403778 0.393648 0.382945 0.371681 0.359868 0.34752 0.334654 0.321283 0.307427 0.293101 0.278327 0.263123 0.247511 0.231513 0.215152 0.198451 0.181437 0.164134 0.146569 0.128769 0.110763 0.0925774 0.0742426 0.0557876 0.0372421 0.0186362 0 
0 0.0193196 0.0386083 0.0578355 0.0769704 0.0959827 0.114842 0.13352 0.151986 0.170213 0.188171 0.205835 0.223177 0.240172 0.256796 0.273023 0.288831 0.304198 0.319104 0.333527 0.347449 0.360852 0.373719 0.386033 0.397781 0.408947 0.419519 0.429485 0.438833 0.447554 0.455638 0.463077 0.469863 0.475989 0.481449 0.486237 0.49035 0.493784 0.496534 0.498599 0.499977 0.500666 0.500666 0.499977 0.498599 0.496534 0.493784 0.49035 0.486237 0.481449 0.475989 0.469863 0.463077 0.455638 0.447554 0.438833 0.429485 0.419519 0.408947 0.397781 0.386033 0.373719 0.360852 0.347449 0.333527 0.319104 0.304198 0.288831 0.273023 0.256796 0.240172 0.223177 0.205835 0.188171 0.170213 0.151986 0.13352 0.114842 0.0959827 0.0769704 0.0578355 0.0386083 0.0193196 0 
0 0.0200339 0.0400362 0.0599756 0.0798207 0.0995406 0.119104 0.138482 0.157643 0.176559 0.195201 0.21354 0.23155 0.249204 0.266476 0.283342 0.299776 0.315758 0.331263 0.346272 0.360764 0.37472 0.388122 0.400954 0.413198 0.42484 0.435867 0.446264 0.45602 0.465124 0.473565 0.481335 0.488424 0.494825 0.500532 0.505538 0.509838 0.513428 0.516305 0.518464 0.519905 0.520626 0.520626 0.519905 0.518464 0.516305 0.513428 0.509838 0.505538 0.500532 0.494825 0.488424 0.481335 0.473565 0.465124 0.45602 0.446264 0.435867 0.42484 0.413198 0.400954 0.388122 0.37472 0.360764 0.346272 0.331263 0.315758 0.299776 0.283342 0.266476 0.249204 0.23155 0.21354 0.195201 0.176559 0.157643 0.138482 0.119104 0.0995406 0.0798207 0.0599756 0.0400362 0.0200339 0 
0 0.0207797 0.0415271 0.06221 0.0827965 0.103255 0.123553 0.14366 0.163546 0.18318 0.202533 0.221575 0.24028 0.258618 0.276564 0.294091 0.311175 0.327793 0.343919 0.359534 0.374615 0.389142 0.403097 0.416461 0.429217 0.44135 0.452843 0.463684 0.473859 0.483356 0.492164 0.500272 0.507673 0.514356 0.520315 0.525544 0.530036 0.533786 0.536792 0.539048 0.540554 0.541308 0.541308 0.540554 0.539048 0.536792 0.533786 0.530036 0.525544 0.520315 0.514356 0.507673 0.500272 0.492164 0.483356 0.473859 0.463684 0.452843 0.44135 0.429217 0.416461 0.403097 0.389142 0.374615 0.359534 0.343919 0.327793 0.311175 0.294091 0.276564 0.258618 0.24028 0.221575 0.202533 0.18318 0.163546 0.14366 0.123553 0.103255 0.0827965 0.06221 0.0415271 0.0207797 0 
0 0.0215578 0.0430825 0.064541 0.0859005 0.107128 0.128192 0.14906 0.1697 0.190082 0.210175 0.229949 0.249375 0.268424 0.28707 0.305284 0.323042 0.340318 0.357088 0.373329 0.389019 0.404137 0.418662 0.432576 0.44586 0.458498 0.470473 0.48177 0.492376 0.502277 0.511462 0.519919 0.527638 0.534611 0.54083 0.546286 0.550975 0.55489 0.558027 0.560383 0.561956 0.562742 0.562742 0.561956 0.560383 0.558027 0.55489 0.550975 0.546286 0.54083 0.534611 0.527638 0.519919 0.511462 0.502277 0.492376 0.48177 0.470473 0.458498 0.44586 0.432576 0.418662 0.404137 0.389019 0.373329 0.357088 0.340318 0.323042 0.305284 0.28707 0.268424 0.249375 0.229949 0.210175 0.190082 0.1697 0.14906 0.128192 0.107128 0.0859005 0.064541 0.0430825 0.0215578 0 
0 0.022369 0.044704 0.066971 0.0891363 0.111166 0.133028 0.154688 0.176114 0.197274 0.218136 0.238671 0.258846 0.278635 0.298006 0.316934 0.33539 0.353349 0.370786 0.387676 0.403996 0.419724 0.434839 0.449321 0.46315 0.476309 0.488781 0.500548 0.511598 0.521915 0.531488 0.540303 0.548351 0.555622 0.562106 0.567797 0.572687 0.576771 0.580044 0.582502 0.584143 0.584963 0.584963 0.584143 0.582502 0.580044 0.576771 0.572687 0.567797 0.562106 0.555622 0.548351 0.540303 0.531488 0.521915 0.511598 0.500548 0.488781 0.476309 0.46315 0.449321 0.434839 0.419724 0.403996 0.387676 0.370786 0.353349 0.33539 0.316934 0.298006 0.278635 0.258846 0.238671 0.218136 0.197274 0.176114 0.154688 0.133028 0.111166 0.0891363 0.066971 0.044704 0.022369 0 
0 0.0232142 0.0463935 0.0695028 0.0925075 0.115373 0.138065 0.160549 0.182793 0.204762 0.226426 0.247751 0.268706 0.289262 0.309388 0.329055 0.348236 0.366903 0.385031 0.402593 0.419565 0.435925 0.45165 0.466719 0.481111 0.494808 0.507792 0.520045 0.531552 0.542299 0.55227 0.561455 0.569841 0.577418 0.584177 0.590109 0.595207 0.599464 0.602877 0.60544 0.60715 0.608005 0.608005 0.60715 0.60544 0.602877 0.599464 0.595207 0.590109 0.584177 0.577418 0.569841 0.561455 0.55227 0.542299 0.531552 0.520045 0.507792 0.494808 0.481111 0.466719 0.45165 0.435925 0.419565 0.402593 0.385031 0.366903 0.348236 0.329055 0.309388 0.289262 0.268706 0.247751 0.226426 0.204762 0.182793 0.160549 0.138065 0.115373 0.0925075 0.0695028 0.0463935 0.0232142 0 
0 0.0240945 0.0481529 0.0721393 0.0960179 0.119753 0.143309 0.166652 0.189746 0.212558 0.235054 0.2572 0.278966 0.300319 0.321228 0.341663 0.361596 0.380997 0.399841 0.418099 0.435747 0.452761 0.469117 0.484793 0.499767 0.51402 0.527533 0.540288 0.552267 0.563456 0.57384 0.583406 0.59214 0.600033 0.607074 0.613254 0.618566 0.623003 0.626559 0.629229 0.631012 0.631903 0.631903 0.631012 0.629229 0.626559 0.623003 0.618566 0.613254 0.607074 0.600033 0.59214 0.583406 0.57384 0.563456 0.552267 0.540288 0.527533 0.51402 0.499767 0.484793 0.469117 0.452761 0.435747 0.418099 0.399841 0.380997 0.361596 0.341663 0.321228 0.300319 0.278966 0.2572 0.235054 0.212558 0.189746 0.166652 0.143309 0.119753 0.0960179 0.0721393 0.0481529 0.0240945 0 
0 0.0250108 0.0499844 0.0748837 0.0996719 0.124312 0.148768 0.173003 0.196982 0.220669 0.24403 0.267031 0.289638 0.311819 0.333541 0.354774 0.375487 0.39565 0.415236 0.434216 0.452564 0.470255 0.487264 0.503568 0.519145 0.533973 0.548033 0.561306 0.573774 0.58542 0.596229 0.606187 0.615282 0.6235 0.630833 0.637269 0.642801 0.647422 0.651126 0.653908 0.655764 0.656693 0.656693 0.655764 0.653908 0.651126 0.647422 0.642801 0.637269 0.630833 0.6235 0.615282 0.606187 0.596229 0.58542 0.573774 0.561306 0.548033 0.533973 0.519145 0.503568 0.487264 0.470255 0.452564 0.434216 0.415236 0.39565 0.375487 0.354774 0.333541 0.311819 0.289638 0.267031 0.24403 0.220669 0.196982 0.173003 0.148768 0.124312 0.0996719 0.0748837 0.0499844 0.0250108 0 
0 0.0259643 0.0518901 0.0777394 0.103474 0.129055 0.154447 0.17961 0.204509 0.229107 0.253368 0.277256 0.300738 0.323778 0.346345 0.368405 0.389927 0.410881 0.431236 0.450964 0.470038 0.488431 0.506117 0.523071 0.539272 0.554695 0.569321 0.583129 0.596101 0.60822 0.619469 0.629833 0.639299 0.647854 0.655487 0.662187 0.667947 0.672758 0.676615 0.679512 0.681445 0.682412 0.682412 0.681445 0.679512 0.676615 0.672758 0.667947 0.662187 0.655487 0.647854 0.639299 0.629833 0.619469 0.60822 0.596101 0.583129 0.569321 0.554695 0.539272 0.523071 0.506117 0.488431 0.470038 0.450964 0.431236 0.410881 0.389927 0.368405 0.346345 0.323778 0.300738 0.277256 0.253368 0.229107 0.204509 0.17961 0.154447 0.129055 0.103474 0.0777394 0.0518901 0.0259643 0 
0 0.0269561 0.0538726 0.0807099 0.107429 0.133989 0.160354 0.186482 0.212338 0.237882 0.263077 0.287888 0.312278 0.336212 0.359655 0.382574 0.404936 0.42671 0.447864 0.468368 0.488194 0.507314 0.525701 0.543329 0.560175 0.576214 0.591426 0.605789 0.619283 0.63189 0.643594 0.654378 0.664228 0.67313 0.681074 0.688047 0.694042 0.69905 0.703064 0.706079 0.708092 0.709098 0.709098 0.708092 0.706079 0.703064 0.69905 0.694042 0.688047 0.681074 0.67313 0.664228 0.654378 0.643594 0.63189 0.619283 0.605789 0.591426 0.576214 0.560175 0.543329 0.525701 0.507314 0.488194 0.468368 0.447864 0.42671 0.404936 0.382574 0.359655 0.336212 0.312278 0.287888 0.263077 0.237882 0.212338 0.186482 0.160354 0.133989 0.107429 0.0807099 0.0538726 0.0269561 0 
0 0.0279876 0.0559342 0.083799 0.111541 0.13912 0.166496 0.193628 0.220478 0.247005 0.273172 0.298941 0.324274 0.349136 0.373489 0.3973 0.420534 0.443159 0.465141 0.48645 0.507056 0.52693 0.546043 0.56437 0.581884 0.598562 0.61438 0.629317 0.643351 0.656464 0.668638 0.679857 0.690104 0.699366 0.70763 0.714886 0.721124 0.726335 0.730512 0.73365 0.735744 0.736792 0.736792 0.735744 0.73365 0.730512 0.726335 0.721124 0.714886 0.70763 0.699366 0.690104 0.679857 0.668638 0.656464 0.643351 0.629317 0.61438 0.598562 0.581884 0.56437 0.546043 0.52693 0.507056 0.48645 0.465141 0.443159 0.420534 0.3973 0.373489 0.349136 0.324274 0.298941 0.273172 0.247005 0.220478 0.193628 0.166496 0.13912 0.111541 0.083799 0.0559342 0.0279876 0 
0 0.0290601 0.0580778 0.0870108 0.115817 0.144454 0.172881 0.201057 0.228939 0.256489 0.283665 0.31043 0.336743 0.362568 0.387867 0.412603 0.436742 0.46025 0.483091 0.505236 0.52665 0.547306 0.567173 0.586223 0.604431 0.62177 0.638216 0.653747 0.668341 0.681978 0.694639 0.706307 0.716965 0.726599 0.735196 0.742744 0.749233 0.754654 0.759 0.762264 0.764443 0.765533 0.765533 0.764443 0.762264 0.759 0.754654 0.749233 0.742744 0.735196 0.726599 0.716965 0.706307 0.694639 0.681978 0.668341 0.653747 0.638216 0.62177 0.604431 0.586223 0.567173 0.547306 0.52665 0.505236 0.483091 0.46025 0.436742 0.412603 0.387867 0.362568 0.336743 0.31043 0.283665 0.256489 0.228939 0.201057 0.172881 0.144454 0.115817 0.0870108 0.0580778 0.0290601 0 
0 0.0301749 0.060306 0.0903494 0.120262 0.149999 0.179519 0.208778 0.237734 0.266346 0.294571 0.322369 0.349701 0.376526 0.402806 0.428504 0.453583 0.478006 0.50174 0.52475 0.547004 0.568471 0.589119 0.60892 0.627846 0.64587 0.662968 0.679115 0.694289 0.708468 0.721633 0.733766 0.74485 0.754869 0.763811 0.771661 0.778411 0.784049 0.788569 0.791965 0.794231 0.795365 0.795365 0.794231 0.791965 0.788569 0.784049 0.778411 0.771661 0.763811 0.754869 0.74485 0.733766 0.721633 0.708468 0.694289 0.679115 0.662968 0.64587 0.627846 0.60892 0.589119 0.568471 0.547004 0.52475 0.50174 0.478006 0.453583 0.428504 0.402806 0.376526 0.349701 0.322369 0.294571 0.266346 0.237734 0.208778 0.179519 0.149999 0.120262 0.0903494 0.060306 0.0301749 0 
0 0.0313336 0.0626218 0.0938193 0.124881 0.155762 0.186417 0.216803 0.246874 0.276589 0.305903 0.334776 0.363165 0.391029 0.418328 0.445024 0.471078 0.496453 0.521112 0.545022 0.568146 0.590454 0.611912 0.632492 0.652163 0.670898 0.688671 0.705456 0.721231 0.735972 0.74966 0.762275 0.7738 0.784219 0.793516 0.80168 0.808699 0.814563 0.819263 0.822795 0.825152 0.826331 0.826331 0.825152 0.822795 0.819263 0.814563 0.808699 0.80168 0.793516 0.784219 0.7738 0.762275 0.74966 0.735972 0.721231 0.705456 0.688671 0.670898 0.652163 0.632492 0.611912 0.590454 0.568146 0.545022 0.521112 0.496453 0.471078 0.445024 0.418328 0.391029 0.363165 0.334776 0.305903 0.276589 0.246874 0.216803 0.186417 0.155762 0.124881 0.0938193 0.0626218 0.0313336 0 
0 0.0325377 0.0650284 0.0974251 0.129681 0.16175 0.193585 0.225141 0.256371 0.287232 0.317678 0.347666 0.377153 0.406096 0.434454 0.462186 0.489253 0.515615 0.541235 0.566077 0.590106 0.613286 0.635585 0.656972 0.677416 0.696888 0.715361 0.732808 0.749206 0.76453 0.77876 0.791875 0.803857 0.814689 0.824356 0.832844 0.840142 0.846239 0.851127 0.854799 0.85725 0.858477 0.858477 0.85725 0.854799 0.851127 0.846239 0.840142 0.832844 0.824356 0.814689 0.803857 0.791875 0.77876 0.76453 0.749206 0.732808 0.715361 0.696888 0.677416 0.656972 0.635585 0.613286 0.590106 0.566077 0.541235 0.515615 0.489253 0.462186 0.434454 0.406096 0.377153 0.347666 0.317678 0.287232 0.256371 0.225141 0.193585 0.16175 0.129681 0.0974251 0.0650284 0.0325377 0 
0 0.0337888 0.0675289 0.101172 0.134669 0.167972 0.201033 0.233804 0.266239 0.29829 0.329912 0.361058 0.391686 0.421749 0.451206 0.480014 0.508132 0.535519 0.562137 0.587947 0.612913 0.636999 0.660171 0.682395 0.703641 0.723878 0.743077 0.761211 0.778254 0.794183 0.808974 0.822608 0.835063 0.846324 0.856374 0.865199 0.872786 0.879126 0.884208 0.888026 0.890574 0.891849 0.891849 0.890574 0.888026 0.884208 0.879126 0.872786 0.865199 0.856374 0.846324 0.835063 0.822608 0.808974 0.794183 0.778254 0.761211 0.743077 0.723878 0.703641 0.682395 0.660171 0.636999 0.612913 0.587947 0.562137 0.535519 0.508132 0.480014 0.451206 0.421749 0.391686 0.361058 0.329912 0.29829 0.266239 0.233804 0.201033 0.167972 0.134669 0.101172 0.0675289 0.0337888 0 
0 0.0350886 0.0701268 0.105064 0.13985 0.174435 0.20877 0.242804 0.276489 0.309777 0.34262 0.37497 0.406782 0.438009 0.468607 0.498532 0.527741 0.556193 0.583846 0.610662 0.636601 0.661627 0.685704 0.708798 0.730876 0.751906 0.771858 0.790704 0.808418 0.824973 0.840348 0.854518 0.867466 0.879171 0.889618 0.898792 0.906679 0.913269 0.918553 0.922522 0.925171 0.926496 0.926496 0.925171 0.922522 0.918553 0.913269 0.906679 0.898792 0.889618 0.879171 0.867466 0.854518 0.840348 0.824973 0.808418 0.790704 0.771858 0.751906 0.730876 0.708798 0.685704 0.661627 0.636601 0.610662 0.583846 0.556193 0.527741 0.498532 0.468607 0.438009 0.406782 0.37497 0.34262 0.309777 0.276489 0.242804 0.20877 0.174435 0.13985 0.105064 0.0701268 0.0350886 0 
0 0.0364389 0.0728255 0.109108 0.145233 0.18115 0.216807 0.252153 0.287138 0.32171 0.355821 0.389421 0.422462 0.454898 0.486681 0.517766 0.548109 0.577665 0.606394 0.634252 0.661202 0.687204 0.712221 0.736217 0.759158 0.781011 0.801745 0.821331 0.83974 0.856946 0.872924 0.887653 0.90111 0.913276 0.924135 0.933671 0.94187 0.94872 0.954212 0.958338 0.961092 0.962469 0.962469 0.961092 0.958338 0.954212 0.94872 0.94187 0.933671 0.924135 0.913276 0.90111 0.887653 0.872924 0.856946 0.83974 0.821331 0.801745 0.781011 0.759158 0.736217 0.712221 0.687204 0.661202 0.634252 0.606394 0.577665 0.548109 0.517766 0.486681 0.454898 0.422462 0.389421 0.355821 0.32171 0.287138 0.252153 0.216807 0.18115 0.145233 0.109108 0.0728255 0.0364389 0 
0 0.0378415 0.0756287 0.113308 0.150824 0.188125 0.225156 0.261864 0.298198 0.334104 0.369532 0.40443 0.438749 0.47244 0.505453 0.537743 0.569262 0.599966 0.629811 0.658753 0.686751 0.713766 0.739758 0.764691 0.788528 0.811236 0.832782 0.853134 0.872265 0.890146 0.906752 0.922059 0.936045 0.94869 0.959976 0.969887 0.978409 0.985529 0.991238 0.995526 0.998389 0.999821 0.999821 0.998389 0.995526 0.991238 0.985529 0.978409 0.969887 0.959976 0.94869 0.936045 0.922059 0.906752 0.890146 0.872265 0.853134 0.832782 0.811236 0.788528 0.764691 0.739758 0.713766 0.686751 0.658753 0.629811 0.599966 0.569262 0.537743 0.505453 0.47244 0.438749 0.40443 0.369532 0.334104 0.298198 0.261864 0.225156 0.188125 0.150824 0.113308 0.0756287 0.0378415 0 
