C h:0.0169492
C GRID SIZE:60
C N:58
0 0.636254 1.25631 1.84437 2.38547 2.86583 3.27321 3.59725 3.82969 3.96461 3.99858 3.93074 3.7628 3.49905 3.14621 2.71325 2.2112 1.65285 1.05241 0.425174 -0.212889 -0.84553 -1.45664 -2.03066 -2.55298 -3.01028 -3.39094 -3.68525 -3.88572 -3.98725 -3.98725 -3.88572 -3.68525 -3.39094 -3.01028 -2.55298 -2.03066 -1.45664 -0.84553 -0.212889 0.425174 1.05241 1.65285 2.2112 2.71325 3.14621 3.49905 3.7628 3.93074 3.99858 3.96461 3.82969 3.59725 3.27321 2.86583 2.38547 1.84437 1.25631 0.636254 -1.46935e-18 
0 0.542565 1.07132 1.57281 2.03426 2.44394 2.79142 3.06784 3.26619 3.38142 3.41059 3.35297 3.21003 2.98541 2.68484 2.31598 1.88822 1.41246 0.900811 0.366313 -0.177423 -0.716551 -1.23734 -1.72652 -2.17165 -2.56137 -2.88578 -3.1366 -3.30745 -3.39397 -3.39397 -3.30745 -3.1366 -2.88578 -2.56137 -2.17165 -1.72652 -1.23734 -0.716551 -0.177423 0.366313 0.900811 1.41246 1.88822 2.31598 2.68484 2.98541 3.21003 3.35297 3.41059 3.38142 3.26619 3.06784 2.79142 2.44394 2.03426 1.57281 1.07132 0.542565 0 
0 0.462745 0.913719 1.34145 1.73505 2.08452 2.38097 2.61685 2.78618 2.88464 2.90976 2.86088 2.73927 2.54804 2.29206 1.97786 1.61344 1.2081 0.772161 0.316731 -0.146587 -0.60599 -1.04977 -1.46663 -1.84595 -2.17807 -2.45452 -2.66826 -2.81386 -2.8876 -2.8876 -2.81386 -2.66826 -2.45452 -2.17807 -1.84595 -1.46663 -1.04977 -0.60599 -0.146587 0.316731 0.772161 1.2081 1.61344 1.97786 2.29206 2.54804 2.73927 2.86088 2.90976 2.88464 2.78618 2.61685 2.38097 2.08452 1.73505 1.34145 0.913719 0.462745 0 
0 0.394748 0.77946 1.14436 1.48017 1.77835 2.03134 2.2327 2.37732 2.46154 2.48322 2.44184 2.33845 2.1757 1.95775 1.69016 1.37977 1.03447 0.663085 0.27507 -0.119683 -0.511113 -0.889246 -1.24445 -1.56766 -1.85066 -2.08623 -2.26837 -2.39243 -2.45527 -2.45527 -2.39243 -2.26837 -2.08623 -1.85066 -1.56766 -1.24445 -0.889246 -0.511113 -0.119683 0.27507 0.663085 1.03447 1.37977 1.69016 1.95775 2.1757 2.33845 2.44184 2.48322 2.46154 2.37732 2.2327 2.03134 1.77835 1.48017 1.14436 0.77946 0.394748 0 
0 0.336827 0.6651 0.976482 1.26307 1.51758 1.73356 1.90553 2.02913 2.10124 2.12003 2.08506 1.99723 1.85879 1.67329 1.44547 1.18114 0.887051 0.570707 0.240175 -0.0961153 -0.429591 -0.751749 -1.05438 -1.32976 -1.57089 -1.7716 -1.92679 -2.0325 -2.08604 -2.08604 -2.0325 -1.92679 -1.7716 -1.57089 -1.32976 -1.05438 -0.751749 -0.429591 -0.0961153 0.240175 0.570707 0.887051 1.18114 1.44547 1.67329 1.85879 1.99723 2.08506 2.12003 2.10124 2.02913 1.90553 1.73356 1.51758 1.26307 0.976482 0.6651 0.336827 0 
0 0.287498 0.567703 0.833509 1.07817 1.2955 1.47997 1.62693 1.73265 1.79447 1.81084 1.78137 1.70683 1.58914 1.43133 1.23743 1.01239 0.761979 0.492577 0.211064 -0.0753753 -0.359434 -0.633865 -0.89167 -1.12627 -1.33169 -1.50269 -1.63491 -1.72497 -1.77058 -1.77058 -1.72497 -1.63491 -1.50269 -1.33169 -1.12627 -0.89167 -0.633865 -0.359434 -0.0753753 0.211064 0.492577 0.761979 1.01239 1.23743 1.43133 1.58914 1.70683 1.78137 1.81084 1.79447 1.73265 1.62693 1.47997 1.2955 1.07817 0.833509 0.567703 0.287498 0 
0 0.245492 0.484767 0.711766 0.920742 1.10641 1.26407 1.38974 1.48026 1.53335 1.54768 1.52294 1.45976 1.3598 1.22561 1.06065 0.86914 0.655976 0.426609 0.186901 -0.0570266 -0.298945 -0.532679 -0.752263 -0.952092 -1.12707 -1.27273 -1.38535 -1.46207 -1.50093 -1.50093 -1.46207 -1.38535 -1.27273 -1.12707 -0.952092 -0.752263 -0.532679 -0.298945 -0.0570266 0.186901 0.426609 0.655976 0.86914 1.06065 1.22561 1.3598 1.45976 1.52294 1.54768 1.53335 1.48026 1.38974 1.26407 1.10641 0.920742 0.711766 0.484767 0.245492 0 
0 0.20973 0.414159 0.608122 0.786719 0.945441 1.08029 1.18786 1.26546 1.31114 1.32378 1.3031 1.24964 1.16481 1.0508 0.910541 0.747629 0.566244 0.371027 0.166975 -0.0406959 -0.246676 -0.445704 -0.632693 -0.802869 -0.951886 -1.07594 -1.17186 -1.2372 -1.27029 -1.27029 -1.2372 -1.17186 -1.07594 -0.951886 -0.802869 -0.632693 -0.445704 -0.246676 -0.0406959 0.166975 0.371027 0.566244 0.747629 0.910541 1.0508 1.16481 1.24964 1.3031 1.32378 1.31114 1.26546 1.18786 1.08029 0.945441 0.786719 0.608122 0.414159 0.20973 0 
0 0.179291 0.354062 0.519909 0.672655 0.808454 0.923893 1.01608 1.0827 1.12211 1.13335 1.11616 1.07103 0.999137 0.902353 0.783176 0.644672 0.490401 0.324318 0.150682 -0.0260627 -0.201391 -0.370818 -0.53001 -0.674897 -0.801775 -0.907402 -0.989079 -1.04472 -1.0729 -1.0729 -1.04472 -0.989079 -0.907402 -0.801775 -0.674897 -0.53001 -0.370818 -0.201391 -0.0260627 0.150682 0.324318 0.490401 0.644672 0.783176 0.902353 0.999137 1.07103 1.11616 1.13335 1.12211 1.0827 1.01608 0.923893 0.808454 0.672655 0.519909 0.354062 0.179291 0 
0 0.153391 0.302927 0.444854 0.575609 0.691913 0.790855 0.869966 0.927279 0.961384 0.971459 0.957293 0.919289 0.85846 0.776393 0.675219 0.55755 0.426418 0.285196 0.137509 -0.0128519 -0.162033 -0.30621 -0.441692 -0.56501 -0.673006 -0.762919 -0.832446 -0.87981 -0.903798 -0.903798 -0.87981 -0.832446 -0.762919 -0.673006 -0.56501 -0.441692 -0.30621 -0.162033 -0.0128519 0.137509 0.285196 0.426418 0.55755 0.675219 0.776393 0.85846 0.919289 0.957293 0.971459 0.961384 0.927279 0.869966 0.790855 0.691913 0.575609 0.444854 0.302927 0.153391 0 
0 0.131361 0.259435 0.381019 0.493075 0.592807 0.677732 0.745743 0.795163 0.824787 0.833914 0.822361 0.790473 0.739109 0.669623 0.583827 0.483948 0.37257 0.252564 0.127022 -0.000827054 -0.127699 -0.250336 -0.365592 -0.470509 -0.5624 -0.638907 -0.698072 -0.738377 -0.758792 -0.758792 -0.738377 -0.698072 -0.638907 -0.5624 -0.470509 -0.365592 -0.250336 -0.127699 -0.000827054 0.127022 0.252564 0.37257 0.483948 0.583827 0.669623 0.739109 0.790473 0.822361 0.833914 0.824787 0.795163 0.745743 0.677732 0.592807 0.493075 0.381019 0.259435 0.131361 0 
0 0.112632 0.22246 0.326753 0.422918 0.508572 0.581595 0.64019 0.682927 0.708775 0.717136 0.707852 0.681216 0.637958 0.57923 0.506577 0.421895 0.327384 0.225492 0.118853 0.0102157 -0.0976189 -0.201876 -0.299873 -0.389092 -0.467241 -0.532313 -0.582637 -0.616922 -0.634287 -0.634287 -0.616922 -0.582637 -0.532313 -0.467241 -0.389092 -0.299873 -0.201876 -0.0976189 0.0102157 0.118853 0.225492 0.327384 0.421895 0.506577 0.57923 0.637958 0.681216 0.707852 0.717136 0.708775 0.682927 0.64019 0.581595 0.508572 0.422918 0.326753 0.22246 0.112632 0 
0 0.0967177 0.191044 0.280648 0.363318 0.437021 0.499947 0.550564 0.58765 0.610325 0.618076 0.610769 0.588651 0.552341 0.502822 0.441407 0.369712 0.289611 0.203188 0.112688 0.0204524 -0.0711323 -0.159702 -0.242971 -0.318794 -0.385217 -0.440531 -0.483311 -0.512458 -0.527221 -0.527221 -0.512458 -0.483311 -0.440531 -0.385217 -0.318794 -0.242971 -0.159702 -0.0711323 0.0204524 0.112688 0.203188 0.289611 0.369712 0.441407 0.502822 0.552341 0.588651 0.610769 0.618076 0.610325 0.58765 0.550564 0.499947 0.437021 0.363318 0.280648 0.191044 0.0967177 0 
0 0.0832054 0.16437 0.241505 0.312725 0.376291 0.430662 0.474527 0.506844 0.526861 0.53414 0.528562 0.510336 0.47999 0.438359 0.386561 0.325971 0.258185 0.184979 0.108264 0.0300352 -0.0476746 -0.122851 -0.193547 -0.257935 -0.31435 -0.361335 -0.397678 -0.42244 -0.434983 -0.434983 -0.42244 -0.397678 -0.361335 -0.31435 -0.257935 -0.193547 -0.122851 -0.0476746 0.0300352 0.108264 0.184979 0.258185 0.325971 0.386561 0.438359 0.47999 0.510336 0.528562 0.53414 0.526861 0.506844 0.474527 0.430662 0.376291 0.312725 0.241505 0.16437 0.0832054 0 
0 0.0717423 0.141743 0.208304 0.269816 0.324796 0.371926 0.410088 0.43839 0.456191 0.463113 0.459055 0.444192 0.418973 0.384106 0.340544 0.289457 0.232203 0.170294 0.105359 0.0390965 -0.0267617 -0.0904998 -0.15046 -0.205083 -0.252953 -0.292828 -0.323675 -0.344694 -0.355341 -0.355341 -0.344694 -0.323675 -0.292828 -0.252953 -0.205083 -0.15046 -0.0904998 -0.0267617 0.0390965 0.105359 0.170294 0.232203 0.289457 0.340544 0.384106 0.418973 0.444192 0.459055 0.463113 0.456191 0.43839 0.410088 0.371926 0.324796 0.269816 0.208304 0.141743 0.0717423 0 
0 0.0620283 0.12257 0.180174 0.233468 0.281183 0.322196 0.35555 0.380483 0.396445 0.403114 0.400399 0.388449 0.367644 0.338585 0.302083 0.259134 0.210893 0.158648 0.103785 0.0477516 -0.00797873 -0.0619439 -0.112732 -0.159015 -0.199587 -0.233389 -0.259542 -0.277364 -0.286393 -0.286393 -0.277364 -0.259542 -0.233389 -0.199587 -0.159015 -0.112732 -0.0619439 -0.00797873 0.0477516 0.103785 0.158648 0.210893 0.259134 0.302083 0.338585 0.367644 0.388449 0.400399 0.403114 0.396445 0.380483 0.35555 0.322196 0.281183 0.233468 0.180174 0.12257 0.0620283 0 
0 0.0538076 0.106345 0.156374 0.202721 0.244302 0.280157 0.309469 0.331584 0.346033 0.352536 0.351017 0.341598 0.324602 0.300539 0.270098 0.234125 0.193604 0.149632 0.103386 0.0561012 0.00903092 -0.0365798 -0.0795281 -0.118684 -0.153019 -0.181633 -0.203776 -0.218867 -0.226513 -0.226513 -0.218867 -0.203776 -0.181633 -0.153019 -0.118684 -0.0795281 -0.0365798 0.00903092 0.0561012 0.103386 0.149632 0.193604 0.234125 0.270098 0.300539 0.324602 0.341598 0.351017 0.352536 0.346033 0.331584 0.309469 0.280157 0.244302 0.202721 0.156374 0.106345 0.0538076 0 
0 0.0468624 0.0926393 0.136273 0.176758 0.213171 0.24469 0.270613 0.290384 0.303598 0.310016 0.309568 0.302357 0.288656 0.268897 0.243666 0.213682 0.179782 0.142897 0.104031 0.0642343 0.0245739 -0.0138901 -0.0501338 -0.0831952 -0.112198 -0.136376 -0.155091 -0.167848 -0.174312 -0.174312 -0.167848 -0.155091 -0.136376 -0.112198 -0.0831952 -0.0501338 -0.0138901 0.0245739 0.0642343 0.104031 0.142897 0.179782 0.213682 0.243666 0.268897 0.288656 0.302357 0.309568 0.310016 0.303598 0.290384 0.270613 0.24469 0.213171 0.176758 0.136273 0.0926393 0.0468624 0 
0 0.0410072 0.0810861 0.119332 0.154886 0.186956 0.21484 0.237937 0.255769 0.267989 0.274389 0.274909 0.269634 0.258792 0.242751 0.222007 0.197171 0.168955 0.13815 0.105611 0.0722292 0.0389147 0.00656897 -0.0239365 -0.0517826 -0.076224 -0.0966076 -0.11239 -0.123151 -0.128604 -0.128604 -0.123151 -0.11239 -0.0966076 -0.076224 -0.0517826 -0.0239365 0.00656897 0.0389147 0.0722292 0.105611 0.13815 0.168955 0.197171 0.222007 0.242751 0.258792 0.269634 0.274909 0.274389 0.267989 0.255769 0.237937 0.21484 0.186956 0.154886 0.119332 0.0810861 0.0410072 0 
0 0.0360841 0.0713738 0.105095 0.136511 0.164946 0.189796 0.210548 0.22679 0.238223 0.244668 0.246071 0.2425 0.234149 0.221328 0.204457 0.184055 0.160727 0.135145 0.108035 0.080156 0.0522817 0.0251789 -0.000410741 -0.0237904 -0.0443256 -0.0614607 -0.074733 -0.0837849 -0.0883726 -0.0883726 -0.0837849 -0.074733 -0.0614607 -0.0443256 -0.0237904 -0.000410741 0.0251789 0.0522817 0.080156 0.108035 0.135145 0.160727 0.184055 0.204457 0.221328 0.234149 0.2425 0.246071 0.244668 0.238223 0.22679 0.210548 0.189796 0.164946 0.136511 0.105095 0.0713738 0.0360841 0 
0 0.0319587 0.0632369 0.093171 0.121131 0.146536 0.168868 0.187687 0.202639 0.213466 0.220011 0.222226 0.220166 0.213994 0.20397 0.190452 0.173878 0.154761 0.133673 0.11123 0.0880775 0.0648729 0.0422683 0.0208945 0.0013442 -0.0158429 -0.030194 -0.0413156 -0.0489033 -0.0527497 -0.0527497 -0.0489033 -0.0413156 -0.030194 -0.0158429 0.0013442 0.0208945 0.0422683 0.0648729 0.0880775 0.11123 0.133673 0.154761 0.173878 0.190452 0.20397 0.213994 0.220166 0.222226 0.220011 0.213466 0.202639 0.187687 0.168868 0.146536 0.121131 0.093171 0.0632369 0.0319587 0 
0 0.0285166 0.0564496 0.0832297 0.108316 0.131211 0.151468 0.16871 0.182631 0.193007 0.199703 0.202673 0.201962 0.197705 0.190122 0.179514 0.166253 0.150774 0.13356 0.115136 0.0960505 0.0768604 0.0581207 0.0403673 0.0241044 0.00979065 -0.00217186 -0.0114484 -0.0177802 -0.0209907 -0.0209907 -0.0177802 -0.0114484 -0.00217186 0.00979065 0.0241044 0.0403673 0.0581207 0.0768604 0.0960505 0.115136 0.13356 0.150774 0.166253 0.179514 0.190122 0.197705 0.201962 0.202673 0.199703 0.193007 0.182631 0.16871 0.151468 0.131211 0.108316 0.0832297 0.0564496 0.0285166 0 
0 0.0256606 0.05082 0.074989 0.0977031 0.118533 0.137097 0.153068 0.166181 0.176244 0.183136 0.186816 0.187318 0.184755 0.179312 0.17124 0.160856 0.148526 0.134662 0.119707 0.104127 0.0883945 0.0729812 0.0583422 0.0449058 0.0330617 0.0231517 0.0154602 0.0102072 0.00754276 0.00754276 0.0102072 0.0154602 0.0231517 0.0330617 0.0449058 0.0583422 0.0729812 0.0883945 0.104127 0.119707 0.134662 0.148526 0.160856 0.17124 0.179312 0.184755 0.187318 0.186816 0.183136 0.176244 0.166181 0.153068 0.137097 0.118533 0.0977031 0.074989 0.05082 0.0256606 0 
0 0.023308 0.0461847 0.0682092 0.0889813 0.108132 0.12533 0.140294 0.152794 0.162663 0.169795 0.174149 0.175753 0.174698 0.171139 0.165288 0.157411 0.147819 0.136858 0.124905 0.112354 0.099607 0.0870629 0.0751083 0.0641067 0.0543892 0.0462459 0.0399184 0.0355937 0.0333991 0.0333991 0.0355937 0.0399184 0.0462459 0.0543892 0.0641067 0.0751083 0.0870629 0.099607 0.112354 0.124905 0.136858 0.147819 0.157411 0.165288 0.171139 0.174698 0.175753 0.174149 0.169795 0.162663 0.152794 0.140294 0.12533 0.108132 0.0889813 0.0682092 0.0461847 0.023308 0 
0 0.0213886 0.0424052 0.0626867 0.081888 0.0996897 0.115806 0.129993 0.142051 0.151831 0.159241 0.164243 0.166856 0.167154 0.165266 0.16137 0.155689 0.148484 0.140049 0.130703 0.120778 0.110614 0.100551 0.0909159 0.0820167 0.0741344 0.0675151 0.062364 0.0588396 0.05705 0.05705 0.0588396 0.062364 0.0675151 0.0741344 0.0820167 0.0909159 0.100551 0.110614 0.120778 0.130703 0.140049 0.148484 0.155689 0.16137 0.165266 0.167154 0.166856 0.164243 0.159241 0.151831 0.142051 0.129993 0.115806 0.0996897 0.081888 0.0626867 0.0424052 0.0213886 0 
0 0.0198426 0.0393636 0.058249 0.0761999 0.0929397 0.108221 0.12183 0.133593 0.143379 0.151106 0.156736 0.160283 0.161805 0.161409 0.159244 0.155495 0.150383 0.144155 0.13708 0.129439 0.121519 0.113608 0.105983 0.0989039 0.0926096 0.0873085 0.0831743 0.0803417 0.0789021 0.0789021 0.0803417 0.0831743 0.0873085 0.0926096 0.0989039 0.105983 0.113608 0.121519 0.129439 0.13708 0.144155 0.150383 0.155495 0.159244 0.161409 0.161805 0.160283 0.156736 0.151106 0.143379 0.133593 0.12183 0.108221 0.0929397 0.0761999 0.058249 0.0393636 0.0198426 0 
0 0.0186196 0.0369602 0.0547494 0.0717276 0.0876544 0.102314 0.115519 0.127118 0.136996 0.145075 0.151321 0.155741 0.158381 0.159329 0.158706 0.156669 0.153401 0.149111 0.144024 0.138378 0.132415 0.126377 0.120499 0.115002 0.110086 0.105928 0.102676 0.100443 0.0993069 0.0993069 0.100443 0.102676 0.105928 0.110086 0.115002 0.120499 0.126377 0.132415 0.138378 0.144024 0.149111 0.153401 0.156669 0.158706 0.159329 0.158381 0.155741 0.151321 0.145075 0.136996 0.127118 0.115519 0.102314 0.0876544 0.0717276 0.0547494 0.0369602 0.0186196 0 
0 0.0176767 0.0351104 0.052064 0.068311 0.0836414 0.0978662 0.110822 0.122373 0.132417 0.140884 0.147739 0.152985 0.156657 0.158824 0.159588 0.159077 0.157445 0.154866 0.151529 0.147633 0.143384 0.138984 0.134632 0.130514 0.126799 0.123637 0.121152 0.119441 0.118569 0.118569 0.119441 0.121152 0.123637 0.126799 0.130514 0.134632 0.138984 0.143384 0.147633 0.151529 0.154866 0.157445 0.159077 0.159588 0.158824 0.156657 0.152985 0.147739 0.140884 0.132417 0.122373 0.110822 0.0978662 0.0836414 0.068311 0.052064 0.0351104 0.0176767 0 
0 0.0169776 0.0337428 0.0500878 0.0658143 0.0807382 0.0946929 0.107534 0.119141 0.12942 0.138309 0.145773 0.151809 0.156442 0.159728 0.161748 0.162609 0.162438 0.16138 0.159592 0.157243 0.154502 0.151542 0.148528 0.145618 0.142955 0.140664 0.13885 0.137595 0.136953 0.136953 0.137595 0.13885 0.140664 0.142955 0.145618 0.148528 0.151542 0.154502 0.157243 0.159592 0.16138 0.162438 0.162609 0.161748 0.159728 0.156442 0.151809 0.145773 0.138309 0.12942 0.119141 0.107534 0.0946929 0.0807382 0.0658143 0.0500878 0.0337428 0.0169776 0 
0 0.0164918 0.0327968 0.0487323 0.0641235 0.0788077 0.0926377 0.105484 0.11724 0.12782 0.137165 0.145241 0.15204 0.157579 0.161901 0.165072 0.167177 0.168322 0.168625 0.168219 0.167242 0.165839 0.164151 0.162319 0.160473 0.158735 0.15721 0.155986 0.15513 0.154691 0.154691 0.15513 0.155986 0.15721 0.158735 0.160473 0.162319 0.164151 0.165839 0.167242 0.168219 0.168625 0.168322 0.167177 0.165072 0.161901 0.157579 0.15204 0.145241 0.137165 0.12782 0.11724 0.105484 0.0926377 0.0788077 0.0641235 0.0487323 0.0327968 0.0164918 0 
0 0.0161936 0.0322218 0.047923 0.0631422 0.0777347 0.0915692 0.10453 0.116519 0.127459 0.137294 0.14599 0.153534 0.159937 0.165229 0.169463 0.172708 0.175048 0.176581 0.177417 0.17767 0.177459 0.176904 0.17612 0.175219 0.1743 0.173452 0.172748 0.172246 0.171986 0.171986 0.172246 0.172748 0.173452 0.1743 0.175219 0.17612 0.176904 0.177459 0.17767 0.177417 0.176581 0.175048 0.172708 0.169463 0.165229 0.159937 0.153534 0.14599 0.137294 0.127459 0.116519 0.10453 0.0915692 0.0777347 0.0631422 0.047923 0.0322218 0.0161936 0 
0 0.0160612 0.031975 0.0475973 0.0627897 0.0774225 0.0913775 0.10455 0.116851 0.128208 0.138567 0.147894 0.156173 0.163408 0.169619 0.174847 0.179145 0.182582 0.185237 0.187198 0.18856 0.189423 0.189883 0.190038 0.18998 0.189791 0.189546 0.189305 0.189118 0.189016 0.189016 0.189118 0.189305 0.189546 0.189791 0.18998 0.190038 0.189883 0.189423 0.18856 0.187198 0.185237 0.182582 0.179145 0.174847 0.169619 0.163408 0.156173 0.147894 0.138567 0.128208 0.116851 0.10455 0.0913775 0.0774225 0.0627897 0.0475973 0.031975 0.0160612 0 
0 0.0160766 0.0320208 0.0477031 0.0629986 0.0777904 0.091971 0.105445 0.118129 0.129957 0.140875 0.150849 0.15986 0.167905 0.174996 0.181163 0.186446 0.190899 0.194586 0.197578 0.199952 0.201788 0.203167 0.204169 0.204869 0.205337 0.205632 0.205808 0.205902 0.205942 0.205942 0.205902 0.205808 0.205632 0.205337 0.204869 0.204169 0.203167 0.201788 0.199952 0.197578 0.194586 0.190899 0.186446 0.181163 0.174996 0.167905 0.15986 0.150849 0.140875 0.129957 0.118129 0.105445 0.091971 0.0777904 0.0629986 0.0477031 0.0320208 0.0160766 0 
0 0.0162247 0.0323295 0.0481967 0.063713 0.0787715 0.0932737 0.107131 0.120267 0.132617 0.14413 0.154771 0.164516 0.173357 0.1813 0.188364 0.194579 0.199985 0.204632 0.208577 0.211881 0.21461 0.216828 0.218601 0.21999 0.221052 0.221838 0.222389 0.222737 0.222906 0.222906 0.222737 0.222389 0.221838 0.221052 0.21999 0.218601 0.216828 0.21461 0.211881 0.208577 0.204632 0.199985 0.194579 0.188364 0.1813 0.173357 0.164516 0.154771 0.14413 0.132617 0.120267 0.107131 0.0932737 0.0787715 0.063713 0.0481967 0.0323295 0.0162247 0 
0 0.0164932 0.0328766 0.0490424 0.0648865 0.0803105 0.095223 0.109541 0.123193 0.136117 0.148261 0.15959 0.170077 0.179709 0.188486 0.196416 0.203521 0.20983 0.215381 0.220217 0.224387 0.227941 0.230933 0.233415 0.235437 0.237044 0.238277 0.23917 0.23975 0.240036 0.240036 0.23975 0.23917 0.238277 0.237044 0.235437 0.233415 0.230933 0.227941 0.224387 0.220217 0.215381 0.20983 0.203521 0.196416 0.188486 0.179709 0.170077 0.15959 0.148261 0.136117 0.123193 0.109541 0.095223 0.0803105 0.0648865 0.0490424 0.0328766 0.0164932 0 
0 0.0168717 0.0336418 0.0502106 0.0664814 0.0823624 0.0977681 0.11262 0.12685 0.140396 0.153211 0.165253 0.176495 0.186919 0.196519 0.205295 0.213261 0.220435 0.226845 0.232524 0.237507 0.241835 0.245549 0.24869 0.251297 0.253407 0.255054 0.256263 0.257057 0.25745 0.25745 0.257057 0.256263 0.255054 0.253407 0.251297 0.24869 0.245549 0.241835 0.237507 0.232524 0.226845 0.220435 0.213261 0.205295 0.196519 0.186919 0.176495 0.165253 0.153211 0.140396 0.12685 0.11262 0.0977681 0.0823624 0.0664814 0.0502106 0.0336418 0.0168717 0 
0 0.017352 0.0346091 0.0516776 0.0684671 0.0848909 0.100868 0.116324 0.131191 0.145411 0.158933 0.171718 0.183733 0.194956 0.205376 0.214986 0.223793 0.231806 0.239042 0.245526 0.251283 0.256343 0.260737 0.264497 0.267654 0.270235 0.272266 0.27377 0.274763 0.275257 0.275257 0.274763 0.27377 0.272266 0.270235 0.267654 0.264497 0.260737 0.256343 0.251283 0.245526 0.239042 0.231806 0.223793 0.214986 0.205376 0.194956 0.183733 0.171718 0.158933 0.145411 0.131191 0.116324 0.100868 0.0848909 0.0684671 0.0516776 0.0346091 0.017352 0 
0 0.0179275 0.0357652 0.0534245 0.0708193 0.0878672 0.10449 0.120617 0.136181 0.151124 0.165396 0.178954 0.191763 0.203799 0.215042 0.225483 0.235119 0.243953 0.251993 0.259255 0.265756 0.271517 0.27656 0.280908 0.284585 0.287611 0.290006 0.291788 0.292968 0.293555 0.293555 0.292968 0.291788 0.290006 0.287611 0.284585 0.280908 0.27656 0.271517 0.265756 0.259255 0.251993 0.243953 0.235119 0.225483 0.215042 0.203799 0.191763 0.178954 0.165396 0.151124 0.136181 0.120617 0.10449 0.0878672 0.0708193 0.0534245 0.0357652 0.0179275 0 
0 0.018593 0.0371001 0.0554365 0.0735193 0.0912692 0.108611 0.125473 0.141793 0.15751 0.172574 0.186939 0.20057 0.213435 0.225513 0.236787 0.247248 0.256893 0.265724 0.273746 0.28097 0.287409 0.293077 0.297991 0.302166 0.305617 0.30836 0.310406 0.311764 0.312441 0.312441 0.311764 0.310406 0.30836 0.305617 0.302166 0.297991 0.293077 0.287409 0.28097 0.273746 0.265724 0.256893 0.247248 0.236787 0.225513 0.213435 0.20057 0.186939 0.172574 0.15751 0.141793 0.125473 0.108611 0.0912692 0.0735193 0.0554365 0.0371001 0.018593 0 
0 0.0193447 0.0386062 0.0577024 0.076553 0.0950804 0.113211 0.130875 0.148008 0.16455 0.180451 0.195661 0.210142 0.22386 0.236788 0.248905 0.260195 0.270649 0.280263 0.289035 0.29697 0.304071 0.310349 0.315812 0.320469 0.324332 0.32741 0.32971 0.33124 0.332004 0.332004 0.33124 0.32971 0.32741 0.324332 0.320469 0.315812 0.310349 0.304071 0.29697 0.289035 0.280263 0.270649 0.260195 0.248905 0.236788 0.22386 0.210142 0.195661 0.180451 0.16455 0.148008 0.130875 0.113211 0.0950804 0.076553 0.0577024 0.0386062 0.0193447 0 
0 0.0201796 0.0402779 0.0602145 0.0799104 0.0992894 0.118278 0.136808 0.154813 0.172235 0.189018 0.205114 0.220479 0.235077 0.248875 0.261849 0.273978 0.285247 0.295644 0.305163 0.313802 0.321559 0.328436 0.334437 0.339568 0.343833 0.347237 0.349785 0.351482 0.35233 0.35233 0.351482 0.349785 0.347237 0.343833 0.339568 0.334437 0.328436 0.321559 0.313802 0.305163 0.295644 0.285247 0.273978 0.261849 0.248875 0.235077 0.220479 0.205114 0.189018 0.172235 0.154813 0.136808 0.118278 0.0992894 0.0799104 0.0602145 0.0402779 0.0201796 0 
0 0.021096 0.0421117 0.0629675 0.0835853 0.103889 0.123806 0.143266 0.162204 0.180559 0.198274 0.215298 0.231584 0.247093 0.261788 0.27564 0.288623 0.300716 0.311904 0.322173 0.331516 0.339925 0.347399 0.353934 0.359532 0.364194 0.36792 0.370712 0.372573 0.373503 0.373503 0.372573 0.370712 0.36792 0.364194 0.359532 0.353934 0.347399 0.339925 0.331516 0.322173 0.311904 0.300716 0.288623 0.27564 0.261788 0.247093 0.231584 0.215298 0.198274 0.180559 0.162204 0.143266 0.123806 0.103889 0.0835853 0.0629675 0.0421117 0.021096 0 
0 0.0220929 0.0441057 0.065959 0.0875746 0.108876 0.129791 0.150247 0.170179 0.189523 0.208222 0.226219 0.243468 0.259923 0.275546 0.2903 0.304158 0.317092 0.329082 0.34011 0.350163 0.359229 0.3673 0.374369 0.380434 0.38549 0.389536 0.392571 0.394594 0.395606 0.395606 0.394594 0.392571 0.389536 0.38549 0.380434 0.374369 0.3673 0.359229 0.350163 0.34011 0.329082 0.317092 0.304158 0.2903 0.275546 0.259923 0.243468 0.226219 0.208222 0.189523 0.170179 0.150247 0.129791 0.108876 0.0875746 0.065959 0.0441057 0.0220929 0 
0 0.02317 0.0462594 0.0691884 0.091878 0.114252 0.136234 0.157754 0.178743 0.199135 0.21887 0.237891 0.256147 0.273588 0.290171 0.305859 0.320616 0.334412 0.347223 0.359024 0.369797 0.379528 0.388202 0.39581 0.402343 0.407796 0.412163 0.415441 0.417628 0.418721 0.418721 0.417628 0.415441 0.412163 0.407796 0.402343 0.39581 0.388202 0.379528 0.369797 0.359024 0.347223 0.334412 0.320616 0.305859 0.290171 0.273588 0.256147 0.237891 0.21887 0.199135 0.178743 0.157754 0.136234 0.114252 0.091878 0.0691884 0.0462594 0.02317 0 
0 0.0243277 0.0485739 0.0726573 0.0964981 0.120018 0.143141 0.165792 0.187903 0.209404 0.230233 0.25033 0.26964 0.28811 0.305694 0.322348 0.338035 0.35272 0.366373 0.378965 0.390475 0.400883 0.410171 0.418325 0.425334 0.431188 0.435879 0.439403 0.441754 0.44293 0.44293 0.441754 0.439403 0.435879 0.431188 0.425334 0.418325 0.410171 0.400883 0.390475 0.378965 0.366373 0.35272 0.338035 0.322348 0.305694 0.28811 0.26964 0.25033 0.230233 0.209404 0.187903 0.165792 0.143141 0.120018 0.0964981 0.0726573 0.0485739 0.0243277 0 
0 0.0255672 0.0510512 0.0763692 0.10144 0.126182 0.150519 0.174373 0.197672 0.220347 0.24233 0.263558 0.283973 0.303519 0.322146 0.339806 0.356458 0.372061 0.386583 0.39999 0.412257 0.423358 0.433274 0.441986 0.44948 0.455742 0.460764 0.464537 0.467055 0.468315 0.468315 0.467055 0.464537 0.460764 0.455742 0.44948 0.441986 0.433274 0.423358 0.412257 0.39999 0.386583 0.372061 0.356458 0.339806 0.322146 0.303519 0.283973 0.263558 0.24233 0.220347 0.197672 0.174373 0.150519 0.126182 0.10144 0.0763692 0.0510512 0.0255672 0 
0 0.0268899 0.0536945 0.0803289 0.106709 0.132753 0.158379 0.183509 0.208068 0.231981 0.255181 0.2776 0.299175 0.319848 0.339565 0.358274 0.375929 0.392486 0.407907 0.422156 0.435203 0.44702 0.457581 0.466866 0.474857 0.481538 0.486898 0.490926 0.493615 0.494961 0.494961 0.493615 0.490926 0.486898 0.481538 0.474857 0.466866 0.457581 0.44702 0.435203 0.422156 0.407907 0.392486 0.375929 0.358274 0.339565 0.319848 0.299175 0.2776 0.255181 0.231981 0.208068 0.183509 0.158379 0.132753 0.106709 0.0803289 0.0536945 0.0268899 0 
0 0.0282981 0.0565083 0.0845431 0.112316 0.139741 0.166735 0.193218 0.219108 0.244331 0.268813 0.292485 0.31528 0.337135 0.357993 0.377797 0.396497 0.414047 0.430403 0.445526 0.459381 0.471937 0.483165 0.493041 0.501544 0.508656 0.514364 0.518654 0.521519 0.522953 0.522953 0.521519 0.518654 0.514364 0.508656 0.501544 0.493041 0.483165 0.471937 0.459381 0.445526 0.430403 0.414047 0.396497 0.377797 0.357993 0.337135 0.31528 0.292485 0.268813 0.244331 0.219108 0.193218 0.166735 0.139741 0.112316 0.0845431 0.0565083 0.0282981 0 
0 0.0297943 0.0594977 0.0890195 0.11827 0.147161 0.175605 0.203518 0.230817 0.257422 0.283257 0.308248 0.332325 0.355421 0.377474 0.398424 0.418218 0.436803 0.454133 0.470164 0.484859 0.498182 0.510101 0.520589 0.529622 0.53718 0.543247 0.547808 0.550855 0.552379 0.552379 0.550855 0.547808 0.543247 0.53718 0.529622 0.520589 0.510101 0.498182 0.484859 0.470164 0.454133 0.436803 0.418218 0.398424 0.377474 0.355421 0.332325 0.308248 0.283257 0.257422 0.230817 0.203518 0.175605 0.147161 0.11827 0.0890195 0.0594977 0.0297943 0 
0 0.0313816 0.0626687 0.0937673 0.124584 0.155027 0.185006 0.214432 0.243219 0.271284 0.298545 0.324926 0.350351 0.374751 0.398058 0.42021 0.441147 0.460814 0.479161 0.496141 0.51171 0.525831 0.538469 0.549593 0.559176 0.567197 0.573636 0.578478 0.581712 0.583331 0.583331 0.581712 0.578478 0.573636 0.567197 0.559176 0.549593 0.538469 0.525831 0.51171 0.496141 0.479161 0.460814 0.441147 0.42021 0.398058 0.374751 0.350351 0.324926 0.298545 0.271284 0.243219 0.214432 0.185006 0.155027 0.124584 0.0937673 0.0626687 0.0313816 0 
0 0.0330634 0.0660284 0.0987972 0.131273 0.163358 0.19496 0.225986 0.256345 0.28595 0.314715 0.342559 0.369404 0.395174 0.419798 0.44321 0.465346 0.486147 0.505557 0.523527 0.54001 0.554964 0.568351 0.580137 0.590294 0.598795 0.605622 0.610756 0.614186 0.615903 0.615903 0.614186 0.610756 0.605622 0.598795 0.590294 0.580137 0.568351 0.554964 0.54001 0.523527 0.505557 0.486147 0.465346 0.44321 0.419798 0.395174 0.369404 0.342559 0.314715 0.28595 0.256345 0.225986 0.19496 0.163358 0.131273 0.0987972 0.0660284 0.0330634 0 
0 0.0348436 0.0695845 0.104121 0.13835 0.172174 0.205492 0.238207 0.270226 0.301455 0.331806 0.361193 0.389531 0.416743 0.442752 0.467488 0.490881 0.51287 0.533395 0.552402 0.56984 0.585665 0.599834 0.612312 0.623067 0.63207 0.639301 0.644739 0.648373 0.650192 0.650192 0.648373 0.644739 0.639301 0.63207 0.623067 0.612312 0.599834 0.585665 0.56984 0.552402 0.533395 0.51287 0.490881 0.467488 0.442752 0.416743 0.389531 0.361193 0.331806 0.301455 0.270226 0.238207 0.205492 0.172174 0.13835 0.104121 0.0695845 0.0348436 0 
0 0.0367264 0.0733456 0.109751 0.145835 0.181495 0.216625 0.251126 0.284896 0.31784 0.349863 0.380874 0.410786 0.439515 0.466981 0.493107 0.517822 0.541058 0.562752 0.582846 0.601285 0.618021 0.63301 0.646211 0.657591 0.66712 0.674772 0.680529 0.684375 0.6863 0.6863 0.684375 0.680529 0.674772 0.66712 0.657591 0.646211 0.63301 0.618021 0.601285 0.582846 0.562752 0.541058 0.517822 0.493107 0.466981 0.439515 0.410786 0.380874 0.349863 0.31784 0.284896 0.251126 0.216625 0.181495 0.145835 0.109751 0.0733456 0.0367264 0 
0 0.0387167 0.077321 0.115701 0.153746 0.191345 0.22839 0.264774 0.300393 0.335146 0.368932 0.401656 0.433225 0.463552 0.49255 0.520139 0.546242 0.570789 0.59371 0.614945 0.634434 0.652126 0.667973 0.681933 0.693968 0.704045 0.71214 0.71823 0.722298 0.724335 0.724335 0.722298 0.71823 0.71214 0.704045 0.693968 0.681933 0.667973 0.652126 0.634434 0.614945 0.59371 0.570789 0.546242 0.520139 0.49255 0.463552 0.433225 0.401656 0.368932 0.335146 0.300393 0.264774 0.22839 0.191345 0.153746 0.115701 0.077321 0.0387167 0 
0 0.0408193 0.0815208 0.121987 0.162102 0.201749 0.240815 0.279188 0.316758 0.353418 0.389063 0.423592 0.456908 0.488917 0.519528 0.548656 0.576221 0.602145 0.626357 0.648789 0.669382 0.688077 0.704825 0.71958 0.732302 0.742956 0.751514 0.757952 0.762254 0.764408 0.764408 0.762254 0.757952 0.751514 0.742956 0.732302 0.71958 0.704825 0.688077 0.669382 0.648789 0.626357 0.602145 0.576221 0.548656 0.519528 0.488917 0.456908 0.423592 0.389063 0.353418 0.316758 0.279188 0.240815 0.201749 0.162102 0.121987 0.0815208 0.0408193 0 
0 0.0430397 0.0859559 0.128625 0.170925 0.212735 0.253935 0.294406 0.334034 0.372706 0.410311 0.446743 0.481899 0.51568 0.54799 0.578739 0.607841 0.635214 0.660782 0.684475 0.706227 0.725977 0.743671 0.759261 0.772704 0.783963 0.793008 0.799812 0.804359 0.806636 0.806636 0.804359 0.799812 0.793008 0.783963 0.772704 0.759261 0.743671 0.725977 0.706227 0.684475 0.660782 0.635214 0.607841 0.578739 0.54799 0.51568 0.481899 0.446743 0.410311 0.372706 0.334034 0.294406 0.253935 0.212735 0.170925 0.128625 0.0859559 0.0430397 0 
0 0.0453838 0.0906378 0.135633 0.18024 0.224331 0.267782 0.310468 0.352267 0.39306 0.432732 0.471171 0.508266 0.543914 0.578014 0.61047 0.64119 0.670089 0.697085 0.722103 0.745074 0.765933 0.784623 0.801091 0.815292 0.827187 0.836742 0.843932 0.848736 0.851141 0.851141 0.848736 0.843932 0.836742 0.827187 0.815292 0.801091 0.784623 0.765933 0.745074 0.722103 0.697085 0.670089 0.64119 0.61047 0.578014 0.543914 0.508266 0.471171 0.432732 0.39306 0.352267 0.310468 0.267782 0.224331 0.18024 0.135633 0.0906378 0.0453838 0 
0 0.0478578 0.0955792 0.143028 0.190069 0.236569 0.282395 0.327416 0.371505 0.414537 0.456388 0.496942 0.536081 0.573697 0.609683 0.643936 0.676361 0.706867 0.735366 0.76178 0.786034 0.80806 0.827797 0.845189 0.860187 0.87275 0.882843 0.890437 0.895512 0.898053 0.898053 0.895512 0.890437 0.882843 0.87275 0.860187 0.845189 0.827797 0.80806 0.786034 0.76178 0.735366 0.706867 0.676361 0.643936 0.609683 0.573697 0.536081 0.496942 0.456388 0.414537 0.371505 0.327416 0.282395 0.236569 0.190069 0.143028 0.0955792 0.0478578 0 
0 0.0504682 0.100793 0.150831 0.200441 0.249481 0.297813 0.345298 0.391802 0.437194 0.481343 0.524126 0.565422 0.605112 0.643085 0.679233 0.713454 0.745651 0.775734 0.803618 0.829223 0.852478 0.873316 0.891681 0.907518 0.920785 0.931444 0.939464 0.944823 0.947507 0.947507 0.944823 0.939464 0.931444 0.920785 0.907518 0.891681 0.873316 0.852478 0.829223 0.803618 0.775734 0.745651 0.713454 0.679233 0.643085 0.605112 0.565422 0.524126 0.481343 0.437194 0.391802 0.345298 0.297813 0.249481 0.200441 0.150831 0.100793 0.0504682 0 
0 0.0532222 0.106293 0.159063 0.211383 0.263103 0.314077 0.364161 0.413212 0.461093 0.507666 0.5528 0.596367 0.638244 0.678312 0.716457 0.752571 0.786552 0.818303 0.847734 0.874763 0.899312 0.921312 0.9407 0.957422 0.97143 0.982684 0.991153 0.996812 0.999646 0.999646 0.996812 0.991153 0.982684 0.97143 0.957422 0.9407 0.921312 0.899312 0.874763 0.847734 0.818303 0.786552 0.752571 0.716457 0.678312 0.638244 0.596367 0.5528 0.507666 0.461093 0.413212 0.364161 0.314077 0.263103 0.211383 0.159063 0.106293 0.0532222 0 
