C h:0.0133333
C GRID SIZE:76
C N:74
0 0.501333 0.99476 1.4725 1.92701 2.35114 2.73819 3.08205 3.37731 3.61931 3.80423 3.92915 3.99211 3.99211 3.92915 3.80423 3.61931 3.37731 3.08205 2.73819 2.35114 1.92701 1.4725 0.99476 0.501333 -1.39492e-15 -0.501333 -0.99476 -1.4725 -1.92701 -2.35114 -2.73819 -3.08205 -3.37731 -3.61931 -3.80423 -3.92915 -3.99211 -3.99211 -3.92915 -3.80423 -3.61931 -3.37731 -3.08205 -2.73819 -2.35114 -1.92701 -1.4725 -0.99476 -0.501333 2.78984e-15 0.501333 0.99476 1.4725 1.92701 2.35114 2.73819 3.08205 3.37731 3.61931 3.80423 3.92915 3.99211 3.99211 3.92915 3.80423 3.61931 3.37731 3.08205 2.73819 2.35114 1.92701 1.4725 0.99476 0.501333 -1.46935e-18 
0 0.442283 0.877593 1.29907 1.70006 2.07425 2.41574 2.71915 2.97968 3.19324 3.35647 3.46677 3.52243 3.52256 3.46717 3.35712 3.19416 2.98086 2.72058 2.41743 2.07619 1.70225 1.3015 0.880269 0.445195 0.00314204 -0.438916 -0.874007 -1.29527 -1.69606 -2.07005 -2.41135 -2.71457 -2.97493 -3.18832 -3.35138 -3.46154 -3.51706 -3.51706 -3.46154 -3.35138 -3.18832 -2.97493 -2.71457 -2.41135 -2.07005 -1.69606 -1.29527 -0.874007 -0.438916 0.00314204 0.445195 0.880269 1.3015 1.70225 2.07619 2.41743 2.72058 2.98086 3.19416 3.35712 3.46717 3.52256 3.52243 3.46677 3.35647 3.19324 2.97968 2.71915 2.41574 2.07425 1.70006 1.29907 0.877593 0.442283 0 
0 0.390225 0.7743 1.14617 1.49998 1.83015 2.13148 2.39922 2.62915 2.81765 2.96176 3.05919 3.10843 3.10869 3.05998 2.96307 2.81949 2.63151 2.40209 2.13486 1.83404 1.50437 1.15105 0.779655 0.396053 0.00628959 -0.383484 -0.76712 -1.13857 -1.49196 -1.82173 -2.12268 -2.39005 -2.61963 -2.8078 -2.95158 -3.04872 -3.09767 -3.09767 -3.04872 -2.95158 -2.8078 -2.61963 -2.39005 -2.12268 -1.82173 -1.49196 -1.13857 -0.76712 -0.383484 0.00628959 0.396053 0.779655 1.15105 1.50437 1.83404 2.13486 2.40209 2.63151 2.81949 2.96307 3.05998 3.10869 3.10843 3.05919 2.96176 2.81765 2.62915 2.39922 2.13148 1.83015 1.49998 1.14617 0.7743 0.390225 0 
0 0.344332 0.683241 1.01139 1.3236 1.61497 1.8809 2.1172 2.32016 2.48658 2.61384 2.69994 2.74353 2.74393 2.70113 2.61582 2.48934 2.3237 2.12152 1.88598 1.62081 1.33019 1.01871 0.691286 0.353087 0.00944818 -0.334207 -0.672456 -0.999962 -1.31156 -1.60232 -1.86768 -2.10343 -2.30586 -2.47177 -2.59855 -2.6842 -2.72737 -2.72737 -2.6842 -2.59855 -2.47177 -2.30586 -2.10343 -1.86768 -1.60232 -1.31156 -0.999962 -0.672456 -0.334207 0.00944818 0.353087 0.691286 1.01871 1.33019 1.62081 1.88598 2.12152 2.3237 2.48934 2.61582 2.70113 2.74393 2.74353 2.69994 2.61384 2.48658 2.32016 2.1172 1.8809 1.61497 1.3236 1.01139 0.683241 0.344332 0 
0 0.303878 0.602972 0.892574 1.16813 1.42529 1.66002 1.86862 2.04781 2.19477 2.30719 2.38331 2.42194 2.42247 2.3849 2.30983 2.19846 2.05254 1.87438 1.66681 1.43309 1.17693 0.902358 0.613722 0.315575 0.0126234 -0.29035 -0.588564 -0.87731 -1.15203 -1.4084 -1.64235 -1.85021 -2.02869 -2.17498 -2.28677 -2.36228 -2.40034 -2.40034 -2.36228 -2.28677 -2.17498 -2.02869 -1.85021 -1.64235 -1.4084 -1.15203 -0.87731 -0.588564 -0.29035 0.0126234 0.315575 0.613722 0.902358 1.17693 1.43309 1.66681 1.87438 2.05254 2.19846 2.30983 2.3849 2.42247 2.42194 2.38331 2.30719 2.19477 2.04781 1.86862 1.66002 1.42529 1.16813 0.892574 0.602972 0.303878 0 
0 0.26822 0.532221 0.78785 1.03109 1.2581 1.46533 1.64952 1.80776 1.93758 2.03694 2.10428 2.13854 2.1392 2.10626 2.04025 1.94221 1.81369 1.65674 1.47384 1.26788 1.04212 0.800111 0.545693 0.282879 0.0158207 -0.251266 -0.514163 -0.76872 -1.01092 -1.23693 -1.4432 -1.62645 -1.78381 -1.91279 -2.01134 -2.07792 -2.11148 -2.11148 -2.07792 -2.01134 -1.91279 -1.78381 -1.62645 -1.4432 -1.23693 -1.01092 -0.76872 -0.514163 -0.251266 0.0158207 0.282879 0.545693 0.800111 1.04212 1.26788 1.47384 1.65674 1.81369 1.94221 2.04025 2.10626 2.1392 2.13854 2.10428 2.03694 1.93758 1.80776 1.64952 1.46533 1.2581 1.03109 0.78785 0.532221 0.26822 0 
0 0.236793 0.469864 0.695551 0.910307 1.11076 1.29376 1.45643 1.59622 1.71094 1.79879 1.8584 1.88884 1.88964 1.86079 1.80277 1.71651 1.60336 1.46513 1.304 1.12253 0.923585 0.710312 0.486082 0.25444 0.0190458 -0.216382 -0.448125 -0.672521 -0.886027 -1.08527 -1.26711 -1.42866 -1.56739 -1.68109 -1.76798 -1.82667 -1.85626 -1.85626 -1.82667 -1.76798 -1.68109 -1.56739 -1.42866 -1.26711 -1.08527 -0.886027 -0.672521 -0.448125 -0.216382 0.0190458 0.25444 0.486082 0.710312 0.923585 1.12253 1.304 1.46513 1.60336 1.71651 1.80277 1.86079 1.88964 1.88884 1.8584 1.79879 1.71094 1.59622 1.45643 1.29376 1.11076 0.910307 0.695551 0.469864 0.236793 0 
0 0.209096 0.41491 0.614211 0.803871 0.980913 1.14256 1.28628 1.40982 1.51124 1.58896 1.64177 1.66885 1.66979 1.64457 1.59362 1.51776 1.41818 1.29647 1.15456 0.994698 0.81942 0.631498 0.433904 0.229763 0.0223043 -0.185194 -0.389452 -0.587241 -0.775436 -0.951064 -1.11135 -1.25376 -1.37605 -1.47628 -1.55287 -1.60462 -1.63069 -1.63069 -1.60462 -1.55287 -1.47628 -1.37605 -1.25376 -1.11135 -0.951064 -0.775436 -0.587241 -0.389452 -0.185194 0.0223043 0.229763 0.433904 0.631498 0.81942 0.994698 1.15456 1.29647 1.41818 1.51776 1.59362 1.64457 1.66979 1.66885 1.64177 1.58896 1.51124 1.40982 1.28628 1.14256 0.980913 0.803871 0.614211 0.41491 0.209096 0 
0 0.184691 0.366487 0.542538 0.710085 0.866502 1.00934 1.13636 1.24559 1.3353 1.40411 1.45094 1.47508 1.47615 1.45416 1.40946 1.34278 1.25518 1.14806 1.02311 0.882325 0.727933 0.562381 0.388289 0.208414 0.0256019 -0.157255 -0.337265 -0.511581 -0.677447 -0.83224 -0.973515 -1.09904 -1.20683 -1.29517 -1.36268 -1.40829 -1.43128 -1.43128 -1.40829 -1.36268 -1.29517 -1.20683 -1.09904 -0.973515 -0.83224 -0.677447 -0.511581 -0.337265 -0.157255 0.0256019 0.208414 0.388289 0.562381 0.727933 0.882325 1.02311 1.14806 1.25518 1.34278 1.40946 1.45416 1.47615 1.47508 1.45094 1.40411 1.3353 1.24559 1.13636 1.00934 0.866502 0.710085 0.542538 0.366487 0.184691 0 
0 0.163189 0.323824 0.479392 0.627458 0.765707 0.891977 1.0043 1.10091 1.18032 1.24129 1.28287 1.30443 1.30564 1.28651 1.24734 1.18878 1.11176 1.01752 0.907545 0.783595 0.647636 0.501825 0.348472 0.190009 0.0289445 -0.132171 -0.290786 -0.444392 -0.590558 -0.726971 -0.851474 -0.962098 -1.05709 -1.13496 -1.19446 -1.23465 -1.25491 -1.25491 -1.23465 -1.19446 -1.13496 -1.05709 -0.962098 -0.851474 -0.726971 -0.590558 -0.444392 -0.290786 -0.132171 0.0289445 0.190009 0.348472 0.501825 0.647636 0.783595 0.907545 1.01752 1.11176 1.18878 1.24734 1.28651 1.30564 1.30443 1.28287 1.24129 1.18032 1.10091 1.0043 0.891977 0.765707 0.627458 0.479392 0.323824 0.163189 0 
0 0.144248 0.286243 0.423767 0.554674 0.676921 0.788601 0.887974 0.973495 1.04384 1.09791 1.13488 1.15418 1.15554 1.13894 1.10467 1.05328 0.985614 0.902743 0.805993 0.696907 0.577218 0.44883 0.31378 0.174212 0.0323379 -0.109593 -0.249331 -0.384664 -0.513448 -0.633644 -0.743349 -0.840828 -0.924536 -0.99315 -1.04558 -1.08101 -1.09886 -1.09886 -1.08101 -1.04558 -0.99315 -0.924536 -0.840828 -0.743349 -0.633644 -0.513448 -0.384664 -0.249331 -0.109593 0.0323379 0.174212 0.31378 0.44883 0.577218 0.696907 0.805993 0.902743 0.985614 1.05328 1.10467 1.13894 1.15554 1.15418 1.13488 1.09791 1.04384 0.973495 0.887974 0.788601 0.676921 0.554674 0.423767 0.286243 0.144248 0 
0 0.127565 0.253143 0.374777 0.490573 0.598729 0.697563 0.785541 0.861297 0.92366 0.97167 1.00459 1.02193 1.02343 1.00909 0.979152 0.934116 0.874709 0.801885 0.716811 0.620847 0.515522 0.402514 0.283619 0.160726 0.035788 -0.0892129 -0.212294 -0.331502 -0.444949 -0.550835 -0.647484 -0.733364 -0.807114 -0.867567 -0.913764 -0.944975 -0.960705 -0.960705 -0.944975 -0.913764 -0.867567 -0.807114 -0.733364 -0.647484 -0.550835 -0.444949 -0.331502 -0.212294 -0.0892129 0.035788 0.160726 0.283619 0.402514 0.515522 0.620847 0.716811 0.801885 0.874709 0.934116 0.979152 1.00909 1.02343 1.02193 1.00459 0.97167 0.92366 0.861297 0.785541 0.697563 0.598729 0.490573 0.374777 0.253143 0.127565 0 
0 0.112875 0.223997 0.33164 0.434132 0.529884 0.617411 0.69536 0.762526 0.817876 0.860562 0.889935 0.905555 0.907202 0.89487 0.868778 0.829359 0.777255 0.713309 0.638549 0.554173 0.461531 0.362099 0.257464 0.149291 0.0393009 -0.0707585 -0.179138 -0.284117 -0.38403 -0.477289 -0.562417 -0.638062 -0.703025 -0.756276 -0.796972 -0.824465 -0.838322 -0.838322 -0.824465 -0.796972 -0.756276 -0.703025 -0.638062 -0.562417 -0.477289 -0.38403 -0.284117 -0.179138 -0.0707585 0.0393009 0.149291 0.257464 0.362099 0.461531 0.554173 0.638549 0.713309 0.777255 0.829359 0.868778 0.89487 0.907202 0.905555 0.889935 0.860562 0.817876 0.762526 0.69536 0.617411 0.529884 0.434132 0.33164 0.223997 0.112875 0 
0 0.0999437 0.19834 0.293667 0.38445 0.469285 0.546863 0.61599 0.675603 0.72479 0.762801 0.789065 0.803194 0.80499 0.79445 0.771766 0.737318 0.691674 0.635575 0.569927 0.495788 0.414345 0.326903 0.234858 0.139679 0.0428828 -0.0539882 -0.149393 -0.241813 -0.329781 -0.411896 -0.486856 -0.55347 -0.610679 -0.657576 -0.693415 -0.717629 -0.729833 -0.729833 -0.717629 -0.693415 -0.657576 -0.610679 -0.55347 -0.486856 -0.411896 -0.329781 -0.241813 -0.149393 -0.0539882 0.0428828 0.139679 0.234858 0.326903 0.414345 0.495788 0.569927 0.635575 0.691674 0.737318 0.771766 0.79445 0.80499 0.803194 0.789065 0.762801 0.72479 0.675603 0.61599 0.546863 0.469285 0.38445 0.293667 0.19834 0.0999437 0 
0 0.0885632 0.175761 0.260251 0.34073 0.415961 0.484789 0.546159 0.599134 0.642907 0.676819 0.700363 0.713197 0.715146 0.706208 0.686548 0.656505 0.616575 0.567414 0.50982 0.444725 0.373175 0.29632 0.215393 0.131687 0.0465399 -0.0386885 -0.122639 -0.203975 -0.281399 -0.353679 -0.419665 -0.478307 -0.528673 -0.569961 -0.601516 -0.622835 -0.63358 -0.63358 -0.622835 -0.601516 -0.569961 -0.528673 -0.478307 -0.419665 -0.353679 -0.281399 -0.203975 -0.122639 -0.0386885 0.0465399 0.131687 0.215393 0.29632 0.373175 0.444725 0.50982 0.567414 0.616575 0.656505 0.686548 0.706208 0.715146 0.713197 0.700363 0.676819 0.642907 0.599134 0.546159 0.484789 0.415961 0.34073 0.260251 0.175761 0.0885632 0 
0 0.0785514 0.155898 0.230854 0.302272 0.369058 0.430193 0.484746 0.53189 0.570913 0.601231 0.622399 0.634114 0.63622 0.628714 0.611743 0.585602 0.550732 0.507709 0.457235 0.400132 0.337323 0.269822 0.198713 0.125139 0.0502787 -0.02467 -0.0985086 -0.170057 -0.238174 -0.301772 -0.359837 -0.411443 -0.455768 -0.492106 -0.519879 -0.538643 -0.5481 -0.5481 -0.538643 -0.519879 -0.492106 -0.455768 -0.411443 -0.359837 -0.301772 -0.238174 -0.170057 -0.0985086 -0.02467 0.0502787 0.125139 0.198713 0.269822 0.337323 0.400132 0.457235 0.507709 0.550732 0.585602 0.611743 0.628714 0.63622 0.634114 0.622399 0.601231 0.570913 0.53189 0.484746 0.430193 0.369058 0.302272 0.230854 0.155898 0.0785514 0 
0 0.0697475 0.138432 0.205006 0.268457 0.327821 0.382196 0.430762 0.472787 0.507645 0.534819 0.553914 0.564664 0.56693 0.560709 0.54613 0.523453 0.493064 0.455472 0.411296 0.36126 0.306177 0.24694 0.184506 0.119882 0.0541058 -0.0117649 -0.076674 -0.139582 -0.199481 -0.255413 -0.306484 -0.351879 -0.390872 -0.42284 -0.447274 -0.463783 -0.472103 -0.472103 -0.463783 -0.447274 -0.42284 -0.390872 -0.351879 -0.306484 -0.255413 -0.199481 -0.139582 -0.076674 -0.0117649 0.0541058 0.119882 0.184506 0.24694 0.306177 0.36126 0.411296 0.455472 0.493064 0.523453 0.54613 0.560709 0.56693 0.564664 0.553914 0.534819 0.507645 0.472787 0.430762 0.382196 0.327821 0.268457 0.205006 0.138432 0.0697475 0 
0 0.0620097 0.123081 0.18229 0.238741 0.291584 0.340024 0.383335 0.420872 0.452081 0.476505 0.493797 0.503719 0.50615 0.501085 0.488637 0.469035 0.442619 0.409837 0.371234 0.327447 0.279195 0.227263 0.172495 0.115778 0.0580278 0.000175946 -0.0568464 -0.112122 -0.164764 -0.213928 -0.258824 -0.298734 -0.333019 -0.361129 -0.382615 -0.397132 -0.40445 -0.40445 -0.397132 -0.382615 -0.361129 -0.333019 -0.298734 -0.258824 -0.213928 -0.164764 -0.112122 -0.0568464 0.000175946 0.0580278 0.115778 0.172495 0.227263 0.279195 0.327447 0.371234 0.409837 0.442619 0.469035 0.488637 0.501085 0.50615 0.503719 0.493797 0.476505 0.452081 0.420872 0.383335 0.340024 0.291584 0.238741 0.18229 0.123081 0.0620097 0 
0 0.055213 0.109597 0.162337 0.212643 0.259762 0.302994 0.341697 0.375302 0.403318 0.425344 0.44107 0.450286 0.452885 0.448862 0.438316 0.421448 0.398557 0.370037 0.336368 0.298112 0.255902 0.210429 0.162438 0.11271 0.0620516 0.0112848 -0.0387699 -0.0873045 -0.133537 -0.176721 -0.216164 -0.25123 -0.281357 -0.306059 -0.324942 -0.337701 -0.344133 -0.344133 -0.337701 -0.324942 -0.306059 -0.281357 -0.25123 -0.216164 -0.176721 -0.133537 -0.0873045 -0.0387699 0.0112848 0.0620516 0.11271 0.162438 0.210429 0.255902 0.298112 0.336368 0.370037 0.398557 0.421448 0.438316 0.448862 0.452885 0.450286 0.44107 0.425344 0.403318 0.375302 0.341697 0.302994 0.259762 0.212643 0.162337 0.109597 0.055213 0 
0 0.0492471 0.0977624 0.144826 0.189739 0.231839 0.270505 0.305172 0.335335 0.360562 0.380498 0.394868 0.403487 0.40626 0.40318 0.394334 0.379899 0.360139 0.335398 0.306102 0.272743 0.235879 0.196121 0.154122 0.110573 0.0661843 0.0216796 -0.0222178 -0.0647956 -0.105364 -0.143267 -0.177892 -0.208679 -0.235133 -0.256826 -0.273409 -0.284615 -0.290264 -0.290264 -0.284615 -0.273409 -0.256826 -0.235133 -0.208679 -0.177892 -0.143267 -0.105364 -0.0647956 -0.0222178 0.0216796 0.0661843 0.110573 0.154122 0.196121 0.235879 0.272743 0.306102 0.335398 0.360139 0.379899 0.394334 0.40318 0.40626 0.403487 0.394868 0.380498 0.360562 0.335335 0.305172 0.270505 0.231839 0.189739 0.144826 0.0977624 0.0492471 0 
0 0.0440149 0.0873835 0.129469 0.169656 0.207358 0.242026 0.273161 0.300317 0.323112 0.341231 0.354433 0.362551 0.365501 0.363278 0.355956 0.343691 0.326713 0.305328 0.279908 0.250888 0.218758 0.184057 0.147361 0.109278 0.0704332 0.031465 -0.00698914 -0.0443016 -0.0798646 -0.1131 -0.143467 -0.170474 -0.193682 -0.212716 -0.227268 -0.237102 -0.242059 -0.242059 -0.237102 -0.227268 -0.212716 -0.193682 -0.170474 -0.143467 -0.1131 -0.0798646 -0.0443016 -0.00698914 0.031465 0.0704332 0.109278 0.147361 0.184057 0.218758 0.250888 0.279908 0.305328 0.326713 0.343691 0.355956 0.363278 0.365501 0.362551 0.354433 0.341231 0.323112 0.300317 0.273161 0.242026 0.207358 0.169656 0.129469 0.0873835 0.0440149 0 
0 0.0394309 0.0782906 0.116017 0.152065 0.185918 0.217089 0.245139 0.269672 0.29035 0.306896 0.319093 0.326797 0.32993 0.328488 0.322534 0.312206 0.297706 0.279303 0.257323 0.23215 0.204216 0.173994 0.141992 0.108745 0.0748056 0.0407349 0.00709459 -0.0255621 -0.0566995 -0.085808 -0.112412 -0.136077 -0.156417 -0.173101 -0.185858 -0.194479 -0.198825 -0.198825 -0.194479 -0.185858 -0.173101 -0.156417 -0.136077 -0.112412 -0.085808 -0.0566995 -0.0255621 0.00709459 0.0407349 0.0748056 0.108745 0.141992 0.173994 0.204216 0.23215 0.257323 0.279303 0.297706 0.312206 0.322534 0.328488 0.32993 0.326797 0.319093 0.306896 0.29035 0.269672 0.245139 0.217089 0.185918 0.152065 0.116017 0.0782906 0.0394309 0 
0 0.0354194 0.070334 0.104247 0.136676 0.167165 0.195284 0.220642 0.242891 0.261733 0.276919 0.28826 0.295625 0.298947 0.298219 0.293499 0.284904 0.272614 0.256863 0.237939 0.216181 0.191967 0.165714 0.137871 0.108907 0.0793094 0.0495727 0.0201918 -0.0083461 -0.0355691 -0.0610281 -0.0843038 -0.105014 -0.122818 -0.137424 -0.148594 -0.156143 -0.159949 -0.159949 -0.156143 -0.148594 -0.137424 -0.122818 -0.105014 -0.0843038 -0.0610281 -0.0355691 -0.0083461 0.0201918 0.0495727 0.0793094 0.108907 0.137871 0.165714 0.191967 0.216181 0.237939 0.256863 0.272614 0.284904 0.293499 0.298219 0.298947 0.295625 0.28826 0.276919 0.261733 0.242891 0.220642 0.195284 0.167165 0.136676 0.104247 0.070334 0.0354194 0 
0 0.0319142 0.0633819 0.0939638 0.123234 0.150787 0.176245 0.199262 0.219528 0.23678 0.250797 0.261412 0.268508 0.272024 0.271954 0.268348 0.261308 0.25099 0.237603 0.221398 0.202673 0.181761 0.159029 0.134872 0.109704 0.0839523 0.0580536 0.0324435 0.00755117 -0.0162077 -0.0384374 -0.0587687 -0.0768646 -0.0924254 -0.105194 -0.114959 -0.12156 -0.124888 -0.124888 -0.12156 -0.114959 -0.105194 -0.0924254 -0.0768646 -0.0587687 -0.0384374 -0.0162077 0.00755117 0.0324435 0.0580536 0.0839523 0.109704 0.134872 0.159029 0.181761 0.202673 0.221398 0.237603 0.25099 0.261308 0.268348 0.271954 0.272024 0.268508 0.261412 0.250797 0.23678 0.219528 0.199262 0.176245 0.150787 0.123234 0.0939638 0.0633819 0.0319142 0 
0 0.0288564 0.0573179 0.0849957 0.111513 0.136511 0.159655 0.180638 0.199188 0.215069 0.228086 0.238091 0.24498 0.248697 0.249236 0.246639 0.240996 0.232445 0.221167 0.207384 0.191357 0.173379 0.153774 0.132887 0.111085 0.0887425 0.0662448 0.0439752 0.0223116 0.0016202 -0.0177506 -0.0354754 -0.0512575 -0.0648329 -0.075975 -0.084498 -0.0902601 -0.0931654 -0.0931654 -0.0902601 -0.084498 -0.075975 -0.0648329 -0.0512575 -0.0354754 -0.0177506 0.0016202 0.0223116 0.0439752 0.0662448 0.0887425 0.111085 0.132887 0.153774 0.173379 0.191357 0.207384 0.221167 0.232445 0.240996 0.246639 0.249236 0.248697 0.24498 0.238091 0.228086 0.215069 0.199188 0.180638 0.159655 0.136511 0.111513 0.0849957 0.0573179 0.0288564 0 
0 0.0261947 0.0520398 0.077191 0.101315 0.124094 0.145231 0.164455 0.181524 0.196228 0.208397 0.217895 0.224631 0.228555 0.22966 0.227983 0.223601 0.216635 0.207243 0.195621 0.181997 0.166629 0.149802 0.131821 0.113006 0.0936885 0.0742069 0.0548988 0.0360969 0.0181236 0.00128564 -0.0141305 -0.0278633 -0.0396805 -0.0493824 -0.0568055 -0.0618247 -0.0643556 -0.0643556 -0.0618247 -0.0568055 -0.0493824 -0.0396805 -0.0278633 -0.0141305 0.00128564 0.0181236 0.0360969 0.0548988 0.0742069 0.0936885 0.113006 0.131821 0.149802 0.166629 0.181997 0.195621 0.207243 0.216635 0.223601 0.227983 0.22966 0.228555 0.224631 0.217895 0.208397 0.196228 0.181524 0.164455 0.145231 0.124094 0.101315 0.077191 0.0520398 0.0261947 0 
0 0.0238834 0.0474572 0.0704163 0.0924653 0.113323 0.132726 0.150433 0.16623 0.179931 0.191383 0.200468 0.207102 0.21124 0.212875 0.212038 0.208797 0.203256 0.195554 0.185863 0.174384 0.161342 0.146988 0.13159 0.11543 0.0987988 0.0819947 0.0653145 0.0490511 0.0334882 0.0188959 0.00552632 -0.00639026 -0.0166493 -0.0250751 -0.0315235 -0.0358846 -0.0380839 -0.0380839 -0.0358846 -0.0315235 -0.0250751 -0.0166493 -0.00639026 0.00552632 0.0188959 0.0334882 0.0490511 0.0653145 0.0819947 0.0987988 0.11543 0.13159 0.146988 0.161342 0.174384 0.185863 0.195554 0.203256 0.208797 0.212038 0.212875 0.21124 0.207102 0.200468 0.191383 0.179931 0.16623 0.150433 0.132726 0.113323 0.0924653 0.0704163 0.0474572 0.0238834 0 
0 0.0218827 0.0434908 0.064554 0.0848103 0.10401 0.12192 0.138325 0.153037 0.165888 0.176744 0.185498 0.192075 0.196434 0.198568 0.198503 0.196298 0.192043 0.18586 0.177899 0.168337 0.157371 0.145221 0.132123 0.118325 0.104083 0.0896578 0.0753119 0.0613024 0.0478792 0.0352797 0.0237259 0.0134204 0.00454331 -0.00275075 -0.00833496 -0.0121124 -0.0140176 -0.0140176 -0.0121124 -0.00833496 -0.00275075 0.00454331 0.0134204 0.0237259 0.0352797 0.0478792 0.0613024 0.0753119 0.0896578 0.104083 0.118325 0.132123 0.145221 0.157371 0.168337 0.177899 0.18586 0.192043 0.196298 0.198503 0.198568 0.196434 0.192075 0.185498 0.176744 0.165888 0.153037 0.138325 0.12192 0.10401 0.0848103 0.064554 0.0434908 0.0218827 0 
0 0.0201572 0.0400708 0.0595007 0.0782146 0.0959906 0.112621 0.127917 0.141708 0.153847 0.164212 0.172709 0.179271 0.183859 0.186467 0.187114 0.185853 0.182763 0.177948 0.171541 0.163696 0.154586 0.144405 0.133358 0.121664 0.109549 0.0972413 0.0849714 0.0729657 0.0614437 0.0506145 0.0406734 0.0317984 0.0241482 0.0178587 0.0130416 0.00978209 0.00813782 0.00813782 0.00978209 0.0130416 0.0178587 0.0241482 0.0317984 0.0406734 0.0506145 0.0614437 0.0729657 0.0849714 0.0972413 0.109549 0.121664 0.133358 0.144405 0.154586 0.163696 0.171541 0.177948 0.182763 0.185853 0.187114 0.186467 0.183859 0.179271 0.172709 0.164212 0.153847 0.141708 0.127917 0.112621 0.0959906 0.0782146 0.0595007 0.0400708 0.0201572 0 
0 0.018676 0.0371355 0.0551654 0.072559 0.0891193 0.104662 0.119017 0.132035 0.143583 0.153554 0.161861 0.168445 0.17327 0.176329 0.177639 0.177243 0.17521 0.171633 0.166625 0.160322 0.152875 0.144455 0.135242 0.125426 0.115208 0.104787 0.0943656 0.0841434 0.0743131 0.0650586 0.0565513 0.0489481 0.0423882 0.0369915 0.0328559 0.0300566 0.0286441 0.0286441 0.0300566 0.0328559 0.0369915 0.0423882 0.0489481 0.0565513 0.0650586 0.0743131 0.0841434 0.0943656 0.104787 0.115208 0.125426 0.135242 0.144455 0.152875 0.160322 0.166625 0.171633 0.17521 0.177243 0.177639 0.176329 0.17327 0.168445 0.161861 0.153554 0.143583 0.132035 0.119017 0.104662 0.0891193 0.072559 0.0551654 0.0371355 0.018676 0 
0 0.0174118 0.034631 0.051468 0.067739 0.0832684 0.097892 0.111459 0.123835 0.134902 0.144563 0.152741 0.159381 0.164452 0.167945 0.169873 0.170274 0.169207 0.166751 0.163007 0.158093 0.152141 0.1453 0.137728 0.129593 0.121068 0.112332 0.10356 0.0949277 0.0866049 0.0787528 0.0715223 0.065051 0.0594616 0.0548592 0.05133 0.04894 0.0477338 0.0477338 0.04894 0.05133 0.0548592 0.0594616 0.065051 0.0715223 0.0787528 0.0866049 0.0949277 0.10356 0.112332 0.121068 0.129593 0.137728 0.1453 0.152141 0.158093 0.163007 0.166751 0.169207 0.170274 0.169873 0.167945 0.164452 0.159381 0.152741 0.144563 0.134902 0.123835 0.111459 0.097892 0.0832684 0.067739 0.051468 0.034631 0.0174118 0 
0 0.0163406 0.0325096 0.0483381 0.0636623 0.0783255 0.0921814 0.105095 0.116946 0.12763 0.137058 0.145162 0.151892 0.157217 0.161129 0.163638 0.164777 0.164594 0.163161 0.160563 0.156903 0.152298 0.146877 0.140778 0.134149 0.127142 0.119911 0.112613 0.105401 0.0984241 0.0918233 0.0857314 0.0802693 0.0755448 0.0716502 0.0686612 0.0666359 0.0656134 0.0656134 0.0666359 0.0686612 0.0716502 0.0755448 0.0802693 0.0857314 0.0918233 0.0984241 0.105401 0.112613 0.119911 0.127142 0.134149 0.140778 0.146877 0.152298 0.156903 0.160563 0.163161 0.164594 0.164777 0.163638 0.161129 0.157217 0.151892 0.145162 0.137058 0.12763 0.116946 0.105095 0.0921814 0.0783255 0.0636623 0.0483381 0.0325096 0.0163406 0 
0 0.0154413 0.0307296 0.0457139 0.060248 0.0741921 0.0874151 0.0997967 0.111229 0.121617 0.130882 0.138961 0.145809 0.151398 0.155718 0.158778 0.160603 0.161236 0.160738 0.159183 0.156661 0.153274 0.149133 0.14436 0.139084 0.133438 0.127558 0.12158 0.115639 0.109865 0.104383 0.0993083 0.0947476 0.0907953 0.0875325 0.0850257 0.0833258 0.0824672 0.0824672 0.0833258 0.0850257 0.0875325 0.0907953 0.0947476 0.0993083 0.104383 0.109865 0.115639 0.12158 0.127558 0.133438 0.139084 0.14436 0.149133 0.153274 0.156661 0.159183 0.160738 0.161236 0.160603 0.158778 0.155718 0.151398 0.145809 0.138961 0.130882 0.121617 0.111229 0.0997967 0.0874151 0.0741921 0.060248 0.0457139 0.0307296 0.0154413 0 
0 0.0146956 0.0292542 0.0435411 0.0574252 0.0707815 0.0834925 0.0954501 0.106557 0.116729 0.125893 0.133994 0.140989 0.146851 0.151571 0.155155 0.157623 0.159012 0.159374 0.158773 0.157287 0.155003 0.152021 0.148446 0.144389 0.139969 0.135302 0.13051 0.125709 0.121014 0.116533 0.112369 0.108615 0.105354 0.102656 0.100581 0.0991716 0.0984596 0.0984596 0.0991716 0.100581 0.102656 0.105354 0.108615 0.112369 0.116533 0.121014 0.125709 0.13051 0.135302 0.139969 0.144389 0.148446 0.152021 0.155003 0.157287 0.158773 0.159374 0.159012 0.157623 0.155155 0.151571 0.146851 0.140989 0.133994 0.125893 0.116729 0.106557 0.0954501 0.0834925 0.0707815 0.0574252 0.0435411 0.0292542 0.0146956 0 
0 0.014087 0.0280513 0.041772 0.0551315 0.0680177 0.0803249 0.0919561 0.102823 0.11285 0.121972 0.130136 0.137303 0.14345 0.148564 0.15265 0.155724 0.157818 0.158975 0.15925 0.158711 0.157434 0.155504 0.153013 0.15006 0.146745 0.143173 0.139447 0.135672 0.131946 0.128365 0.125019 0.121989 0.119347 0.117156 0.115466 0.114318 0.113737 0.113737 0.114318 0.115466 0.117156 0.119347 0.121989 0.125019 0.128365 0.131946 0.135672 0.139447 0.143173 0.146745 0.15006 0.153013 0.155504 0.157434 0.158711 0.15925 0.158975 0.157818 0.155724 0.15265 0.148564 0.14345 0.137303 0.130136 0.121972 0.11285 0.102823 0.0919561 0.0803249 0.0680177 0.0551315 0.041772 0.0280513 0.014087 0 
0 0.0136015 0.0270926 0.0403648 0.0533123 0.0658341 0.0778352 0.0892277 0.0999323 0.109879 0.11901 0.127276 0.134641 0.141082 0.146588 0.151158 0.154808 0.157563 0.159459 0.160543 0.160874 0.160518 0.159548 0.158044 0.156091 0.153778 0.151196 0.148434 0.145584 0.142732 0.139962 0.137351 0.134972 0.132887 0.131151 0.129809 0.128895 0.128432 0.128432 0.128895 0.129809 0.131151 0.132887 0.134972 0.137351 0.139962 0.142732 0.145584 0.148434 0.151196 0.153778 0.156091 0.158044 0.159548 0.160518 0.160874 0.160543 0.159459 0.157563 0.154808 0.151158 0.146588 0.141082 0.134641 0.127276 0.11901 0.109879 0.0999323 0.0892277 0.0778352 0.0658341 0.0533123 0.0403648 0.0270926 0.0136015 0 
0 0.0132264 0.0263535 0.039283 0.0519199 0.0641726 0.0759554 0.0871886 0.0978004 0.107727 0.116915 0.125319 0.132906 0.139653 0.145548 0.15059 0.15479 0.158168 0.160755 0.162592 0.163727 0.164217 0.164127 0.163524 0.162484 0.161082 0.159398 0.15751 0.155497 0.153435 0.151397 0.149451 0.147659 0.146076 0.144751 0.143722 0.143018 0.142662 0.142662 0.143018 0.143722 0.144751 0.146076 0.147659 0.149451 0.151397 0.153435 0.155497 0.15751 0.159398 0.161082 0.162484 0.163524 0.164127 0.164217 0.163727 0.162592 0.160755 0.158168 0.15479 0.15059 0.145548 0.139653 0.132906 0.125319 0.116915 0.107727 0.0978004 0.0871886 0.0759554 0.0641726 0.0519199 0.039283 0.0263535 0.0132264 0 
0 0.0129511 0.0258122 0.0384947 0.0509123 0.0629822 0.0746264 0.0857725 0.096355 0.106316 0.115605 0.124181 0.132012 0.139077 0.145362 0.150866 0.155595 0.159566 0.162804 0.165343 0.167225 0.168498 0.169218 0.169443 0.169238 0.168668 0.167803 0.16671 0.165459 0.164114 0.16274 0.161396 0.160135 0.159007 0.158053 0.157306 0.156794 0.156533 0.156533 0.156794 0.157306 0.158053 0.159007 0.160135 0.161396 0.16274 0.164114 0.165459 0.16671 0.167803 0.168668 0.169238 0.169443 0.169218 0.168498 0.167225 0.165343 0.162804 0.159566 0.155595 0.150866 0.145362 0.139077 0.132012 0.124181 0.115605 0.106316 0.096355 0.0857725 0.0746264 0.0629822 0.0509123 0.0384947 0.0258122 0.0129511 0 
0 0.0127659 0.0254501 0.037972 0.0502532 0.0622184 0.0737965 0.0849214 0.0955329 0.105577 0.115009 0.123789 0.131887 0.139282 0.14596 0.151918 0.157159 0.161697 0.165552 0.168752 0.171333 0.173334 0.174804 0.175793 0.176356 0.17655 0.176435 0.176069 0.175513 0.174822 0.174052 0.173255 0.172478 0.171763 0.171145 0.170656 0.170316 0.170143 0.170143 0.170316 0.170656 0.171145 0.171763 0.172478 0.173255 0.174052 0.174822 0.175513 0.176069 0.176435 0.17655 0.176356 0.175793 0.174804 0.173334 0.171333 0.168752 0.165552 0.161697 0.157159 0.151918 0.14596 0.139282 0.131887 0.123789 0.115009 0.105577 0.0955329 0.0849214 0.0737965 0.0622184 0.0502532 0.037972 0.0254501 0.0127659 0 
0 0.0126625 0.0252505 0.0376905 0.0499108 0.0618426 0.0734208 0.0845847 0.0952788 0.105454 0.115066 0.12408 0.132467 0.140204 0.14728 0.153688 0.159429 0.164513 0.168957 0.172783 0.17602 0.178703 0.180872 0.18257 0.183843 0.184742 0.185317 0.18562 0.1857 0.185608 0.185391 0.185094 0.184758 0.184419 0.184109 0.183854 0.183672 0.183578 0.183578 0.183672 0.183854 0.184109 0.184419 0.184758 0.185094 0.185391 0.185608 0.1857 0.18562 0.185317 0.184742 0.183843 0.18257 0.180872 0.178703 0.17602 0.172783 0.168957 0.164513 0.159429 0.153688 0.14728 0.140204 0.132467 0.12408 0.115066 0.105454 0.0952788 0.0845847 0.0734208 0.0618426 0.0499108 0.0376905 0.0252505 0.0126625 0 
0 0.0126338 0.0251993 0.0376291 0.0498575 0.0618212 0.0734603 0.0847187 0.0955452 0.105893 0.115723 0.125 0.133696 0.141791 0.14927 0.156125 0.162357 0.167971 0.17298 0.177403 0.181262 0.184587 0.187411 0.18977 0.191706 0.193259 0.194473 0.195391 0.196059 0.196518 0.196809 0.196972 0.19704 0.197047 0.197018 0.196976 0.196939 0.196917 0.196917 0.196939 0.196976 0.197018 0.197047 0.19704 0.196972 0.196809 0.196518 0.196059 0.195391 0.194473 0.193259 0.191706 0.18977 0.187411 0.184587 0.181262 0.177403 0.17298 0.167971 0.162357 0.156125 0.14927 0.141791 0.133696 0.125 0.115723 0.105893 0.0955452 0.0847187 0.0734603 0.0618212 0.0498575 0.0376291 0.0251993 0.0126338 0 
0 0.0126734 0.025284 0.0377695 0.0500694 0.0621251 0.0738812 0.0852857 0.0962906 0.106853 0.116934 0.126501 0.135528 0.143994 0.151883 0.159187 0.165904 0.172035 0.177592 0.182586 0.187039 0.190972 0.194414 0.197396 0.199951 0.202114 0.203923 0.205415 0.206626 0.207595 0.208356 0.208942 0.209384 0.209708 0.209938 0.210094 0.210189 0.210234 0.210234 0.210189 0.210094 0.209938 0.209708 0.209384 0.208942 0.208356 0.207595 0.206626 0.205415 0.203923 0.202114 0.199951 0.197396 0.194414 0.190972 0.187039 0.182586 0.177592 0.172035 0.165904 0.159187 0.151883 0.143994 0.135528 0.126501 0.116934 0.106853 0.0962906 0.0852857 0.0738812 0.0621251 0.0500694 0.0377695 0.025284 0.0126734 0 
0 0.0127761 0.025494 0.038096 0.0505259 0.0627293 0.0746545 0.086253 0.0974797 0.108294 0.118659 0.128545 0.137923 0.146775 0.155083 0.162838 0.170036 0.176676 0.182765 0.188313 0.193335 0.197849 0.201879 0.205449 0.208587 0.211324 0.21369 0.215717 0.217437 0.21888 0.220078 0.221057 0.221844 0.222463 0.222933 0.22327 0.223488 0.223595 0.223595 0.223488 0.22327 0.222933 0.222463 0.221844 0.221057 0.220078 0.21888 0.217437 0.215717 0.21369 0.211324 0.208587 0.205449 0.201879 0.197849 0.193335 0.188313 0.182765 0.176676 0.170036 0.162838 0.155083 0.146775 0.137923 0.128545 0.118659 0.108294 0.0974797 0.086253 0.0746545 0.0627293 0.0505259 0.038096 0.025494 0.0127761 0 
0 0.0129372 0.0258201 0.0385949 0.0512092 0.0636121 0.0757552 0.0875927 0.0990821 0.110185 0.120866 0.131095 0.140847 0.150099 0.158837 0.167048 0.174726 0.181869 0.18848 0.194567 0.200139 0.205212 0.209803 0.213934 0.217626 0.220905 0.223796 0.226327 0.228523 0.230411 0.232016 0.233363 0.234473 0.235366 0.236059 0.236566 0.236898 0.237062 0.237062 0.236898 0.236566 0.236059 0.235366 0.234473 0.233363 0.232016 0.230411 0.228523 0.226327 0.223796 0.220905 0.217626 0.213934 0.209803 0.205212 0.200139 0.194567 0.18848 0.181869 0.174726 0.167048 0.158837 0.150099 0.140847 0.131095 0.120866 0.110185 0.0990821 0.0875927 0.0757552 0.0636121 0.0512092 0.0385949 0.0258201 0.0129372 0 
0 0.0131527 0.0262544 0.0392547 0.0521043 0.0647553 0.077162 0.089281 0.101072 0.112498 0.123525 0.134124 0.144269 0.153939 0.163117 0.171791 0.179951 0.187595 0.194721 0.201335 0.207443 0.213056 0.218189 0.222857 0.227078 0.230874 0.234264 0.237271 0.239917 0.242224 0.244214 0.245906 0.247318 0.248468 0.24937 0.250036 0.250475 0.250693 0.250693 0.250475 0.250036 0.24937 0.248468 0.247318 0.245906 0.244214 0.242224 0.239917 0.237271 0.234264 0.230874 0.227078 0.222857 0.218189 0.213056 0.207443 0.201335 0.194721 0.187595 0.179951 0.171791 0.163117 0.153939 0.144269 0.134124 0.123525 0.112498 0.101072 0.089281 0.077162 0.0647553 0.0521043 0.0392547 0.0262544 0.0131527 0 
0 0.0134192 0.0267902 0.0400655 0.0531983 0.0661433 0.0788569 0.0912979 0.103428 0.11521 0.126613 0.137608 0.148168 0.158273 0.167904 0.177048 0.185695 0.193838 0.201476 0.208609 0.215242 0.221382 0.22704 0.232226 0.236957 0.241247 0.245114 0.248576 0.25165 0.254355 0.256709 0.258727 0.260425 0.261818 0.262918 0.263733 0.264272 0.264541 0.264541 0.264272 0.263733 0.262918 0.261818 0.260425 0.258727 0.256709 0.254355 0.25165 0.248576 0.245114 0.241247 0.236957 0.232226 0.22704 0.221382 0.215242 0.208609 0.201476 0.193838 0.185695 0.177048 0.167904 0.158273 0.148168 0.137608 0.126613 0.11521 0.103428 0.0912979 0.0788569 0.0661433 0.0531983 0.0400655 0.0267902 0.0134192 0 
0 0.0137339 0.027422 0.0410191 0.0544804 0.0677629 0.0808249 0.0936266 0.106131 0.118303 0.130111 0.141526 0.152523 0.16308 0.173178 0.182802 0.191942 0.200588 0.208736 0.216384 0.223535 0.230192 0.236361 0.242053 0.247276 0.252044 0.25637 0.260268 0.263752 0.266838 0.269538 0.271867 0.273838 0.275462 0.276748 0.277705 0.27834 0.278656 0.278656 0.27834 0.277705 0.276748 0.275462 0.273838 0.271867 0.269538 0.266838 0.263752 0.260268 0.25637 0.252044 0.247276 0.242053 0.236361 0.230192 0.223535 0.216384 0.208736 0.200588 0.191942 0.182802 0.173178 0.16308 0.152523 0.141526 0.130111 0.118303 0.106131 0.0936266 0.0808249 0.0677629 0.0544804 0.0410191 0.027422 0.0137339 0 
0 0.0140945 0.0281451 0.0421084 0.0559417 0.0696034 0.0830534 0.0962533 0.109167 0.12176 0.134002 0.145863 0.157319 0.168346 0.178926 0.189043 0.198682 0.207836 0.216495 0.224658 0.232322 0.239488 0.246161 0.252347 0.258051 0.263284 0.268054 0.272374 0.276254 0.279705 0.282739 0.285366 0.287598 0.289442 0.290907 0.292 0.292726 0.293088 0.293088 0.292726 0.292 0.290907 0.289442 0.287598 0.285366 0.282739 0.279705 0.276254 0.272374 0.268054 0.263284 0.258051 0.252347 0.246161 0.239488 0.232322 0.224658 0.216495 0.207836 0.198682 0.189043 0.178926 0.168346 0.157319 0.145863 0.134002 0.12176 0.109167 0.0962533 0.0830534 0.0696034 0.0559417 0.0421084 0.0281451 0.0140945 0 
0 0.0144989 0.0289556 0.043328 0.0575749 0.071656 0.0855324 0.0991667 0.112523 0.125569 0.138273 0.150606 0.162543 0.174061 0.185139 0.19576 0.20591 0.215577 0.224753 0.23343 0.241606 0.249279 0.25645 0.263121 0.269298 0.274985 0.28019 0.28492 0.289183 0.292989 0.296346 0.299261 0.301744 0.303801 0.305439 0.306662 0.307475 0.307881 0.307881 0.307475 0.306662 0.305439 0.303801 0.301744 0.299261 0.296346 0.292989 0.289183 0.28492 0.28019 0.274985 0.269298 0.263121 0.25645 0.249279 0.241606 0.23343 0.224753 0.215577 0.20591 0.19576 0.185139 0.174061 0.162543 0.150606 0.138273 0.125569 0.112523 0.0991667 0.0855324 0.071656 0.0575749 0.043328 0.0289556 0.0144989 0 
0 0.0149457 0.0298504 0.0446732 0.0593741 0.0739136 0.0882538 0.102358 0.116191 0.129721 0.142915 0.155746 0.168188 0.180216 0.191809 0.20295 0.213622 0.223811 0.233509 0.242705 0.251394 0.259572 0.267238 0.274392 0.281034 0.287169 0.2928 0.297932 0.302571 0.306723 0.310393 0.313589 0.316316 0.31858 0.320384 0.321734 0.322632 0.32308 0.32308 0.322632 0.321734 0.320384 0.31858 0.316316 0.313589 0.310393 0.306723 0.302571 0.297932 0.2928 0.287169 0.281034 0.274392 0.267238 0.259572 0.251394 0.242705 0.233509 0.223811 0.213622 0.20295 0.191809 0.180216 0.168188 0.155746 0.142915 0.129721 0.116191 0.102358 0.0882538 0.0739136 0.0593741 0.0446732 0.0298504 0.0149457 0 
0 0.0154337 0.0308272 0.0461407 0.0613347 0.0763708 0.0912114 0.105821 0.120164 0.134207 0.147921 0.161276 0.174246 0.186805 0.198933 0.210609 0.221815 0.232539 0.242766 0.252486 0.261692 0.270378 0.278539 0.286173 0.293279 0.299857 0.305909 0.311438 0.316446 0.320937 0.324916 0.328386 0.331352 0.333817 0.335784 0.337257 0.338238 0.338728 0.338728 0.338238 0.337257 0.335784 0.333817 0.331352 0.328386 0.324916 0.320937 0.316446 0.311438 0.305909 0.299857 0.293279 0.286173 0.278539 0.270378 0.261692 0.252486 0.242766 0.232539 0.221815 0.210609 0.198933 0.186805 0.174246 0.161276 0.147921 0.134207 0.120164 0.105821 0.0912114 0.0763708 0.0613347 0.0461407 0.0308272 0.0154337 0 
0 0.0159619 0.0318842 0.0477276 0.0634534 0.0790236 0.0944009 0.10955 0.124435 0.139025 0.153287 0.167192 0.180714 0.193827 0.206508 0.218736 0.230493 0.241762 0.25253 0.262783 0.272512 0.281709 0.290367 0.298482 0.306051 0.313071 0.319542 0.325463 0.330837 0.335664 0.339947 0.343688 0.346888 0.349551 0.351679 0.353273 0.354334 0.354865 0.354865 0.354334 0.353273 0.351679 0.349551 0.346888 0.343688 0.339947 0.335664 0.330837 0.325463 0.319542 0.313071 0.306051 0.298482 0.290367 0.281709 0.272512 0.262783 0.25253 0.241762 0.230493 0.218736 0.206508 0.193827 0.180714 0.167192 0.153287 0.139025 0.124435 0.10955 0.0944009 0.0790236 0.0634534 0.0477276 0.0318842 0.0159619 0 
0 0.0165296 0.03302 0.0494323 0.0657281 0.0818693 0.0978193 0.113542 0.129003 0.144169 0.159009 0.173493 0.187592 0.201282 0.214537 0.227336 0.239659 0.251488 0.262808 0.273604 0.283864 0.293579 0.302739 0.311339 0.319372 0.326834 0.333724 0.340038 0.345775 0.350936 0.35552 0.359529 0.362962 0.365821 0.368107 0.36982 0.370962 0.371533 0.371533 0.370962 0.36982 0.368107 0.365821 0.362962 0.359529 0.35552 0.350936 0.345775 0.340038 0.333724 0.326834 0.319372 0.311339 0.302739 0.293579 0.283864 0.273604 0.262808 0.251488 0.239659 0.227336 0.214537 0.201282 0.187592 0.173493 0.159009 0.144169 0.129003 0.113542 0.0978193 0.0818693 0.0657281 0.0494323 0.03302 0.0165296 0 
0 0.0171366 0.0342341 0.0512538 0.0681572 0.0849066 0.101465 0.117796 0.133866 0.149641 0.165088 0.180177 0.194881 0.20917 0.223022 0.236412 0.249319 0.261724 0.27361 0.284961 0.295762 0.306003 0.315672 0.324762 0.333263 0.341171 0.348481 0.355188 0.36129 0.366784 0.37167 0.375945 0.37961 0.382664 0.385107 0.386939 0.38816 0.388771 0.388771 0.38816 0.386939 0.385107 0.382664 0.37961 0.375945 0.37167 0.366784 0.36129 0.355188 0.348481 0.341171 0.333263 0.324762 0.315672 0.306003 0.295762 0.284961 0.27361 0.261724 0.249319 0.236412 0.223022 0.20917 0.194881 0.180177 0.165088 0.149641 0.133866 0.117796 0.101465 0.0849066 0.0681572 0.0512538 0.0342341 0.0171366 0 
0 0.0177826 0.0355261 0.0531916 0.0707406 0.0881351 0.105338 0.122313 0.139025 0.155439 0.171524 0.187249 0.202582 0.217498 0.231969 0.245971 0.259482 0.27248 0.284948 0.296866 0.308221 0.318999 0.329186 0.338772 0.347749 0.356107 0.363841 0.370944 0.377412 0.383242 0.388429 0.392972 0.396869 0.400118 0.402718 0.404669 0.40597 0.40662 0.40662 0.40597 0.404669 0.402718 0.400118 0.396869 0.392972 0.388429 0.383242 0.377412 0.370944 0.363841 0.356107 0.347749 0.338772 0.329186 0.318999 0.308221 0.296866 0.284948 0.27248 0.259482 0.245971 0.231969 0.217498 0.202582 0.187249 0.171524 0.155439 0.139025 0.122313 0.105338 0.0881351 0.0707406 0.0531916 0.0355261 0.0177826 0 
0 0.0184677 0.0368961 0.055246 0.0734785 0.0915554 0.109439 0.127093 0.144481 0.161568 0.178322 0.194711 0.210703 0.22627 0.241385 0.256022 0.270157 0.283768 0.296834 0.309337 0.321259 0.332584 0.3433 0.353393 0.362852 0.371668 0.379831 0.387336 0.394174 0.400341 0.405833 0.410646 0.414776 0.418221 0.420979 0.423049 0.424429 0.42512 0.42512 0.424429 0.423049 0.420979 0.418221 0.414776 0.410646 0.405833 0.400341 0.394174 0.387336 0.379831 0.371668 0.362852 0.353393 0.3433 0.332584 0.321259 0.309337 0.296834 0.283768 0.270157 0.256022 0.241385 0.22627 0.210703 0.194711 0.178322 0.161568 0.144481 0.127093 0.109439 0.0915554 0.0734785 0.055246 0.0368961 0.0184677 0 
0 0.0191923 0.0383448 0.0574178 0.0763722 0.095169 0.11377 0.132138 0.150237 0.168031 0.185486 0.202569 0.219249 0.235495 0.251279 0.266575 0.281356 0.2956 0.309284 0.322388 0.334892 0.346781 0.358037 0.368648 0.378599 0.387881 0.396481 0.404393 0.411607 0.418117 0.423917 0.429001 0.433367 0.43701 0.439928 0.442118 0.443579 0.44431 0.44431 0.443579 0.442118 0.439928 0.43701 0.433367 0.429001 0.423917 0.418117 0.411607 0.404393 0.396481 0.387881 0.378599 0.368648 0.358037 0.346781 0.334892 0.322388 0.309284 0.2956 0.281356 0.266575 0.251279 0.235495 0.219249 0.202569 0.185486 0.168031 0.150237 0.132138 0.11377 0.095169 0.0763722 0.0574178 0.0383448 0.0191923 0 
0 0.0199566 0.0398729 0.0597085 0.0794235 0.0989785 0.118335 0.137454 0.156298 0.174833 0.193022 0.210831 0.228228 0.245182 0.261663 0.277642 0.293094 0.307993 0.322315 0.336038 0.349143 0.361609 0.373421 0.384562 0.395017 0.404774 0.413821 0.422147 0.429744 0.436602 0.442715 0.448077 0.452682 0.456526 0.459605 0.461917 0.463459 0.464231 0.464231 0.463459 0.461917 0.459605 0.456526 0.452682 0.448077 0.442715 0.436602 0.429744 0.422147 0.413821 0.404774 0.395017 0.384562 0.373421 0.361609 0.349143 0.336038 0.322315 0.307993 0.293094 0.277642 0.261663 0.245182 0.228228 0.210831 0.193022 0.174833 0.156298 0.137454 0.118335 0.0989785 0.0794235 0.0597085 0.0398729 0.0199566 0 
0 0.0207614 0.0414817 0.0621197 0.0826349 0.102987 0.123136 0.143043 0.162671 0.181981 0.200937 0.219505 0.237651 0.255342 0.272548 0.289238 0.305385 0.320962 0.335944 0.350308 0.364031 0.377093 0.389476 0.401161 0.412133 0.422378 0.431881 0.440632 0.448619 0.455833 0.462265 0.467909 0.472757 0.476805 0.480049 0.482485 0.48411 0.484923 0.484923 0.48411 0.482485 0.480049 0.476805 0.472757 0.467909 0.462265 0.455833 0.448619 0.440632 0.431881 0.422378 0.412133 0.401161 0.389476 0.377093 0.364031 0.350308 0.335944 0.320962 0.305385 0.289238 0.272548 0.255342 0.237651 0.219505 0.200937 0.181981 0.162671 0.143043 0.123136 0.102987 0.0826349 0.0621197 0.0414817 0.0207614 0 
0 0.0216074 0.0431727 0.064654 0.0860096 0.107198 0.12818 0.148913 0.16936 0.189482 0.209241 0.228602 0.247529 0.265988 0.283948 0.301377 0.318246 0.334527 0.350192 0.365218 0.37958 0.393257 0.406228 0.418474 0.429978 0.440723 0.450695 0.459881 0.468268 0.475845 0.482604 0.488536 0.493633 0.49789 0.501302 0.503864 0.505573 0.506429 0.506429 0.505573 0.503864 0.501302 0.49789 0.493633 0.488536 0.482604 0.475845 0.468268 0.459881 0.450695 0.440723 0.429978 0.418474 0.406228 0.393257 0.37958 0.365218 0.350192 0.334527 0.318246 0.301377 0.283948 0.265988 0.247529 0.228602 0.209241 0.189482 0.16936 0.148913 0.12818 0.107198 0.0860096 0.064654 0.0431727 0.0216074 0 
0 0.0224954 0.0449477 0.0673139 0.0895513 0.111618 0.133471 0.15507 0.176375 0.197346 0.217944 0.238132 0.257874 0.277134 0.29588 0.314077 0.331696 0.348706 0.365081 0.380792 0.395815 0.410127 0.423705 0.43653 0.448581 0.459841 0.470295 0.479928 0.488726 0.496677 0.50377 0.509998 0.51535 0.51982 0.523404 0.526095 0.527891 0.52879 0.52879 0.527891 0.526095 0.523404 0.51982 0.51535 0.509998 0.50377 0.496677 0.488726 0.479928 0.470295 0.459841 0.448581 0.43653 0.423705 0.410127 0.395815 0.380792 0.365081 0.348706 0.331696 0.314077 0.29588 0.277134 0.257874 0.238132 0.217944 0.197346 0.176375 0.15507 0.133471 0.111618 0.0895513 0.0673139 0.0449477 0.0224954 0 
0 0.0234266 0.0468089 0.0701027 0.0932642 0.11625 0.139016 0.161522 0.183724 0.205582 0.227057 0.248109 0.268701 0.288796 0.308359 0.327356 0.345754 0.363523 0.380632 0.397054 0.412762 0.427731 0.441937 0.455359 0.467975 0.479767 0.490717 0.50081 0.510031 0.518366 0.525804 0.532334 0.537948 0.542638 0.546398 0.549222 0.551107 0.55205 0.55205 0.551107 0.549222 0.546398 0.542638 0.537948 0.532334 0.525804 0.518366 0.510031 0.50081 0.490717 0.479767 0.467975 0.455359 0.441937 0.427731 0.412762 0.397054 0.380632 0.363523 0.345754 0.327356 0.308359 0.288796 0.268701 0.248109 0.227057 0.205582 0.183724 0.161522 0.139016 0.11625 0.0932642 0.0701027 0.0468089 0.0234266 0 
0 0.0244021 0.0487586 0.073024 0.0971531 0.121101 0.144823 0.168276 0.191417 0.214203 0.236593 0.258547 0.280025 0.30099 0.321404 0.341233 0.360442 0.378999 0.396871 0.414031 0.430448 0.446098 0.460954 0.474993 0.488193 0.500534 0.511997 0.522565 0.532221 0.540952 0.548745 0.555588 0.561471 0.566387 0.570328 0.573288 0.575264 0.576253 0.576253 0.575264 0.573288 0.570328 0.566387 0.561471 0.555588 0.548745 0.540952 0.532221 0.522565 0.511997 0.500534 0.488193 0.474993 0.460954 0.446098 0.430448 0.414031 0.396871 0.378999 0.360442 0.341233 0.321404 0.30099 0.280025 0.258547 0.236593 0.214203 0.191417 0.168276 0.144823 0.121101 0.0971531 0.073024 0.0487586 0.0244021 0 
0 0.0254232 0.0507994 0.0760816 0.101223 0.126178 0.1509 0.175344 0.199465 0.22322 0.246565 0.26946 0.291863 0.313734 0.335036 0.355731 0.375783 0.395158 0.413824 0.431749 0.448903 0.465258 0.480787 0.495466 0.509271 0.52218 0.534173 0.545231 0.555337 0.564477 0.572635 0.579801 0.585962 0.59111 0.595238 0.598339 0.600409 0.601445 0.601445 0.600409 0.598339 0.595238 0.59111 0.585962 0.579801 0.572635 0.564477 0.555337 0.545231 0.534173 0.52218 0.509271 0.495466 0.480787 0.465258 0.448903 0.431749 0.413824 0.395158 0.375783 0.355731 0.335036 0.313734 0.291863 0.26946 0.246565 0.22322 0.199465 0.175344 0.1509 0.126178 0.101223 0.0760816 0.0507994 0.0254232 0 
0 0.0264914 0.0529342 0.0792799 0.10548 0.131488 0.157254 0.182734 0.207879 0.232646 0.256989 0.280865 0.304232 0.327049 0.349275 0.370871 0.391801 0.412028 0.431518 0.450238 0.468157 0.485244 0.501472 0.516814 0.531245 0.544742 0.557283 0.568849 0.579421 0.588983 0.597519 0.605018 0.611466 0.616855 0.621176 0.624422 0.626589 0.627673 0.627673 0.626589 0.624422 0.621176 0.616855 0.611466 0.605018 0.597519 0.588983 0.579421 0.568849 0.557283 0.544742 0.531245 0.516814 0.501472 0.485244 0.468157 0.450238 0.431518 0.412028 0.391801 0.370871 0.349275 0.327049 0.304232 0.280865 0.256989 0.232646 0.207879 0.182734 0.157254 0.131488 0.10548 0.0792799 0.0529342 0.0264914 0 
0 0.0276082 0.0551661 0.0826236 0.109931 0.137038 0.163896 0.190457 0.216673 0.242495 0.26788 0.29278 0.317153 0.340954 0.364143 0.386678 0.408522 0.429635 0.449982 0.469529 0.488242 0.50609 0.523043 0.539073 0.554153 0.56826 0.58137 0.593461 0.604515 0.614514 0.623442 0.631285 0.63803 0.643668 0.648188 0.651584 0.653851 0.654986 0.654986 0.653851 0.651584 0.648188 0.643668 0.63803 0.631285 0.623442 0.614514 0.604515 0.593461 0.58137 0.56826 0.554153 0.539073 0.523043 0.50609 0.488242 0.469529 0.449982 0.429635 0.408522 0.386678 0.364143 0.340954 0.317153 0.29278 0.26788 0.242495 0.216673 0.190457 0.163896 0.137038 0.109931 0.0826236 0.0551661 0.0276082 0 
0 0.0287753 0.0574985 0.0861177 0.114581 0.142838 0.170836 0.198526 0.225859 0.252784 0.279254 0.305223 0.330644 0.355472 0.379664 0.403178 0.425973 0.448009 0.469248 0.489654 0.509193 0.527831 0.545537 0.562281 0.578036 0.592775 0.606474 0.619111 0.630665 0.641117 0.65045 0.65865 0.665703 0.671597 0.676324 0.679876 0.682247 0.683433 0.683433 0.682247 0.679876 0.676324 0.671597 0.665703 0.65865 0.65045 0.641117 0.630665 0.619111 0.606474 0.592775 0.578036 0.562281 0.545537 0.527831 0.509193 0.489654 0.469248 0.448009 0.425973 0.403178 0.379664 0.355472 0.330644 0.305223 0.279254 0.252784 0.225859 0.198526 0.170836 0.142838 0.114581 0.0861177 0.0574985 0.0287753 0 
0 0.0299944 0.0599349 0.0897675 0.119439 0.148895 0.178084 0.206954 0.235451 0.263527 0.291131 0.318214 0.344728 0.370627 0.395865 0.420397 0.444183 0.467179 0.489346 0.510647 0.531045 0.550504 0.568993 0.58648 0.602935 0.618331 0.632642 0.645845 0.657917 0.668839 0.678593 0.687162 0.694534 0.700695 0.705636 0.709349 0.711827 0.713068 0.713068 0.711827 0.709349 0.705636 0.700695 0.694534 0.687162 0.678593 0.668839 0.657917 0.645845 0.632642 0.618331 0.602935 0.58648 0.568993 0.550504 0.531045 0.510647 0.489346 0.467179 0.444183 0.420397 0.395865 0.370627 0.344728 0.318214 0.291131 0.263527 0.235451 0.206954 0.178084 0.148895 0.119439 0.0897675 0.0599349 0.0299944 0 
0 0.0312676 0.0624791 0.0935788 0.124511 0.15522 0.185652 0.215752 0.245467 0.274743 0.303529 0.331774 0.359428 0.386443 0.41277 0.438365 0.463182 0.487178 0.510312 0.532543 0.553835 0.574149 0.593452 0.61171 0.628893 0.644971 0.659918 0.673708 0.686319 0.697729 0.707919 0.716873 0.724575 0.731013 0.736176 0.740056 0.742646 0.743942 0.743942 0.742646 0.740056 0.736176 0.731013 0.724575 0.716873 0.707919 0.697729 0.686319 0.673708 0.659918 0.644971 0.628893 0.61171 0.593452 0.574149 0.553835 0.532543 0.510312 0.487178 0.463182 0.438365 0.41277 0.386443 0.359428 0.331774 0.303529 0.274743 0.245467 0.215752 0.185652 0.15522 0.124511 0.0935788 0.0624791 0.0312676 0 
0 0.0325967 0.0651353 0.0975577 0.129806 0.161823 0.193552 0.224937 0.25592 0.286449 0.316468 0.345925 0.374768 0.402946 0.430409 0.45711 0.483002 0.508039 0.53218 0.55538 0.577602 0.598805 0.618955 0.638016 0.655956 0.672744 0.688351 0.702752 0.715923 0.72784 0.738483 0.747836 0.755881 0.762607 0.768001 0.772054 0.77476 0.776114 0.776114 0.77476 0.772054 0.768001 0.762607 0.755881 0.747836 0.738483 0.72784 0.715923 0.702752 0.688351 0.672744 0.655956 0.638016 0.618955 0.598805 0.577602 0.55538 0.53218 0.508039 0.483002 0.45711 0.430409 0.402946 0.374768 0.345925 0.316468 0.286449 0.25592 0.224937 0.193552 0.161823 0.129806 0.0975577 0.0651353 0.0325967 0 
0 0.033984 0.0679076 0.101711 0.135333 0.168715 0.201797 0.234521 0.266829 0.298664 0.32997 0.360691 0.390773 0.420163 0.44881 0.476664 0.503676 0.529799 0.554987 0.579197 0.602387 0.624516 0.645547 0.665443 0.68417 0.701696 0.717992 0.733028 0.74678 0.759224 0.770338 0.780105 0.788508 0.795532 0.801166 0.805399 0.808225 0.80964 0.80964 0.808225 0.805399 0.801166 0.795532 0.788508 0.780105 0.770338 0.759224 0.74678 0.733028 0.717992 0.701696 0.68417 0.665443 0.645547 0.624516 0.602387 0.579197 0.554987 0.529799 0.503676 0.476664 0.44881 0.420163 0.390773 0.360691 0.32997 0.298664 0.266829 0.234521 0.201797 0.168715 0.135333 0.101711 0.0679076 0.033984 0 
0 0.0354317 0.0708005 0.106044 0.1411 0.175906 0.2104 0.244522 0.278212 0.311409 0.344056 0.376095 0.407469 0.438124 0.468005 0.497061 0.52524 0.552493 0.578774 0.604035 0.628233 0.651326 0.673274 0.69404 0.713587 0.731881 0.748891 0.764588 0.778945 0.791937 0.803542 0.81374 0.822514 0.829848 0.835731 0.840152 0.843103 0.84458 0.84458 0.843103 0.840152 0.835731 0.829848 0.822514 0.81374 0.803542 0.791937 0.778945 0.764588 0.748891 0.731881 0.713587 0.69404 0.673274 0.651326 0.628233 0.604035 0.578774 0.552493 0.52524 0.497061 0.468005 0.438124 0.407469 0.376095 0.344056 0.311409 0.278212 0.244522 0.2104 0.175906 0.1411 0.106044 0.0708005 0.0354317 0 
0 0.0369421 0.073819 0.110565 0.147117 0.183408 0.219376 0.254956 0.290087 0.324705 0.358751 0.392164 0.424886 0.456858 0.488026 0.518334 0.54773 0.576161 0.603579 0.629935 0.655184 0.679281 0.702185 0.723856 0.744256 0.763349 0.781104 0.797489 0.812475 0.826038 0.838153 0.848799 0.857959 0.865617 0.871759 0.876374 0.879456 0.880998 0.880998 0.879456 0.876374 0.871759 0.865617 0.857959 0.848799 0.838153 0.826038 0.812475 0.797489 0.781104 0.763349 0.744256 0.723856 0.702185 0.679281 0.655184 0.629935 0.603579 0.576161 0.54773 0.518334 0.488026 0.456858 0.424886 0.392164 0.358751 0.324705 0.290087 0.254956 0.219376 0.183408 0.147117 0.110565 0.073819 0.0369421 0 
0 0.0385178 0.0769678 0.115282 0.153393 0.191234 0.228739 0.26584 0.302473 0.338574 0.374079 0.408925 0.443051 0.476398 0.508907 0.540521 0.571184 0.600843 0.629447 0.656944 0.683287 0.70843 0.732329 0.754943 0.776231 0.796158 0.814687 0.831788 0.84743 0.861586 0.874232 0.885346 0.894908 0.902901 0.909313 0.914131 0.917348 0.918958 0.918958 0.917348 0.914131 0.909313 0.902901 0.894908 0.885346 0.874232 0.861586 0.84743 0.831788 0.814687 0.796158 0.776231 0.754943 0.732329 0.70843 0.683287 0.656944 0.629447 0.600843 0.571184 0.540521 0.508907 0.476398 0.443051 0.408925 0.374079 0.338574 0.302473 0.26584 0.228739 0.191234 0.153393 0.115282 0.0769678 0.0385178 0 
0 0.0401614 0.0802523 0.120202 0.15994 0.199398 0.238505 0.277192 0.315393 0.353039 0.390065 0.426405 0.461996 0.496776 0.530683 0.563658 0.595643 0.626582 0.65642 0.685107 0.71259 0.738823 0.763759 0.787355 0.809569 0.830363 0.8497 0.867546 0.883871 0.898646 0.911845 0.923444 0.933425 0.941768 0.948461 0.953491 0.956849 0.958529 0.958529 0.956849 0.953491 0.948461 0.941768 0.933425 0.923444 0.911845 0.898646 0.883871 0.867546 0.8497 0.830363 0.809569 0.787355 0.763759 0.738823 0.71259 0.685107 0.65642 0.626582 0.595643 0.563658 0.530683 0.496776 0.461996 0.426405 0.390065 0.353039 0.315393 0.277192 0.238505 0.199398 0.15994 0.120202 0.0802523 0.0401614 0 
0 0.0418757 0.0836778 0.125333 0.166769 0.207912 0.24869 0.289032 0.328867 0.368125 0.406737 0.444635 0.481754 0.518027 0.553392 0.587785 0.621148 0.653421 0.684547 0.714473 0.743145 0.770513 0.79653 0.821149 0.844328 0.866025 0.886204 0.904827 0.921863 0.937282 0.951057 0.963163 0.973579 0.982287 0.989272 0.994522 0.998027 0.999781 0.999781 0.998027 0.994522 0.989272 0.982287 0.973579 0.963163 0.951057 0.937282 0.921863 0.904827 0.886204 0.866025 0.844328 0.821149 0.79653 0.770513 0.743145 0.714473 0.684547 0.653421 0.621148 0.587785 0.553392 0.518027 0.481754 0.444635 0.406737 0.368125 0.328867 0.289032 0.24869 0.207912 0.166769 0.125333 0.0836778 0.0418757 0 
