C h:0.010989
C GRID SIZE:92
C N:90
0 0.413536 0.82264 1.22293 1.61011 1.98004 2.32874 2.65249 2.94781 3.21154 3.44086 3.6333 3.78679 3.89971 3.97084 3.9994 3.98511 3.92811 3.82901 3.68888 3.50921 3.29194 3.03938 2.75425 2.43961 2.09882 1.73553 1.35365 0.957263 0.550614 0.138065 -0.275965 -0.687036 -1.09074 -1.48276 -1.85889 -2.2151 -2.54757 -2.85273 -3.12733 -3.3684 -3.57338 -3.74006 -3.86667 -3.95183 -3.99464 -3.99464 -3.95183 -3.86667 -3.74006 -3.57338 -3.3684 -3.12733 -2.85273 -2.54757 -2.2151 -1.85889 -1.48276 -1.09074 -0.687036 -0.275965 0.138065 0.550614 0.957263 1.35365 1.73553 2.09882 2.43961 2.75425 3.03938 3.29194 3.50921 3.68888 3.82901 3.92811 3.98511 3.9994 3.97084 3.89971 3.78679 3.6333 3.44086 3.21154 2.94781 2.65249 2.32874 1.98004 1.61011 1.22293 0.82264 0.413536 -1.46935e-18 
0 0.372953 0.74191 1.10292 1.45211 1.78574 2.10024 2.39224 2.6586 2.89649 3.10334 3.27694 3.41543 3.51733 3.58155 3.6074 3.5946 3.54329 3.45403 3.32777 3.16586 2.97004 2.74241 2.4854 2.20179 1.8946 1.56712 1.22287 0.865542 0.498959 0.127053 -0.24619 -0.61677 -0.980715 -1.33412 -1.67321 -1.99433 -2.29406 -2.56917 -2.81673 -3.03406 -3.21886 -3.36913 -3.48326 -3.56004 -3.59863 -3.59863 -3.56004 -3.48326 -3.36913 -3.21886 -3.03406 -2.81673 -2.56917 -2.29406 -1.99433 -1.67321 -1.33412 -0.980715 -0.61677 -0.24619 0.127053 0.498959 0.865542 1.22287 1.56712 1.8946 2.20179 2.4854 2.74241 2.97004 3.16586 3.32777 3.45403 3.54329 3.5946 3.6074 3.58155 3.51733 3.41543 3.27694 3.10334 2.89649 2.6586 2.39224 2.10024 1.78574 1.45211 1.10292 0.74191 0.372953 0 
0 0.336373 0.669143 0.994745 1.30969 1.61061 1.89428 2.15766 2.39793 2.61252 2.79912 2.95575 3.08072 3.1727 3.2307 3.25411 3.24267 3.1965 3.11612 3.00237 2.85647 2.68001 2.47486 2.24322 1.98759 1.71069 1.41551 1.1052 0.78309 0.452637 0.117381 -0.219084 -0.553152 -0.88124 -1.19983 -1.50551 -1.79501 -2.06521 -2.31322 -2.53639 -2.73232 -2.89892 -3.03439 -3.13728 -3.20649 -3.24129 -3.24129 -3.20649 -3.13728 -3.03439 -2.89892 -2.73232 -2.53639 -2.31322 -2.06521 -1.79501 -1.50551 -1.19983 -0.88124 -0.553152 -0.219084 0.117381 0.452637 0.78309 1.1052 1.41551 1.71069 1.98759 2.24322 2.47486 2.68001 2.85647 3.00237 3.11612 3.1965 3.24267 3.25411 3.2307 3.1727 3.08072 2.95575 2.79912 2.61252 2.39793 2.15766 1.89428 1.61061 1.30969 0.994745 0.669143 0.336373 0 
0 0.303402 0.603556 0.897247 1.18133 1.45277 1.70865 1.94624 2.16299 2.35658 2.52494 2.66628 2.77907 2.86211 2.91451 2.93572 2.92552 2.884 2.81162 2.70916 2.57772 2.41871 2.23384 2.02508 1.79468 1.54511 1.27905 0.999344 0.708999 0.411126 0.10892 -0.194381 -0.495523 -0.791278 -1.07848 -1.35404 -1.615 -1.85858 -2.08217 -2.28335 -2.45998 -2.61016 -2.73228 -2.82504 -2.88744 -2.9188 -2.9188 -2.88744 -2.82504 -2.73228 -2.61016 -2.45998 -2.28335 -2.08217 -1.85858 -1.615 -1.35404 -1.07848 -0.791278 -0.495523 -0.194381 0.10892 0.411126 0.708999 0.999344 1.27905 1.54511 1.79468 2.02508 2.23384 2.41871 2.57772 2.70916 2.81162 2.884 2.92552 2.93572 2.91451 2.86211 2.77907 2.66628 2.52494 2.35658 2.16299 1.94624 1.70865 1.45277 1.18133 0.897247 0.603556 0.303402 0 
0 0.273686 0.544443 0.809373 1.06564 1.3105 1.54134 1.75569 1.95124 2.12592 2.27784 2.4054 2.50721 2.58221 2.62958 2.64882 2.63973 2.60241 2.53727 2.445 2.32659 2.18333 2.01674 1.82862 1.62098 1.39605 1.15625 0.904149 0.642449 0.373957 0.101554 -0.171839 -0.44329 -0.709889 -0.968776 -1.21717 -1.45242 -1.672 -1.87354 -2.0549 -2.21412 -2.34951 -2.4596 -2.54321 -2.59946 -2.62774 -2.62774 -2.59946 -2.54321 -2.4596 -2.34951 -2.21412 -2.0549 -1.87354 -1.672 -1.45242 -1.21717 -0.968776 -0.709889 -0.44329 -0.171839 0.101554 0.373957 0.642449 0.904149 1.15625 1.39605 1.62098 1.82862 2.01674 2.18333 2.32659 2.445 2.53727 2.60241 2.63973 2.64882 2.62958 2.58221 2.50721 2.4054 2.27784 2.12592 1.95124 1.75569 1.54134 1.3105 1.06564 0.809373 0.544443 0.273686 0 
0 0.246904 0.491168 0.730177 0.961376 1.18229 1.39056 1.58396 1.76041 1.91804 2.05516 2.1703 2.26223 2.32998 2.37282 2.39029 2.38222 2.3487 2.29008 2.20701 2.10037 1.97131 1.82122 1.65171 1.4646 1.2619 1.04578 0.81857 0.582702 0.340707 0.0951806 -0.151243 -0.395919 -0.636225 -0.869583 -1.09349 -1.30554 -1.50347 -1.68515 -1.84863 -1.99215 -2.11419 -2.21343 -2.28881 -2.33951 -2.365 -2.365 -2.33951 -2.28881 -2.21343 -2.11419 -1.99215 -1.84863 -1.68515 -1.50347 -1.30554 -1.09349 -0.869583 -0.636225 -0.395919 -0.151243 0.0951806 0.340707 0.582702 0.81857 1.04578 1.2619 1.4646 1.65171 1.82122 1.97131 2.10037 2.20701 2.29008 2.3487 2.38222 2.39029 2.37282 2.32998 2.26223 2.1703 2.05516 1.91804 1.76041 1.58396 1.39056 1.18229 0.961376 0.730177 0.491168 0.246904 0 
0 0.222768 0.443155 0.658805 0.867412 1.06675 1.25468 1.4292 1.58845 1.73071 1.85449 1.95845 2.04148 2.1027 2.14147 2.15736 2.15022 2.12012 2.0674 1.99263 1.8966 1.78036 1.64515 1.49242 1.32383 1.14118 0.946426 0.741665 0.529093 0.310993 0.0897055 -0.132396 -0.352927 -0.569523 -0.779858 -0.981677 -1.17282 -1.35122 -1.51498 -1.66234 -1.79171 -1.90172 -1.99117 -2.05912 -2.10482 -2.1278 -2.1278 -2.10482 -2.05912 -1.99117 -1.90172 -1.79171 -1.66234 -1.51498 -1.35122 -1.17282 -0.981677 -0.779858 -0.569523 -0.352927 -0.132396 0.0897055 0.310993 0.529093 0.741665 0.946426 1.14118 1.32383 1.49242 1.64515 1.78036 1.8966 1.99263 2.0674 2.12012 2.15022 2.15736 2.14147 2.1027 2.04148 1.95845 1.85449 1.73071 1.58845 1.4292 1.25468 1.06675 0.867412 0.658805 0.443155 0.222768 0 
0 0.201018 0.399889 0.594488 0.782737 0.962625 1.13223 1.28974 1.43348 1.56192 1.67367 1.76756 1.84257 1.89793 1.93303 1.9475 1.94121 1.91421 1.86682 1.79953 1.71308 1.6084 1.48662 1.34904 1.19715 1.03258 0.857096 0.672583 0.481023 0.284474 0.0850452 -0.115122 -0.313878 -0.509091 -0.698665 -0.880566 -1.05284 -1.21364 -1.36125 -1.49407 -1.61068 -1.70983 -1.79046 -1.8517 -1.8929 -1.91361 -1.91361 -1.8929 -1.8517 -1.79046 -1.70983 -1.61068 -1.49407 -1.36125 -1.21364 -1.05284 -0.880566 -0.698665 -0.509091 -0.313878 -0.115122 0.0850452 0.284474 0.481023 0.672583 0.857096 1.03258 1.19715 1.34904 1.48662 1.6084 1.71308 1.79953 1.86682 1.91421 1.94121 1.9475 1.93303 1.89793 1.84257 1.76756 1.67367 1.56192 1.43348 1.28974 1.13223 0.962625 0.782737 0.594488 0.399889 0.201018 0 
0 0.181419 0.360902 0.536533 0.706438 0.868804 1.0219 1.16409 1.29386 1.40983 1.51075 1.59557 1.66337 1.71344 1.74524 1.75845 1.75293 1.72874 1.68616 1.62564 1.54783 1.45359 1.34392 1.22 1.08318 0.934918 0.776811 0.61056 0.437951 0.260838 0.0811244 -0.0992604 -0.278379 -0.454308 -0.625159 -0.789098 -0.944363 -1.08929 -1.22232 -1.34203 -1.44713 -1.5365 -1.60917 -1.66437 -1.7015 -1.72017 -1.72017 -1.7015 -1.66437 -1.60917 -1.5365 -1.44713 -1.34203 -1.22232 -1.08929 -0.944363 -0.789098 -0.625159 -0.454308 -0.278379 -0.0992604 0.0811244 0.260838 0.437951 0.61056 0.776811 0.934918 1.08318 1.22 1.34392 1.45359 1.54783 1.62564 1.68616 1.72874 1.75293 1.75845 1.74524 1.71344 1.66337 1.59557 1.51075 1.40983 1.29386 1.16409 1.0219 0.868804 0.706438 0.536533 0.360902 0.181419 0 
0 0.16376 0.325774 0.484315 0.637692 0.784271 0.922489 1.05088 1.16806 1.2728 1.36398 1.44063 1.50193 1.54725 1.57609 1.58817 1.58335 1.56171 1.52347 1.46905 1.39905 1.31422 1.21548 1.1039 0.980665 0.847115 0.704685 0.554907 0.399391 0.239809 0.0778758 -0.0846676 -0.246075 -0.404613 -0.558578 -0.706317 -0.846242 -0.976852 -1.09674 -1.20463 -1.29935 -1.37989 -1.44539 -1.49514 -1.5286 -1.54543 -1.54543 -1.5286 -1.49514 -1.44539 -1.37989 -1.29935 -1.20463 -1.09674 -0.976852 -0.846242 -0.706317 -0.558578 -0.404613 -0.246075 -0.0846676 0.0778758 0.239809 0.399391 0.554907 0.704685 0.847115 0.980665 1.1039 1.21548 1.31422 1.39905 1.46905 1.52347 1.56171 1.58335 1.58817 1.57609 1.54725 1.50193 1.44063 1.36398 1.2728 1.16806 1.05088 0.922489 0.784271 0.637692 0.484315 0.325774 0.16376 0 
0 0.14785 0.294125 0.437269 0.575756 0.708113 0.832931 0.948882 1.05473 1.14936 1.23176 1.30105 1.35651 1.39755 1.42374 1.43481 1.43064 1.41129 1.37698 1.32808 1.26512 1.18879 1.09992 0.999454 0.888486 0.768209 0.639921 0.505002 0.364904 0.221134 0.0752388 -0.0712128 -0.216646 -0.359499 -0.498235 -0.631363 -0.757454 -0.875152 -0.983193 -1.08042 -1.16578 -1.23836 -1.29739 -1.34222 -1.37238 -1.38754 -1.38754 -1.37238 -1.34222 -1.29739 -1.23836 -1.16578 -1.08042 -0.983193 -0.875152 -0.757454 -0.631363 -0.498235 -0.359499 -0.216646 -0.0712128 0.0752388 0.221134 0.364904 0.505002 0.639921 0.768209 0.888486 0.999454 1.09992 1.18879 1.26512 1.32808 1.37698 1.41129 1.43064 1.43481 1.42374 1.39755 1.35651 1.30105 1.23176 1.14936 1.05473 0.948882 0.832931 0.708113 0.575756 0.437269 0.294125 0.14785 0 
0 0.133517 0.265614 0.394887 0.519961 0.639507 0.752254 0.857006 0.952649 1.03817 1.11266 1.17534 1.22554 1.26274 1.28654 1.2967 1.29313 1.27587 1.24511 1.20119 1.14459 1.07594 0.995962 0.905535 0.805631 0.69733 0.5818 0.460285 0.334095 0.204588 0.0731593 -0.0587777 -0.189803 -0.318508 -0.443509 -0.56346 -0.677073 -0.783125 -0.880479 -0.968085 -1.045 -1.11041 -1.1636 -1.204 -1.23117 -1.24483 -1.24483 -1.23117 -1.204 -1.1636 -1.11041 -1.045 -0.968085 -0.880479 -0.783125 -0.677073 -0.56346 -0.443509 -0.318508 -0.189803 -0.0587777 0.0731593 0.204588 0.334095 0.460285 0.5818 0.69733 0.805631 0.905535 0.995962 1.07594 1.14459 1.20119 1.24511 1.27587 1.29313 1.2967 1.28654 1.26274 1.22554 1.17534 1.11266 1.03817 0.952649 0.857006 0.752254 0.639507 0.519961 0.394887 0.265614 0.133517 0 
0 0.120607 0.239933 0.356712 0.469705 0.577712 0.679588 0.774254 0.860706 0.938029 1.00541 1.06213 1.1076 1.14134 1.163 1.17237 1.16934 1.15396 1.12641 1.087 1.03615 0.974418 0.902478 0.821108 0.731189 0.633693 0.529673 0.420251 0.306608 0.189968 0.0715887 -0.0472558 -0.165285 -0.28123 -0.393841 -0.501907 -0.604265 -0.699815 -0.787528 -0.866462 -0.935767 -0.994698 -1.04262 -1.07902 -1.10351 -1.11582 -1.11582 -1.10351 -1.07902 -1.04262 -0.994698 -0.935767 -0.866462 -0.787528 -0.699815 -0.604265 -0.501907 -0.393841 -0.28123 -0.165285 -0.0472558 0.0715887 0.189968 0.306608 0.420251 0.529673 0.633693 0.731189 0.821108 0.902478 0.974418 1.03615 1.087 1.12641 1.15396 1.16934 1.17237 1.163 1.14134 1.1076 1.06213 1.00541 0.938029 0.860706 0.774254 0.679588 0.577712 0.469705 0.356712 0.239933 0.120607 0 
0 0.108979 0.216803 0.32233 0.424443 0.522059 0.614146 0.69973 0.777907 0.847851 0.908826 0.96019 1.00141 1.03204 1.05179 1.06044 1.05791 1.04425 1.01961 0.984263 0.938602 0.883126 0.81844 0.745246 0.664338 0.576592 0.482958 0.384447 0.282124 0.177091 0.0704837 -0.0365502 -0.142857 -0.24729 -0.348726 -0.446071 -0.538278 -0.624354 -0.703373 -0.774483 -0.836921 -0.890013 -0.933189 -0.965984 -0.988045 -0.999136 -0.999136 -0.988045 -0.965984 -0.933189 -0.890013 -0.836921 -0.774483 -0.703373 -0.624354 -0.538278 -0.446071 -0.348726 -0.24729 -0.142857 -0.0365502 0.0704837 0.177091 0.282124 0.384447 0.482958 0.576592 0.664338 0.745246 0.81844 0.883126 0.938602 0.984263 1.01961 1.04425 1.05791 1.06044 1.05179 1.03204 1.00141 0.96019 0.908826 0.847851 0.777907 0.69973 0.614146 0.522059 0.424443 0.32233 0.216803 0.108979 0 
0 0.0985079 0.195974 0.291369 0.383684 0.471945 0.555218 0.632627 0.703355 0.766658 0.821871 0.868417 0.905809 0.933661 0.951687 0.959706 0.957645 0.945538 0.923528 0.891861 0.850889 0.801062 0.742925 0.677111 0.604336 0.52539 0.441128 0.352462 0.260352 0.165793 0.0698055 -0.0265734 -0.122304 -0.216354 -0.307708 -0.395383 -0.478434 -0.555964 -0.62714 -0.691194 -0.747437 -0.795263 -0.834156 -0.863699 -0.883572 -0.893563 -0.893563 -0.883572 -0.863699 -0.834156 -0.795263 -0.747437 -0.691194 -0.62714 -0.555964 -0.478434 -0.395383 -0.307708 -0.216354 -0.122304 -0.0265734 0.0698055 0.165793 0.260352 0.352462 0.441128 0.52539 0.604336 0.677111 0.742925 0.801062 0.850889 0.891861 0.923528 0.945538 0.957645 0.959706 0.951687 0.933661 0.905809 0.868417 0.821871 0.766658 0.703355 0.632627 0.555218 0.471945 0.383684 0.291369 0.195974 0.0985079 0 
0 0.0890802 0.177221 0.263494 0.346988 0.426826 0.502166 0.572216 0.636241 0.693568 0.7436 0.785813 0.81977 0.845122 0.86161 0.869072 0.867441 0.856747 0.83712 0.808781 0.772046 0.727322 0.6751 0.615949 0.550516 0.479513 0.403709 0.323928 0.241034 0.155924 0.0695197 -0.0172461 -0.103435 -0.188117 -0.270378 -0.349329 -0.424119 -0.49394 -0.558041 -0.61573 -0.666385 -0.70946 -0.744491 -0.771099 -0.788999 -0.797998 -0.797998 -0.788999 -0.771099 -0.744491 -0.70946 -0.666385 -0.61573 -0.558041 -0.49394 -0.424119 -0.349329 -0.270378 -0.188117 -0.103435 -0.0172461 0.0695197 0.155924 0.241034 0.323928 0.403709 0.479513 0.550516 0.615949 0.6751 0.727322 0.772046 0.808781 0.83712 0.856747 0.867441 0.869072 0.86161 0.845122 0.81977 0.785813 0.7436 0.693568 0.636241 0.572216 0.502166 0.426826 0.346988 0.263494 0.177221 0.0890802 0 
0 0.0805934 0.16034 0.238401 0.313956 0.386213 0.454413 0.517842 0.575836 0.627789 0.67316 0.71148 0.742352 0.765462 0.780575 0.787546 0.786315 0.776907 0.759439 0.734111 0.701208 0.661095 0.614215 0.561082 0.502278 0.438444 0.370275 0.298513 0.223936 0.147354 0.0695954 -0.00849648 -0.086077 -0.162307 -0.236362 -0.307443 -0.37478 -0.437648 -0.495367 -0.547313 -0.592927 -0.631717 -0.663262 -0.687224 -0.703344 -0.711448 -0.711448 -0.703344 -0.687224 -0.663262 -0.631717 -0.592927 -0.547313 -0.495367 -0.437648 -0.37478 -0.307443 -0.236362 -0.162307 -0.086077 -0.00849648 0.0695954 0.147354 0.223936 0.298513 0.370275 0.438444 0.502278 0.561082 0.614215 0.661095 0.701208 0.734111 0.759439 0.776907 0.786315 0.787546 0.780575 0.765462 0.742352 0.71148 0.67316 0.627789 0.575836 0.517842 0.454413 0.386213 0.313956 0.238401 0.16034 0.0805934 0 
0 0.0729553 0.145146 0.215817 0.284229 0.349664 0.41144 0.468912 0.521482 0.568602 0.609786 0.644607 0.672711 0.693811 0.707698 0.714239 0.713379 0.705142 0.689632 0.66703 0.637592 0.601647 0.559593 0.511896 0.459078 0.401717 0.340441 0.275917 0.208847 0.13996 0.0700053 -0.00025921 -0.0700715 -0.138675 -0.205327 -0.269306 -0.32992 -0.386514 -0.438474 -0.48524 -0.526307 -0.56123 -0.589632 -0.611206 -0.62572 -0.633016 -0.633016 -0.62572 -0.611206 -0.589632 -0.56123 -0.526307 -0.48524 -0.438474 -0.386514 -0.32992 -0.269306 -0.205327 -0.138675 -0.0700715 -0.00025921 0.0700053 0.13996 0.208847 0.275917 0.340441 0.401717 0.459078 0.511896 0.559593 0.601647 0.637592 0.66703 0.689632 0.705142 0.713379 0.714239 0.707698 0.693811 0.672711 0.644607 0.609786 0.568602 0.521482 0.468912 0.41144 0.349664 0.284229 0.215817 0.145146 0.0729553 0 
0 0.0660828 0.131476 0.195498 0.257482 0.316781 0.372779 0.424894 0.472587 0.515363 0.552784 0.584465 0.610085 0.629387 0.64218 0.648345 0.647832 0.640663 0.626931 0.606797 0.580494 0.548317 0.510627 0.46784 0.420428 0.368914 0.313861 0.255871 0.195577 0.133637 0.0707253 0.00752491 -0.0552769 -0.116998 -0.17697 -0.234541 -0.289088 -0.34002 -0.386785 -0.428877 -0.465841 -0.497275 -0.522841 -0.542261 -0.555326 -0.561894 -0.561894 -0.555326 -0.542261 -0.522841 -0.497275 -0.465841 -0.428877 -0.386785 -0.34002 -0.289088 -0.234541 -0.17697 -0.116998 -0.0552769 0.00752491 0.0707253 0.133637 0.195577 0.255871 0.313861 0.368914 0.420428 0.46784 0.510627 0.548317 0.580494 0.606797 0.626931 0.640663 0.647832 0.648345 0.64218 0.629387 0.610085 0.584465 0.552784 0.515363 0.472587 0.424894 0.372779 0.316781 0.257482 0.195498 0.131476 0.0660828 0 
0 0.0599008 0.11918 0.177221 0.233424 0.287205 0.338007 0.385307 0.428616 0.46749 0.501532 0.530395 0.553789 0.571482 0.583303 0.589142 0.588954 0.58276 0.570641 0.552745 0.52928 0.500512 0.466765 0.428416 0.385889 0.339655 0.290222 0.238133 0.183957 0.128289 0.0717338 0.0149097 -0.0415647 -0.097075 -0.151017 -0.202806 -0.251878 -0.297701 -0.339778 -0.377652 -0.410913 -0.4392 -0.462206 -0.479683 -0.49144 -0.497351 -0.497351 -0.49144 -0.479683 -0.462206 -0.4392 -0.410913 -0.377652 -0.339778 -0.297701 -0.251878 -0.202806 -0.151017 -0.097075 -0.0415647 0.0149097 0.0717338 0.128289 0.183957 0.238133 0.290222 0.339655 0.385889 0.428416 0.466765 0.500512 0.52928 0.552745 0.570641 0.58276 0.588954 0.589142 0.583303 0.571482 0.553789 0.530395 0.501532 0.46749 0.428616 0.385307 0.338007 0.287205 0.233424 0.177221 0.11918 0.0599008 0 
0 0.0543419 0.108123 0.160787 0.211792 0.260612 0.306745 0.349717 0.389089 0.424458 0.455467 0.481804 0.503205 0.519461 0.530417 0.535975 0.536094 0.53079 0.52014 0.504273 0.483378 0.457694 0.427514 0.393177 0.355064 0.313601 0.269244 0.222484 0.173833 0.123827 0.0730119 0.0219442 -0.0288185 -0.0787222 -0.127223 -0.173792 -0.217923 -0.259136 -0.296981 -0.331049 -0.360969 -0.386415 -0.407112 -0.422834 -0.433412 -0.438729 -0.438729 -0.433412 -0.422834 -0.407112 -0.386415 -0.360969 -0.331049 -0.296981 -0.259136 -0.217923 -0.173792 -0.127223 -0.0787222 -0.0288185 0.0219442 0.0730119 0.123827 0.173833 0.222484 0.269244 0.313601 0.355064 0.393177 0.427514 0.457694 0.483378 0.504273 0.52014 0.53079 0.536094 0.535975 0.530417 0.519461 0.503205 0.481804 0.455467 0.424458 0.389089 0.349717 0.306745 0.260612 0.211792 0.160787 0.108123 0.0543419 0 
0 0.0493451 0.0981838 0.146015 0.192349 0.236712 0.278649 0.317734 0.35357 0.385795 0.414084 0.438156 0.457774 0.472748 0.482939 0.488257 0.488665 0.484178 0.474863 0.460838 0.442272 0.419382 0.392428 0.361718 0.327597 0.290445 0.250675 0.208728 0.165068 0.120175 0.0745432 0.0286729 -0.0169329 -0.061775 -0.105363 -0.147221 -0.186892 -0.223942 -0.257969 -0.288602 -0.315506 -0.338389 -0.357001 -0.37114 -0.380653 -0.385435 -0.385435 -0.380653 -0.37114 -0.357001 -0.338389 -0.315506 -0.288602 -0.257969 -0.223942 -0.186892 -0.147221 -0.105363 -0.061775 -0.0169329 0.0286729 0.0745432 0.120175 0.165068 0.208728 0.250675 0.290445 0.327597 0.361718 0.392428 0.419382 0.442272 0.460838 0.474863 0.484178 0.488665 0.488257 0.482939 0.472748 0.457774 0.438156 0.414084 0.385795 0.35357 0.317734 0.278649 0.236712 0.192349 0.146015 0.0981838 0.0493451 0 
0 0.0448555 0.089254 0.132743 0.174882 0.21524 0.25341 0.289006 0.32167 0.351073 0.376925 0.398971 0.416995 0.430828 0.440343 0.445458 0.44614 0.442402 0.434304 0.421953 0.405499 0.385138 0.361106 0.333678 0.303165 0.26991 0.234286 0.196689 0.157537 0.117264 0.076313 0.0351366 -0.00581245 -0.0460842 -0.0852367 -0.122841 -0.158485 -0.191779 -0.222358 -0.249889 -0.274071 -0.29464 -0.311371 -0.324081 -0.332633 -0.336932 -0.336932 -0.332633 -0.324081 -0.311371 -0.29464 -0.274071 -0.249889 -0.222358 -0.191779 -0.158485 -0.122841 -0.0852367 -0.0460842 -0.00581245 0.0351366 0.076313 0.117264 0.157537 0.196689 0.234286 0.26991 0.303165 0.333678 0.361106 0.385138 0.405499 0.421953 0.434304 0.442402 0.44614 0.445458 0.440343 0.430828 0.416995 0.398971 0.376925 0.351073 0.32167 0.289006 0.25341 0.21524 0.174882 0.132743 0.089254 0.0448555 0 
0 0.0408237 0.0812349 0.120826 0.159196 0.195961 0.23075 0.263216 0.293034 0.31991 0.34358 0.363813 0.380416 0.393234 0.402154 0.4071 0.408043 0.404994 0.398007 0.387177 0.37264 0.354572 0.333186 0.308728 0.28148 0.25175 0.219874 0.186208 0.151131 0.11503 0.0783087 0.0413723 0.00462936 -0.0315147 -0.0666616 -0.100425 -0.132433 -0.162334 -0.189801 -0.214532 -0.236257 -0.254736 -0.269768 -0.281189 -0.288873 -0.292736 -0.292736 -0.288873 -0.281189 -0.269768 -0.254736 -0.236257 -0.214532 -0.189801 -0.162334 -0.132433 -0.100425 -0.0666616 -0.0315147 0.00462936 0.0413723 0.0783087 0.11503 0.151131 0.186208 0.219874 0.25175 0.28148 0.308728 0.333186 0.354572 0.37264 0.387177 0.398007 0.404994 0.408043 0.4071 0.402154 0.393234 0.380416 0.363813 0.34358 0.31991 0.293034 0.263216 0.23075 0.195961 0.159196 0.120826 0.0812349 0.0408237 0 
0 0.037205 0.0740377 0.11013 0.14512 0.178661 0.210418 0.240078 0.267347 0.29196 0.313677 0.332291 0.347628 0.359547 0.367944 0.372753 0.373945 0.371531 0.365559 0.356114 0.343319 0.327331 0.308341 0.286574 0.262281 0.23574 0.207253 0.177143 0.145747 0.113419 0.0805195 0.0474141 0.0144711 -0.0179443 -0.0494731 -0.0797668 -0.108491 -0.135329 -0.159985 -0.182188 -0.201693 -0.218286 -0.231784 -0.24204 -0.248941 -0.25241 -0.25241 -0.248941 -0.24204 -0.231784 -0.218286 -0.201693 -0.182188 -0.159985 -0.135329 -0.108491 -0.0797668 -0.0494731 -0.0179443 0.0144711 0.0474141 0.0805195 0.113419 0.145747 0.177143 0.207253 0.23574 0.262281 0.286574 0.308341 0.327331 0.343319 0.356114 0.365559 0.371531 0.373945 0.372753 0.367944 0.359547 0.347628 0.332291 0.313677 0.29196 0.267347 0.240078 0.210418 0.178661 0.14512 0.11013 0.0740377 0.037205 0 
0 0.0339594 0.0675826 0.100537 0.132497 0.163147 0.192188 0.219333 0.244321 0.266909 0.286883 0.304054 0.318264 0.329387 0.337328 0.342028 0.34346 0.341633 0.33659 0.328407 0.317195 0.303095 0.28628 0.266951 0.245333 0.221678 0.196258 0.169364 0.141299 0.112381 0.082936 0.0532931 0.023784 -0.00526207 -0.0335219 -0.0606813 -0.0864391 -0.11051 -0.132627 -0.152546 -0.170047 -0.184936 -0.197049 -0.206253 -0.212446 -0.215559 -0.215559 -0.212446 -0.206253 -0.197049 -0.184936 -0.170047 -0.152546 -0.132627 -0.11051 -0.0864391 -0.0606813 -0.0335219 -0.00526207 0.023784 0.0532931 0.082936 0.112381 0.141299 0.169364 0.196258 0.221678 0.245333 0.266951 0.28628 0.303095 0.317195 0.328407 0.33659 0.341633 0.34346 0.342028 0.337328 0.329387 0.318264 0.304054 0.286883 0.266909 0.244321 0.219333 0.192188 0.163147 0.132497 0.100537 0.0675826 0.0339594 0 
0 0.0310505 0.0617975 0.0919403 0.121185 0.149247 0.175855 0.200751 0.223698 0.244478 0.262896 0.278782 0.291993 0.302414 0.30996 0.314577 0.31624 0.314957 0.310766 0.303735 0.293964 0.281581 0.266738 0.249619 0.230426 0.209385 0.186742 0.162757 0.137705 0.111872 0.0855503 0.0590379 0.032633 0.00663227 -0.0186731 -0.0430002 -0.0660774 -0.0876477 -0.107471 -0.125327 -0.141017 -0.154367 -0.165229 -0.173482 -0.179036 -0.181828 -0.181828 -0.179036 -0.173482 -0.165229 -0.154367 -0.141017 -0.125327 -0.107471 -0.0876477 -0.0660774 -0.0430002 -0.0186731 0.00663227 0.032633 0.0590379 0.0855503 0.111872 0.137705 0.162757 0.186742 0.209385 0.230426 0.249619 0.266738 0.281581 0.293964 0.303735 0.310766 0.314957 0.31624 0.314577 0.30996 0.302414 0.291993 0.278782 0.262896 0.244478 0.223698 0.200751 0.175855 0.149247 0.121185 0.0919403 0.0617975 0.0310505 0 
0 0.0284459 0.0566175 0.0842434 0.111058 0.136804 0.161236 0.184122 0.205247 0.224414 0.241446 0.256189 0.268516 0.278321 0.285527 0.290085 0.291972 0.291194 0.287786 0.281809 0.273351 0.262528 0.249478 0.234364 0.217369 0.198697 0.178569 0.157218 0.134893 0.111851 0.0883557 0.0646747 0.041077 0.0178298 -0.00480455 -0.0265712 -0.0472256 -0.0665359 -0.0842859 -0.100277 -0.114331 -0.12629 -0.136021 -0.143416 -0.148393 -0.150895 -0.150895 -0.148393 -0.143416 -0.136021 -0.12629 -0.114331 -0.100277 -0.0842859 -0.0665359 -0.0472256 -0.0265712 -0.00480455 0.0178298 0.041077 0.0646747 0.0883557 0.111851 0.134893 0.157218 0.178569 0.198697 0.217369 0.234364 0.249478 0.262528 0.273351 0.281809 0.287786 0.291194 0.291972 0.290085 0.285527 0.278321 0.268516 0.256189 0.241446 0.224414 0.205247 0.184122 0.161236 0.136804 0.111058 0.0842434 0.0566175 0.0284459 0 
0 0.026116 0.0519842 0.0773592 0.102001 0.125677 0.148166 0.169258 0.188757 0.206487 0.222287 0.236019 0.247565 0.256831 0.263748 0.268268 0.270373 0.270067 0.26738 0.262367 0.255108 0.245706 0.234285 0.220993 0.205993 0.189469 0.171619 0.152655 0.1328 0.112285 0.0913469 0.0702279 0.0491698 0.0284133 0.00819456 -0.0112567 -0.0297203 -0.0469874 -0.0628632 -0.0771689 -0.0897434 -0.100445 -0.109155 -0.115774 -0.120228 -0.122468 -0.122468 -0.120228 -0.115774 -0.109155 -0.100445 -0.0897434 -0.0771689 -0.0628632 -0.0469874 -0.0297203 -0.0112567 0.00819456 0.0284133 0.0491698 0.0702279 0.0913469 0.112285 0.1328 0.152655 0.171619 0.189469 0.205993 0.220993 0.234285 0.245706 0.255108 0.262367 0.26738 0.270067 0.270373 0.268268 0.263748 0.256831 0.247565 0.236019 0.222287 0.206487 0.188757 0.169258 0.148166 0.125677 0.102001 0.0773592 0.0519842 0.026116 0 
0 0.0240345 0.0478449 0.0712095 0.0939114 0.11574 0.136496 0.155988 0.174041 0.190493 0.205201 0.218038 0.228898 0.237696 0.244368 0.248872 0.251189 0.251324 0.249303 0.245175 0.239012 0.230906 0.220968 0.209331 0.196144 0.181569 0.165786 0.148986 0.131368 0.113141 0.0945195 0.0757199 0.0569604 0.0384577 0.0204247 0.00306806 -0.0134138 -0.0288328 -0.0430136 -0.055795 -0.067032 -0.0765973 -0.0843826 -0.0902999 -0.0942824 -0.0962849 -0.0962849 -0.0942824 -0.0902999 -0.0843826 -0.0765973 -0.067032 -0.055795 -0.0430136 -0.0288328 -0.0134138 0.00306806 0.0204247 0.0384577 0.0569604 0.0757199 0.0945195 0.113141 0.131368 0.148986 0.165786 0.181569 0.196144 0.209331 0.220968 0.230906 0.239012 0.245175 0.249303 0.251324 0.251189 0.248872 0.244368 0.237696 0.228898 0.218038 0.205201 0.190493 0.174041 0.155988 0.136496 0.11574 0.0939114 0.0712095 0.0478449 0.0240345 0 
0 0.0221774 0.0441522 0.0657238 0.086696 0.106879 0.126091 0.14416 0.160928 0.176247 0.189988 0.202037 0.212297 0.22069 0.227159 0.231665 0.234191 0.23474 0.233336 0.230022 0.224862 0.217939 0.209354 0.199224 0.187683 0.174879 0.160972 0.146135 0.130546 0.114393 0.0978701 0.0811714 0.0644936 0.0480316 0.0319771 0.0165163 0.00182785 -0.011919 -0.0245661 -0.0359685 -0.0459955 -0.0545325 -0.061482 -0.0667646 -0.0703202 -0.0721082 -0.0721082 -0.0703202 -0.0667646 -0.061482 -0.0545325 -0.0459955 -0.0359685 -0.0245661 -0.011919 0.00182785 0.0165163 0.0319771 0.0480316 0.0644936 0.0811714 0.0978701 0.114393 0.130546 0.146135 0.160972 0.174879 0.187683 0.199224 0.209354 0.217939 0.224862 0.230022 0.233336 0.23474 0.234191 0.231665 0.227159 0.22069 0.212297 0.202037 0.189988 0.176247 0.160928 0.14416 0.126091 0.106879 0.086696 0.0657238 0.0441522 0.0221774 0 
0 0.0205233 0.0408633 0.0608385 0.0802714 0.0989902 0.11683 0.133637 0.149265 0.163582 0.176471 0.187828 0.197566 0.205613 0.211917 0.216443 0.219174 0.220114 0.219282 0.216718 0.212479 0.206638 0.199286 0.19053 0.180488 0.169294 0.157092 0.144035 0.130288 0.116017 0.101396 0.0866019 0.0718103 0.057197 0.0429346 0.0291906 0.016126 0.00389307 -0.0073658 -0.01752 -0.0264519 -0.0340583 -0.0402514 -0.0449597 -0.048129 -0.0497228 -0.0497228 -0.048129 -0.0449597 -0.0402514 -0.0340583 -0.0264519 -0.01752 -0.0073658 0.00389307 0.016126 0.0291906 0.0429346 0.057197 0.0718103 0.0866019 0.101396 0.116017 0.130288 0.144035 0.157092 0.169294 0.180488 0.19053 0.199286 0.206638 0.212479 0.216718 0.219282 0.220114 0.219174 0.216443 0.211917 0.205613 0.197566 0.187828 0.176471 0.163582 0.149265 0.133637 0.11683 0.0989902 0.0802714 0.0608385 0.0408633 0.0205233 0 
0 0.0190528 0.0379397 0.0564964 0.0745623 0.0919816 0.108605 0.124293 0.138914 0.152349 0.164489 0.175242 0.184527 0.192281 0.198455 0.203018 0.205953 0.207262 0.206964 0.205093 0.201699 0.19685 0.190626 0.183123 0.174447 0.164718 0.154066 0.142629 0.130553 0.117991 0.105097 0.0920294 0.0789481 0.0660107 0.0533725 0.0411842 0.0295907 0.0187291 0.00872765 -0.000296158 -0.00823642 -0.0150002 -0.0205084 -0.0246967 -0.0275163 -0.0289344 -0.0289344 -0.0275163 -0.0246967 -0.0205084 -0.0150002 -0.00823642 -0.000296158 0.00872765 0.0187291 0.0295907 0.0411842 0.0533725 0.0660107 0.0789481 0.0920294 0.105097 0.117991 0.130553 0.142629 0.154066 0.164718 0.174447 0.183123 0.190626 0.19685 0.201699 0.205093 0.206964 0.207262 0.205953 0.203018 0.198455 0.192281 0.184527 0.175242 0.164489 0.152349 0.138914 0.124293 0.108605 0.0919816 0.0745623 0.0564964 0.0379397 0.0190528 0 
0 0.0177486 0.0353469 0.0526462 0.0695008 0.0857698 0.101318 0.116019 0.129753 0.142411 0.153897 0.164125 0.173023 0.180533 0.186609 0.191222 0.194359 0.19602 0.196221 0.194992 0.192378 0.18844 0.183249 0.17689 0.16946 0.161067 0.151826 0.141863 0.131307 0.120296 0.10897 0.0974708 0.0859416 0.0745246 0.0633594 0.0525817 0.0423219 0.0327034 0.0238415 0.015842 0.00880025 0.00279993 -0.00208781 -0.00580509 -0.00830796 -0.00956682 -0.00956682 -0.00830796 -0.00580509 -0.00208781 0.00279993 0.00880025 0.015842 0.0238415 0.0327034 0.0423219 0.0525817 0.0633594 0.0745246 0.0859416 0.0974708 0.10897 0.120296 0.131307 0.141863 0.151826 0.161067 0.16946 0.17689 0.183249 0.18844 0.192378 0.194992 0.196221 0.19602 0.194359 0.191222 0.186609 0.180533 0.173023 0.164125 0.153897 0.142411 0.129753 0.116019 0.101318 0.0857698 0.0695008 0.0526462 0.0353469 0.0177486 0 
0 0.0165949 0.0330536 0.0492413 0.065026 0.0802798 0.0948805 0.108712 0.121668 0.133648 0.144565 0.154341 0.16291 0.170219 0.176227 0.180907 0.184245 0.186241 0.18691 0.186277 0.184385 0.181284 0.17704 0.17173 0.165439 0.158265 0.150311 0.141689 0.132517 0.122917 0.113016 0.102942 0.0928226 0.082786 0.0729579 0.0634603 0.0544105 0.0459195 0.038091 0.0310205 0.0247934 0.0194853 0.01516 0.0118697 0.00965397 0.00853942 0.00853942 0.00965397 0.0118697 0.01516 0.0194853 0.0247934 0.0310205 0.038091 0.0459195 0.0544105 0.0634603 0.0729579 0.082786 0.0928226 0.102942 0.113016 0.122917 0.132517 0.141689 0.150311 0.158265 0.165439 0.17173 0.17704 0.181284 0.184385 0.186277 0.18691 0.186241 0.184245 0.180907 0.176227 0.170219 0.16291 0.154341 0.144565 0.133648 0.121668 0.108712 0.0948805 0.0802798 0.065026 0.0492413 0.0330536 0.0165949 0 
0 0.0155777 0.0310318 0.0462401 0.0610829 0.0754441 0.0892128 0.102284 0.11456 0.125951 0.136377 0.145766 0.15406 0.161209 0.167175 0.171935 0.175474 0.177792 0.178902 0.178826 0.177601 0.175273 0.1719 0.167551 0.162304 0.156243 0.149464 0.142065 0.134154 0.12584 0.117237 0.108458 0.0996204 0.0908384 0.082225 0.07389 0.0659389 0.0584716 0.0515812 0.0453536 0.0398658 0.0351857 0.0313707 0.0284678 0.0265125 0.0255289 0.0255289 0.0265125 0.0284678 0.0313707 0.0351857 0.0398658 0.0453536 0.0515812 0.0584716 0.0659389 0.07389 0.082225 0.0908384 0.0996204 0.108458 0.117237 0.12584 0.134154 0.142065 0.149464 0.156243 0.162304 0.167551 0.1719 0.175273 0.177601 0.178826 0.178902 0.177792 0.175474 0.171935 0.167175 0.161209 0.15406 0.145766 0.136377 0.125951 0.11456 0.102284 0.0892128 0.0754441 0.0610829 0.0462401 0.0310318 0.0155777 0 
0 0.0146842 0.0292562 0.0436051 0.0576222 0.071202 0.0842438 0.0966522 0.108338 0.119221 0.129226 0.138289 0.146356 0.153383 0.159333 0.164185 0.167926 0.170555 0.172081 0.172526 0.171921 0.170308 0.167738 0.164273 0.159982 0.154942 0.149236 0.142956 0.136195 0.129053 0.121632 0.114033 0.106362 0.0987216 0.091213 0.0839351 0.0769826 0.0704453 0.0644073 0.0589454 0.054129 0.0500191 0.0466675 0.0441163 0.0423975 0.0415327 0.0415327 0.0423975 0.0441163 0.0466675 0.0500191 0.054129 0.0589454 0.0644073 0.0704453 0.0769826 0.0839351 0.091213 0.0987216 0.106362 0.114033 0.121632 0.129053 0.136195 0.142956 0.149236 0.154942 0.159982 0.164273 0.167738 0.170308 0.171921 0.172526 0.172081 0.170555 0.167926 0.164185 0.159333 0.153383 0.146356 0.138289 0.129226 0.119221 0.108338 0.0966522 0.0842438 0.071202 0.0576222 0.0436051 0.0292562 0.0146842 0 
0 0.0139031 0.0277042 0.0413026 0.0545994 0.0674988 0.0799093 0.0917439 0.102922 0.113369 0.123018 0.13181 0.139696 0.146633 0.152592 0.157548 0.161492 0.164421 0.166344 0.167278 0.167251 0.166301 0.164473 0.161823 0.158411 0.154306 0.149585 0.144327 0.138618 0.132547 0.126203 0.119681 0.113073 0.106472 0.0999696 0.0936538 0.08761 0.0819188 0.0766558 0.0718902 0.0676842 0.0640926 0.0611621 0.0589305 0.0574267 0.0566699 0.0566699 0.0574267 0.0589305 0.0611621 0.0640926 0.0676842 0.0718902 0.0766558 0.0819188 0.08761 0.0936538 0.0999696 0.106472 0.113073 0.119681 0.126203 0.132547 0.138618 0.144327 0.149585 0.154306 0.158411 0.161823 0.164473 0.166301 0.167251 0.167278 0.166344 0.164421 0.161492 0.157548 0.152592 0.146633 0.139696 0.13181 0.123018 0.113369 0.102922 0.0917439 0.0799093 0.0674988 0.0545994 0.0413026 0.0277042 0.0139031 0 
0 0.013224 0.0263553 0.0393021 0.0519746 0.0642856 0.0761515 0.0874934 0.0982375 0.108316 0.117668 0.12624 0.133985 0.140866 0.146853 0.151927 0.156075 0.159296 0.161596 0.162991 0.163506 0.163173 0.162033 0.160134 0.157532 0.154289 0.150471 0.146151 0.141404 0.136312 0.130954 0.125414 0.119777 0.114124 0.108539 0.1031 0.0978838 0.0929632 0.0884059 0.084274 0.0806235 0.0775037 0.0749563 0.0730156 0.0717072 0.0710486 0.0710486 0.0717072 0.0730156 0.0749563 0.0775037 0.0806235 0.084274 0.0884059 0.0929632 0.0978838 0.1031 0.108539 0.114124 0.119777 0.125414 0.130954 0.136312 0.141404 0.146151 0.150471 0.154289 0.157532 0.160134 0.162033 0.163173 0.163506 0.162991 0.161596 0.159296 0.156075 0.151927 0.146853 0.140866 0.133985 0.12624 0.117668 0.108316 0.0982375 0.0874934 0.0761515 0.0642856 0.0519746 0.0393021 0.0263553 0.013224 0 
0 0.0126378 0.0251912 0.0375765 0.049712 0.061518 0.0729187 0.0838417 0.0942199 0.103991 0.1131 0.121497 0.129139 0.135993 0.14203 0.147231 0.151587 0.155093 0.157755 0.159587 0.16061 0.160853 0.160352 0.15915 0.157297 0.154846 0.15186 0.148401 0.144538 0.140342 0.135886 0.131246 0.126495 0.121709 0.116961 0.112322 0.107861 0.103643 0.0997295 0.0961753 0.093031 0.0903409 0.0881427 0.0864667 0.0853364 0.0847673 0.0847673 0.0853364 0.0864667 0.0881427 0.0903409 0.093031 0.0961753 0.0997295 0.103643 0.107861 0.112322 0.116961 0.121709 0.126495 0.131246 0.135886 0.140342 0.144538 0.148401 0.15186 0.154846 0.157297 0.15915 0.160352 0.160853 0.16061 0.159587 0.157755 0.155093 0.151587 0.147231 0.14203 0.135993 0.129139 0.121497 0.1131 0.103991 0.0942199 0.0838417 0.0729187 0.061518 0.049712 0.0375765 0.0251912 0.0126378 0 
0 0.0121362 0.0241954 0.0361013 0.0477792 0.0591567 0.0701642 0.0807358 0.0908101 0.10033 0.109245 0.117509 0.125084 0.131937 0.138043 0.143384 0.147949 0.151735 0.154746 0.156993 0.158496 0.159279 0.159374 0.158819 0.157659 0.155942 0.153721 0.151055 0.148004 0.144632 0.141004 0.137187 0.133249 0.129256 0.125273 0.121366 0.117595 0.114019 0.110693 0.107666 0.104983 0.102685 0.100805 0.0993711 0.0984031 0.0979157 0.0979157 0.0984031 0.0993711 0.100805 0.102685 0.104983 0.107666 0.110693 0.114019 0.117595 0.121366 0.125273 0.129256 0.133249 0.137187 0.141004 0.144632 0.148004 0.151055 0.153721 0.155942 0.157659 0.158819 0.159374 0.159279 0.158496 0.156993 0.154746 0.151735 0.147949 0.143384 0.138043 0.131937 0.125084 0.117509 0.109245 0.10033 0.0908101 0.0807358 0.0701642 0.0591567 0.0477792 0.0361013 0.0241954 0.0121362 0 
0 0.0117117 0.023353 0.0348544 0.0461474 0.0571659 0.0678462 0.0781281 0.0879552 0.0972755 0.106042 0.114213 0.121752 0.12863 0.134823 0.140313 0.145091 0.149153 0.152501 0.155145 0.157102 0.158393 0.159046 0.159095 0.158578 0.15754 0.156029 0.154094 0.151792 0.149178 0.146311 0.143251 0.140057 0.136791 0.13351 0.130273 0.127133 0.124144 0.121355 0.11881 0.11655 0.11461 0.113021 0.111808 0.110988 0.110575 0.110575 0.110988 0.111808 0.113021 0.11461 0.11655 0.11881 0.121355 0.124144 0.127133 0.130273 0.13351 0.136791 0.140057 0.143251 0.146311 0.149178 0.151792 0.154094 0.156029 0.15754 0.158578 0.159095 0.159046 0.158393 0.157102 0.155145 0.152501 0.149153 0.145091 0.140313 0.134823 0.12863 0.121752 0.114213 0.106042 0.0972755 0.0879552 0.0781281 0.0678462 0.0571659 0.0461474 0.0348544 0.023353 0.0117117 0 
0 0.0113577 0.022651 0.0338161 0.0447906 0.0555138 0.0659273 0.075976 0.085608 0.0947756 0.103435 0.111549 0.119083 0.126009 0.132306 0.137956 0.142951 0.147286 0.150961 0.153987 0.156375 0.158145 0.159322 0.159936 0.16002 0.159614 0.158759 0.157502 0.155891 0.153976 0.151811 0.149447 0.146939 0.14434 0.141704 0.139081 0.13652 0.13407 0.131773 0.129669 0.127796 0.126184 0.124861 0.12385 0.123166 0.122821 0.122821 0.123166 0.12385 0.124861 0.126184 0.127796 0.129669 0.131773 0.13407 0.13652 0.139081 0.141704 0.14434 0.146939 0.149447 0.151811 0.153976 0.155891 0.157502 0.158759 0.159614 0.16002 0.159936 0.159322 0.158145 0.156375 0.153987 0.150961 0.147286 0.142951 0.137956 0.132306 0.126009 0.119083 0.111549 0.103435 0.0947756 0.085608 0.075976 0.0659273 0.0555138 0.0447906 0.0338161 0.022651 0.0113577 0 
0 0.0110681 0.0220772 0.0329688 0.0436855 0.0541717 0.0643739 0.0742412 0.083726 0.0927842 0.101376 0.109465 0.117022 0.124019 0.130435 0.136257 0.141472 0.146078 0.150073 0.153466 0.156266 0.158492 0.160163 0.161307 0.161954 0.162136 0.161893 0.161265 0.160294 0.159027 0.157508 0.155787 0.153911 0.151927 0.149883 0.147825 0.145797 0.143841 0.141996 0.140297 0.138778 0.137468 0.136389 0.135563 0.135003 0.134721 0.134721 0.135003 0.135563 0.136389 0.137468 0.138778 0.140297 0.141996 0.143841 0.145797 0.147825 0.149883 0.151927 0.153911 0.155787 0.157508 0.159027 0.160294 0.161265 0.161893 0.162136 0.161954 0.161307 0.160163 0.158492 0.156266 0.153466 0.150073 0.146078 0.141472 0.136257 0.130435 0.124019 0.117022 0.109465 0.101376 0.0927842 0.083726 0.0742412 0.0643739 0.0541717 0.0436855 0.0329688 0.0220772 0.0110681 0 
0 0.0108377 0.0216212 0.0322966 0.0428114 0.0531142 0.0631559 0.0728895 0.0822711 0.0912602 0.0998194 0.107916 0.115521 0.122609 0.129162 0.135164 0.140605 0.14548 0.149789 0.153538 0.156734 0.159393 0.161533 0.163177 0.164351 0.165085 0.165413 0.16537 0.164995 0.164328 0.163409 0.162283 0.16099 0.159574 0.158077 0.15654 0.155002 0.153501 0.152071 0.150745 0.149553 0.148518 0.147664 0.147008 0.146563 0.146338 0.146338 0.146563 0.147008 0.147664 0.148518 0.149553 0.150745 0.152071 0.153501 0.155002 0.15654 0.158077 0.159574 0.16099 0.162283 0.163409 0.164328 0.164995 0.16537 0.165413 0.165085 0.164351 0.163177 0.161533 0.159393 0.156734 0.153538 0.149789 0.14548 0.140605 0.135164 0.129162 0.122609 0.115521 0.107916 0.0998194 0.0912602 0.0822711 0.0728895 0.0631559 0.0531142 0.0428114 0.0322966 0.0216212 0.0108377 0 
0 0.0106616 0.0212733 0.0317854 0.0421495 0.0523183 0.0622463 0.0718903 0.0812096 0.0901665 0.0987265 0.106859 0.114536 0.121736 0.12844 0.134632 0.140304 0.145449 0.150068 0.154162 0.15774 0.160814 0.1634 0.165517 0.167188 0.168441 0.169303 0.169808 0.169988 0.16988 0.169519 0.168944 0.168192 0.167302 0.166311 0.165255 0.16417 0.163088 0.162042 0.16106 0.160168 0.159388 0.158741 0.158241 0.157901 0.157729 0.157729 0.157901 0.158241 0.158741 0.159388 0.160168 0.16106 0.162042 0.163088 0.16417 0.165255 0.166311 0.167302 0.168192 0.168944 0.169519 0.16988 0.169988 0.169808 0.169303 0.168441 0.167188 0.165517 0.1634 0.160814 0.15774 0.154162 0.150068 0.145449 0.140304 0.134632 0.12844 0.121736 0.114536 0.106859 0.0987265 0.0901665 0.0812096 0.0718903 0.0622463 0.0523183 0.0421495 0.0317854 0.0212733 0.0106616 0 
0 0.0105356 0.021025 0.0314225 0.0416833 0.0517635 0.0616212 0.0712163 0.080511 0.0894703 0.098062 0.106257 0.114031 0.121361 0.128229 0.134622 0.14053 0.145947 0.15087 0.155303 0.159251 0.162724 0.165735 0.168302 0.170445 0.172187 0.173553 0.17457 0.17527 0.175684 0.175843 0.175781 0.175533 0.175131 0.174609 0.173999 0.173333 0.17264 0.171949 0.171284 0.17067 0.170125 0.169669 0.169313 0.169071 0.168947 0.168947 0.169071 0.169313 0.169669 0.170125 0.17067 0.171284 0.171949 0.17264 0.173333 0.173999 0.174609 0.175131 0.175533 0.175781 0.175843 0.175684 0.17527 0.17457 0.173553 0.172187 0.170445 0.168302 0.165735 0.162724 0.159251 0.155303 0.15087 0.145947 0.14053 0.134622 0.128229 0.121361 0.114031 0.106257 0.098062 0.0894703 0.080511 0.0712163 0.0616212 0.0517635 0.0416833 0.0314225 0.021025 0.0105356 0 
0 0.0104558 0.0208688 0.0311966 0.0413977 0.0514316 0.0612591 0.0708431 0.0801483 0.0891421 0.0977944 0.106078 0.113969 0.121447 0.128495 0.135099 0.141248 0.146938 0.152164 0.156929 0.161237 0.165095 0.168516 0.171513 0.174104 0.176309 0.17815 0.179651 0.180839 0.181742 0.182388 0.182806 0.183027 0.18308 0.182994 0.182799 0.182523 0.182191 0.181828 0.181458 0.181101 0.180774 0.180494 0.180273 0.18012 0.180042 0.180042 0.18012 0.180273 0.180494 0.180774 0.181101 0.181458 0.181828 0.182191 0.182523 0.182799 0.182994 0.18308 0.183027 0.182806 0.182388 0.181742 0.180839 0.179651 0.17815 0.176309 0.174104 0.171513 0.168516 0.165095 0.161237 0.156929 0.152164 0.146938 0.141248 0.135099 0.128495 0.121447 0.113969 0.106078 0.0977944 0.0891421 0.0801483 0.0708431 0.0612591 0.0514316 0.0413977 0.0311966 0.0208688 0.0104558 0 
0 0.0104187 0.0207978 0.0310977 0.0412798 0.0513063 0.061141 0.070749 0.0800975 0.0891559 0.097896 0.106292 0.114322 0.121965 0.129205 0.136029 0.142427 0.148392 0.153921 0.159014 0.163673 0.167905 0.171721 0.17513 0.178149 0.180795 0.183087 0.185045 0.186694 0.188058 0.18916 0.190028 0.190688 0.191166 0.191489 0.191681 0.191767 0.191771 0.191715 0.191619 0.191501 0.191377 0.191261 0.191164 0.191094 0.191058 0.191058 0.191094 0.191164 0.191261 0.191377 0.191501 0.191619 0.191715 0.191771 0.191767 0.191681 0.191489 0.191166 0.190688 0.190028 0.18916 0.188058 0.186694 0.185045 0.183087 0.180795 0.178149 0.17513 0.171721 0.167905 0.163673 0.159014 0.153921 0.148392 0.142427 0.136029 0.129205 0.121965 0.114322 0.106292 0.097896 0.0891559 0.0800975 0.070749 0.061141 0.0513063 0.0412798 0.0310977 0.0207978 0.0104187 0 
0 0.0104215 0.020806 0.0311167 0.0413175 0.0513732 0.0612498 0.0709147 0.0803372 0.0894885 0.0983419 0.106873 0.115061 0.122886 0.130332 0.137387 0.14404 0.150284 0.156115 0.161531 0.166536 0.171134 0.175331 0.179138 0.182568 0.185636 0.188357 0.19075 0.192835 0.194634 0.196167 0.197459 0.198532 0.199409 0.200114 0.200668 0.201094 0.201412 0.201641 0.201801 0.201906 0.201971 0.202008 0.202027 0.202035 0.202038 0.202038 0.202035 0.202027 0.202008 0.201971 0.201906 0.201801 0.201641 0.201412 0.201094 0.200668 0.200114 0.199409 0.198532 0.197459 0.196167 0.194634 0.192835 0.19075 0.188357 0.185636 0.182568 0.179138 0.175331 0.171134 0.166536 0.161531 0.156115 0.150284 0.14404 0.137387 0.130332 0.122886 0.115061 0.106873 0.0983419 0.0894885 0.0803372 0.0709147 0.0612498 0.0513732 0.0413175 0.0311167 0.020806 0.0104215 0 
0 0.0104614 0.0208881 0.0312458 0.0415006 0.0516195 0.0615706 0.0713233 0.0808486 0.0901193 0.0991103 0.107798 0.116163 0.124186 0.131852 0.139147 0.146062 0.152588 0.158723 0.164462 0.169807 0.174762 0.179332 0.183524 0.187351 0.190823 0.193955 0.196762 0.199263 0.201474 0.203416 0.205109 0.206571 0.207824 0.208888 0.209783 0.210528 0.21114 0.211638 0.212037 0.212351 0.212592 0.212772 0.2129 0.212981 0.21302 0.21302 0.212981 0.2129 0.212772 0.212592 0.212351 0.212037 0.211638 0.21114 0.210528 0.209783 0.208888 0.207824 0.206571 0.205109 0.203416 0.201474 0.199263 0.196762 0.193955 0.190823 0.187351 0.183524 0.179332 0.174762 0.169807 0.164462 0.158723 0.152588 0.146062 0.139147 0.131852 0.124186 0.116163 0.107798 0.0991103 0.0901193 0.0808486 0.0713233 0.0615706 0.0516195 0.0415006 0.0312458 0.0208881 0.0104614 0 
0 0.010536 0.0210394 0.0314779 0.0418197 0.0520337 0.06209 0.0719595 0.0816149 0.0910303 0.100182 0.109048 0.117607 0.125844 0.133742 0.141288 0.148472 0.155286 0.161726 0.167787 0.17347 0.178776 0.18371 0.188277 0.192487 0.19635 0.199877 0.203082 0.205979 0.208585 0.210915 0.212988 0.21482 0.216429 0.217833 0.219049 0.220094 0.220984 0.221734 0.222357 0.222867 0.223275 0.223589 0.223818 0.223968 0.224041 0.224041 0.223968 0.223818 0.223589 0.223275 0.222867 0.222357 0.221734 0.220984 0.220094 0.219049 0.217833 0.216429 0.21482 0.212988 0.210915 0.208585 0.205979 0.203082 0.199877 0.19635 0.192487 0.188277 0.18371 0.178776 0.17347 0.167787 0.161726 0.155286 0.148472 0.141288 0.133742 0.125844 0.117607 0.109048 0.100182 0.0910303 0.0816149 0.0719595 0.06209 0.0520337 0.0418197 0.0314779 0.0210394 0.010536 0 
0 0.0106432 0.0212556 0.0318068 0.0422667 0.0526061 0.0627963 0.0728101 0.0826214 0.0922056 0.10154 0.110603 0.119376 0.127841 0.135984 0.143791 0.151252 0.15836 0.165107 0.171491 0.177509 0.183162 0.188454 0.193388 0.197972 0.202213 0.206122 0.20971 0.212988 0.215971 0.218672 0.221107 0.223291 0.225238 0.226964 0.228485 0.229815 0.230967 0.231955 0.232791 0.233487 0.23405 0.234491 0.234816 0.23503 0.235136 0.235136 0.23503 0.234816 0.234491 0.23405 0.233487 0.232791 0.231955 0.230967 0.229815 0.228485 0.226964 0.225238 0.223291 0.221107 0.218672 0.215971 0.212988 0.20971 0.206122 0.202213 0.197972 0.193388 0.188454 0.183162 0.177509 0.171491 0.165107 0.15836 0.151252 0.143791 0.135984 0.127841 0.119376 0.110603 0.10154 0.0922056 0.0826214 0.0728101 0.0627963 0.0526061 0.0422667 0.0318068 0.0212556 0.0106432 0 
0 0.0107811 0.0215331 0.0322271 0.0428346 0.0533277 0.0636793 0.0738635 0.0838552 0.0936311 0.103169 0.112449 0.121452 0.130161 0.138561 0.14664 0.154388 0.161794 0.168853 0.17556 0.181913 0.187911 0.193556 0.19885 0.203799 0.208409 0.212689 0.216646 0.220292 0.223638 0.226696 0.229478 0.231998 0.234268 0.236302 0.238113 0.239713 0.241114 0.242328 0.243366 0.244237 0.244949 0.24551 0.245925 0.246199 0.246336 0.246336 0.246199 0.245925 0.24551 0.244949 0.244237 0.243366 0.242328 0.241114 0.239713 0.238113 0.236302 0.234268 0.231998 0.229478 0.226696 0.223638 0.220292 0.216646 0.212689 0.208409 0.203799 0.19885 0.193556 0.187911 0.181913 0.17556 0.168853 0.161794 0.154388 0.14664 0.138561 0.130161 0.121452 0.112449 0.103169 0.0936311 0.0838552 0.0738635 0.0636793 0.0533277 0.0428346 0.0322271 0.0215331 0.0107811 0 
0 0.0109482 0.0218687 0.032734 0.0435169 0.0541909 0.06473 0.0751094 0.0853053 0.0952949 0.105057 0.114572 0.123822 0.132789 0.14146 0.149822 0.157864 0.165576 0.172951 0.179984 0.186672 0.193014 0.199008 0.204658 0.209965 0.214937 0.219577 0.223895 0.227897 0.231594 0.234996 0.238112 0.240955 0.243535 0.245863 0.247951 0.249809 0.251448 0.252878 0.254107 0.255145 0.255998 0.256673 0.257174 0.257507 0.257672 0.257672 0.257507 0.257174 0.256673 0.255998 0.255145 0.254107 0.252878 0.251448 0.249809 0.247951 0.245863 0.243535 0.240955 0.238112 0.234996 0.231594 0.227897 0.223895 0.219577 0.214937 0.209965 0.204658 0.199008 0.193014 0.186672 0.179984 0.172951 0.165576 0.157864 0.149822 0.14146 0.132789 0.123822 0.114572 0.105057 0.0952949 0.0853053 0.0751094 0.06473 0.0541909 0.0435169 0.032734 0.0218687 0.0109482 0 
0 0.0111431 0.0222597 0.0333234 0.0443083 0.055189 0.0659406 0.0765392 0.0869617 0.0971863 0.107193 0.116961 0.126474 0.135715 0.14467 0.153325 0.16167 0.169694 0.177391 0.184754 0.191779 0.198463 0.204806 0.210807 0.216469 0.221795 0.226789 0.231458 0.235807 0.239846 0.24358 0.24702 0.250174 0.253053 0.255664 0.258018 0.260124 0.261991 0.263627 0.265041 0.266238 0.267226 0.268009 0.268593 0.26898 0.269173 0.269173 0.26898 0.268593 0.268009 0.267226 0.266238 0.265041 0.263627 0.261991 0.260124 0.258018 0.255664 0.253053 0.250174 0.24702 0.24358 0.239846 0.235807 0.231458 0.226789 0.221795 0.216469 0.210807 0.204806 0.198463 0.191779 0.184754 0.177391 0.169694 0.16167 0.153325 0.14467 0.135715 0.126474 0.116961 0.107193 0.0971863 0.0869617 0.0765392 0.0659406 0.055189 0.0443083 0.0333234 0.0222597 0.0111431 0 
0 0.0113645 0.0227035 0.0339917 0.0452042 0.0563164 0.0673044 0.0781451 0.0888162 0.0992965 0.109566 0.119606 0.129398 0.138927 0.148178 0.157138 0.165796 0.174141 0.182165 0.189862 0.197227 0.204255 0.210945 0.217295 0.223308 0.228984 0.234327 0.23934 0.24403 0.2484 0.252459 0.256213 0.25967 0.262837 0.265722 0.268334 0.270679 0.272765 0.2746 0.27619 0.27754 0.278658 0.279545 0.280208 0.280648 0.280868 0.280868 0.280648 0.280208 0.279545 0.278658 0.27754 0.27619 0.2746 0.272765 0.270679 0.268334 0.265722 0.262837 0.25967 0.256213 0.252459 0.2484 0.24403 0.23934 0.234327 0.228984 0.223308 0.217295 0.210945 0.204255 0.197227 0.189862 0.182165 0.174141 0.165796 0.157138 0.148178 0.138927 0.129398 0.119606 0.109566 0.0992965 0.0888162 0.0781451 0.0673044 0.0563164 0.0452042 0.0339917 0.0227035 0.0113645 0 
0 0.0116113 0.0231981 0.0347358 0.0462004 0.057568 0.0688157 0.0799208 0.0908617 0.101618 0.112169 0.122498 0.132586 0.142418 0.151978 0.161255 0.170235 0.178909 0.187267 0.195303 0.203011 0.210385 0.217423 0.224123 0.230484 0.236507 0.242194 0.247547 0.25257 0.257267 0.261643 0.265704 0.269455 0.272904 0.276055 0.278915 0.281492 0.283791 0.285817 0.287578 0.289076 0.290318 0.291307 0.292045 0.292536 0.292782 0.292782 0.292536 0.292045 0.291307 0.290318 0.289076 0.287578 0.285817 0.283791 0.281492 0.278915 0.276055 0.272904 0.269455 0.265704 0.261643 0.257267 0.25257 0.247547 0.242194 0.236507 0.230484 0.224123 0.217423 0.210385 0.203011 0.195303 0.187267 0.178909 0.170235 0.161255 0.151978 0.142418 0.132586 0.122498 0.112169 0.101618 0.0908617 0.0799208 0.0688157 0.057568 0.0462004 0.0347358 0.0231981 0.0116113 0 
0 0.0118828 0.0237418 0.0355532 0.0472936 0.0589399 0.0704696 0.0818608 0.0930923 0.104144 0.114996 0.125631 0.13603 0.146179 0.156063 0.165667 0.17498 0.183992 0.192692 0.201073 0.209128 0.216851 0.224239 0.231289 0.237998 0.244367 0.250395 0.256084 0.261437 0.266455 0.271143 0.275504 0.279544 0.283267 0.286677 0.289781 0.292583 0.295088 0.297301 0.299227 0.300869 0.302232 0.303318 0.30413 0.30467 0.30494 0.30494 0.30467 0.30413 0.303318 0.302232 0.300869 0.299227 0.297301 0.295088 0.292583 0.289781 0.286677 0.283267 0.279544 0.275504 0.271143 0.266455 0.261437 0.256084 0.250395 0.244367 0.237998 0.231289 0.224239 0.216851 0.209128 0.201073 0.192692 0.183992 0.17498 0.165667 0.156063 0.146179 0.13603 0.125631 0.114996 0.104144 0.0930923 0.0818608 0.0704696 0.0589399 0.0472936 0.0355532 0.0237418 0.0118828 0 
0 0.0121782 0.0243331 0.0364416 0.0484809 0.0604284 0.0722622 0.0839606 0.095503 0.106869 0.11804 0.128998 0.139726 0.150207 0.160426 0.170371 0.180028 0.189387 0.198437 0.207169 0.215577 0.223654 0.231394 0.238795 0.245853 0.252567 0.258935 0.264959 0.270637 0.275973 0.280969 0.285627 0.28995 0.293942 0.297607 0.300949 0.303971 0.306678 0.309072 0.311159 0.312941 0.314422 0.315603 0.316487 0.317075 0.317369 0.317369 0.317075 0.316487 0.315603 0.314422 0.312941 0.311159 0.309072 0.306678 0.303971 0.300949 0.297607 0.293942 0.28995 0.285627 0.280969 0.275973 0.270637 0.264959 0.258935 0.252567 0.245853 0.238795 0.231394 0.223654 0.215577 0.207169 0.198437 0.189387 0.180028 0.170371 0.160426 0.150207 0.139726 0.128998 0.11804 0.106869 0.095503 0.0839606 0.0722622 0.0604284 0.0484809 0.0364416 0.0243331 0.0121782 0 
0 0.0124968 0.0249708 0.0373993 0.0497601 0.0620309 0.0741901 0.0862166 0.0980899 0.10979 0.121298 0.132597 0.143668 0.154496 0.165065 0.175363 0.185375 0.19509 0.204499 0.21359 0.222357 0.230792 0.23889 0.246645 0.254053 0.261113 0.267821 0.274177 0.280181 0.285832 0.291133 0.296084 0.300687 0.304945 0.30886 0.312436 0.315674 0.318579 0.321152 0.323397 0.325316 0.326911 0.328185 0.329139 0.329774 0.330091 0.330091 0.329774 0.329139 0.328185 0.326911 0.325316 0.323397 0.321152 0.318579 0.315674 0.312436 0.30886 0.304945 0.300687 0.296084 0.291133 0.285832 0.280181 0.274177 0.267821 0.261113 0.254053 0.246645 0.23889 0.230792 0.222357 0.21359 0.204499 0.19509 0.185375 0.175363 0.165065 0.154496 0.143668 0.132597 0.121298 0.10979 0.0980899 0.0862166 0.0741901 0.0620309 0.0497601 0.0373993 0.0249708 0.0124968 0 
0 0.0128381 0.0256539 0.038425 0.0511293 0.0637451 0.0762509 0.0886259 0.10085 0.112903 0.124767 0.136422 0.147853 0.159043 0.169977 0.180639 0.191018 0.201101 0.210877 0.220336 0.229469 0.238269 0.246728 0.254841 0.262602 0.27001 0.277059 0.283748 0.290077 0.296042 0.301646 0.306888 0.311769 0.31629 0.320453 0.324259 0.327711 0.330811 0.33356 0.33596 0.338013 0.339722 0.341087 0.342109 0.34279 0.343131 0.343131 0.34279 0.342109 0.341087 0.339722 0.338013 0.33596 0.33356 0.330811 0.327711 0.324259 0.320453 0.31629 0.311769 0.306888 0.301646 0.296042 0.290077 0.283748 0.277059 0.27001 0.262602 0.254841 0.246728 0.238269 0.229469 0.220336 0.210877 0.201101 0.191018 0.180639 0.169977 0.159043 0.147853 0.136422 0.124767 0.112903 0.10085 0.0886259 0.0762509 0.0637451 0.0511293 0.038425 0.0256539 0.0128381 0 
0 0.0132019 0.0263818 0.0395174 0.0525871 0.0655692 0.0784426 0.0911865 0.103781 0.116206 0.128443 0.140473 0.15228 0.163847 0.175159 0.1862 0.196958 0.20742 0.217573 0.227408 0.236915 0.246086 0.254912 0.263387 0.271507 0.279264 0.286657 0.293681 0.300334 0.306615 0.312522 0.318054 0.323211 0.327994 0.332402 0.336438 0.340101 0.343393 0.346316 0.34887 0.351056 0.352876 0.354331 0.355421 0.356147 0.356511 0.356511 0.356147 0.355421 0.354331 0.352876 0.351056 0.34887 0.346316 0.343393 0.340101 0.336438 0.332402 0.327994 0.323211 0.318054 0.312522 0.306615 0.300334 0.293681 0.286657 0.279264 0.271507 0.263387 0.254912 0.246086 0.236915 0.227408 0.217573 0.20742 0.196958 0.1862 0.175159 0.163847 0.15228 0.140473 0.128443 0.116206 0.103781 0.0911865 0.0784426 0.0655692 0.0525871 0.0395174 0.0263818 0.0132019 0 
0 0.0135879 0.0271538 0.0406759 0.0541325 0.0675022 0.0807639 0.0938968 0.106881 0.119697 0.132325 0.144748 0.156947 0.168907 0.180611 0.192045 0.203194 0.214046 0.224588 0.234808 0.244698 0.254247 0.263447 0.272291 0.280772 0.288885 0.296624 0.303985 0.310965 0.317561 0.323772 0.329594 0.335028 0.340071 0.344725 0.348989 0.352862 0.356346 0.359441 0.362147 0.364465 0.366395 0.367939 0.369097 0.369868 0.370254 0.370254 0.369868 0.369097 0.367939 0.366395 0.364465 0.362147 0.359441 0.356346 0.352862 0.348989 0.344725 0.340071 0.335028 0.329594 0.323772 0.317561 0.310965 0.303985 0.296624 0.288885 0.280772 0.272291 0.263447 0.254247 0.244698 0.234808 0.224588 0.214046 0.203194 0.192045 0.180611 0.168907 0.156947 0.144748 0.132325 0.119697 0.106881 0.0938968 0.0807639 0.0675022 0.0541325 0.0406759 0.0271538 0.0135879 0 
0 0.0139958 0.0279697 0.0419 0.055765 0.0695433 0.0832139 0.0967561 0.11015 0.123375 0.136413 0.149245 0.161854 0.174223 0.186335 0.198175 0.209728 0.220982 0.231923 0.24254 0.252821 0.262757 0.272339 0.281558 0.290406 0.298878 0.306968 0.31467 0.32198 0.328894 0.33541 0.341523 0.347234 0.352539 0.357438 0.361929 0.366013 0.369688 0.372954 0.375812 0.378261 0.380302 0.381934 0.383158 0.383974 0.384382 0.384382 0.383974 0.383158 0.381934 0.380302 0.378261 0.375812 0.372954 0.369688 0.366013 0.361929 0.357438 0.352539 0.347234 0.341523 0.33541 0.328894 0.32198 0.31467 0.306968 0.298878 0.290406 0.281558 0.272339 0.262757 0.252821 0.24254 0.231923 0.220982 0.209728 0.198175 0.186335 0.174223 0.161854 0.149245 0.136413 0.123375 0.11015 0.0967561 0.0832139 0.0695433 0.055765 0.0419 0.0279697 0.0139958 0 
0 0.0144256 0.0288293 0.0431893 0.0574841 0.0716921 0.0857924 0.0997641 0.113587 0.127241 0.140707 0.153967 0.167002 0.179795 0.19233 0.204591 0.216562 0.228231 0.239583 0.250607 0.26129 0.271622 0.281593 0.291194 0.300417 0.309255 0.3177 0.325747 0.33339 0.340626 0.347449 0.353856 0.359845 0.365413 0.370558 0.375278 0.379572 0.383438 0.386876 0.389886 0.392466 0.394617 0.396337 0.397628 0.398488 0.398919 0.398919 0.398488 0.397628 0.396337 0.394617 0.392466 0.389886 0.386876 0.383438 0.379572 0.375278 0.370558 0.365413 0.359845 0.353856 0.347449 0.340626 0.33339 0.325747 0.3177 0.309255 0.300417 0.291194 0.281593 0.271622 0.26129 0.250607 0.239583 0.228231 0.216562 0.204591 0.19233 0.179795 0.167002 0.153967 0.140707 0.127241 0.113587 0.0997641 0.0857924 0.0716921 0.0574841 0.0431893 0.0288293 0.0144256 0 
0 0.0148772 0.0297325 0.044544 0.05929 0.0739489 0.0884995 0.102921 0.117193 0.131295 0.145208 0.158913 0.172391 0.185626 0.198599 0.211296 0.2237 0.235797 0.247572 0.259014 0.27011 0.280848 0.291218 0.301209 0.310814 0.320024 0.32883 0.337228 0.345209 0.35277 0.359904 0.366608 0.372878 0.378711 0.384103 0.389053 0.393558 0.397617 0.401228 0.404389 0.407101 0.409361 0.411171 0.412528 0.413433 0.413885 0.413885 0.413433 0.412528 0.411171 0.409361 0.407101 0.404389 0.401228 0.397617 0.393558 0.389053 0.384103 0.378711 0.372878 0.366608 0.359904 0.35277 0.345209 0.337228 0.32883 0.320024 0.310814 0.301209 0.291218 0.280848 0.27011 0.259014 0.247572 0.235797 0.2237 0.211296 0.198599 0.185626 0.172391 0.158913 0.145208 0.131295 0.117193 0.102921 0.0884995 0.0739489 0.05929 0.044544 0.0297325 0.0148772 0 
0 0.0153509 0.0306796 0.0459643 0.061183 0.076314 0.0913359 0.106228 0.120968 0.135538 0.149917 0.164085 0.178025 0.191717 0.205146 0.218294 0.231144 0.243683 0.255896 0.267768 0.279288 0.290442 0.30122 0.311611 0.321606 0.331195 0.34037 0.349124 0.357449 0.36534 0.37279 0.379794 0.386348 0.392449 0.398091 0.403273 0.407991 0.412243 0.416028 0.419342 0.422186 0.424557 0.426456 0.42788 0.42883 0.429305 0.429305 0.42883 0.42788 0.426456 0.424557 0.422186 0.419342 0.416028 0.412243 0.407991 0.403273 0.398091 0.392449 0.386348 0.379794 0.37279 0.36534 0.357449 0.349124 0.34037 0.331195 0.321606 0.311611 0.30122 0.290442 0.279288 0.267768 0.255896 0.243683 0.231144 0.218294 0.205146 0.191717 0.178025 0.164085 0.149917 0.135538 0.120968 0.106228 0.0913359 0.076314 0.061183 0.0459643 0.0306796 0.0153509 0 
0 0.0158466 0.0316708 0.0474506 0.0631637 0.0787882 0.0943025 0.109685 0.124915 0.139972 0.154836 0.169487 0.183905 0.198074 0.211974 0.225588 0.238901 0.251897 0.264559 0.276875 0.28883 0.300413 0.31161 0.32241 0.332804 0.342781 0.352332 0.361449 0.370124 0.37835 0.386121 0.39343 0.400273 0.406644 0.41254 0.417956 0.42289 0.427338 0.431298 0.434767 0.437744 0.440227 0.442215 0.443707 0.444702 0.445199 0.445199 0.444702 0.443707 0.442215 0.440227 0.437744 0.434767 0.431298 0.427338 0.42289 0.417956 0.41254 0.406644 0.400273 0.39343 0.386121 0.37835 0.370124 0.361449 0.352332 0.342781 0.332804 0.32241 0.31161 0.300413 0.28883 0.276875 0.264559 0.251897 0.238901 0.225588 0.211974 0.198074 0.183905 0.169487 0.154836 0.139972 0.124915 0.109685 0.0943025 0.0787882 0.0631637 0.0474506 0.0316708 0.0158466 0 
0 0.0163646 0.0327066 0.0490035 0.065233 0.0813727 0.0974008 0.113296 0.129035 0.1446 0.159968 0.17512 0.190036 0.204698 0.219087 0.233185 0.246976 0.260442 0.27357 0.286342 0.298747 0.310769 0.322396 0.333616 0.344419 0.354793 0.364728 0.374216 0.383248 0.391816 0.399913 0.407533 0.414669 0.421315 0.427468 0.433122 0.438275 0.442921 0.447058 0.450684 0.453795 0.456391 0.45847 0.46003 0.461071 0.461591 0.461591 0.461071 0.46003 0.45847 0.456391 0.453795 0.450684 0.447058 0.442921 0.438275 0.433122 0.427468 0.421315 0.414669 0.407533 0.399913 0.391816 0.383248 0.374216 0.364728 0.354793 0.344419 0.333616 0.322396 0.310769 0.298747 0.286342 0.27357 0.260442 0.246976 0.233185 0.219087 0.204698 0.190036 0.17512 0.159968 0.1446 0.129035 0.113296 0.0974008 0.0813727 0.065233 0.0490035 0.0327066 0.0163646 0 
0 0.0169052 0.0337875 0.050624 0.067392 0.084069 0.100633 0.117061 0.133331 0.149424 0.165316 0.180989 0.196422 0.211595 0.226491 0.241089 0.255374 0.269328 0.282935 0.296179 0.309045 0.321519 0.333589 0.34524 0.356462 0.367243 0.377572 0.387439 0.396836 0.405753 0.414183 0.422119 0.429553 0.436481 0.442895 0.448791 0.454165 0.459013 0.46333 0.467114 0.470363 0.473073 0.475244 0.476873 0.47796 0.478504 0.478504 0.47796 0.476873 0.475244 0.473073 0.470363 0.467114 0.46333 0.459013 0.454165 0.448791 0.442895 0.436481 0.429553 0.422119 0.414183 0.405753 0.396836 0.387439 0.377572 0.367243 0.356462 0.34524 0.333589 0.321519 0.309045 0.296179 0.282935 0.269328 0.255374 0.241089 0.226491 0.211595 0.196422 0.180989 0.165316 0.149424 0.133331 0.117061 0.100633 0.084069 0.067392 0.050624 0.0337875 0.0169052 0 
0 0.0174687 0.0349141 0.052313 0.0696421 0.0868787 0.104 0.120983 0.137806 0.154447 0.170885 0.187098 0.203067 0.218771 0.234191 0.249308 0.264104 0.278561 0.292663 0.306393 0.319735 0.332676 0.3452 0.357294 0.368947 0.380145 0.390877 0.401133 0.410903 0.420178 0.428948 0.437207 0.444946 0.452159 0.45884 0.464982 0.470582 0.475634 0.480135 0.484081 0.487468 0.490295 0.492559 0.494259 0.495393 0.49596 0.49596 0.495393 0.494259 0.492559 0.490295 0.487468 0.484081 0.480135 0.475634 0.470582 0.464982 0.45884 0.452159 0.444946 0.437207 0.428948 0.420178 0.410903 0.401133 0.390877 0.380145 0.368947 0.357294 0.3452 0.332676 0.319735 0.306393 0.292663 0.278561 0.264104 0.249308 0.234191 0.218771 0.203067 0.187098 0.170885 0.154447 0.137806 0.120983 0.104 0.0868787 0.0696421 0.052313 0.0349141 0.0174687 0 
0 0.0180555 0.0360873 0.0540717 0.071985 0.0898038 0.107505 0.125065 0.142463 0.159674 0.176678 0.193453 0.209977 0.226231 0.242194 0.257848 0.273172 0.28815 0.302762 0.316994 0.330828 0.344248 0.357241 0.369791 0.381886 0.393512 0.404659 0.415314 0.425466 0.435106 0.444225 0.452814 0.460864 0.468369 0.475322 0.481716 0.487547 0.492808 0.497496 0.501606 0.505135 0.50808 0.510439 0.51221 0.513392 0.513983 0.513983 0.513392 0.51221 0.510439 0.50808 0.505135 0.501606 0.497496 0.492808 0.487547 0.481716 0.475322 0.468369 0.460864 0.452814 0.444225 0.435106 0.425466 0.415314 0.404659 0.393512 0.381886 0.369791 0.357241 0.344248 0.330828 0.316994 0.302762 0.28815 0.273172 0.257848 0.242194 0.226231 0.209977 0.193453 0.176678 0.159674 0.142463 0.125065 0.107505 0.0898038 0.071985 0.0540717 0.0360873 0.0180555 0 
0 0.0186661 0.037308 0.0559014 0.0744223 0.0928467 0.111151 0.129311 0.147305 0.165109 0.1827 0.200057 0.217158 0.233982 0.250508 0.266716 0.282588 0.298103 0.313244 0.327993 0.342333 0.356249 0.369724 0.382743 0.395293 0.407361 0.418932 0.429996 0.440541 0.450557 0.460032 0.468959 0.477329 0.485132 0.492363 0.499015 0.505081 0.510555 0.515433 0.519711 0.523385 0.526451 0.528908 0.530752 0.531982 0.532597 0.532597 0.531982 0.530752 0.528908 0.526451 0.523385 0.519711 0.515433 0.510555 0.505081 0.499015 0.492363 0.485132 0.477329 0.468959 0.460032 0.450557 0.440541 0.429996 0.418932 0.407361 0.395293 0.382743 0.369724 0.356249 0.342333 0.327993 0.313244 0.298103 0.282588 0.266716 0.250508 0.233982 0.217158 0.200057 0.1827 0.165109 0.147305 0.129311 0.111151 0.0928467 0.0744223 0.0559014 0.037308 0.0186661 0 
0 0.019301 0.0385771 0.0578037 0.0769562 0.0960099 0.114941 0.133724 0.152337 0.170755 0.188956 0.206917 0.224616 0.24203 0.259139 0.275922 0.292359 0.308431 0.324117 0.339401 0.354264 0.36869 0.382662 0.396165 0.409184 0.421704 0.433713 0.445198 0.456146 0.466547 0.476389 0.485662 0.494358 0.502468 0.509984 0.516899 0.523206 0.528898 0.533972 0.538421 0.542243 0.545433 0.547988 0.549907 0.551187 0.551827 0.551827 0.551187 0.549907 0.547988 0.545433 0.542243 0.538421 0.533972 0.528898 0.523206 0.516899 0.509984 0.502468 0.494358 0.485662 0.476389 0.466547 0.456146 0.445198 0.433713 0.421704 0.409184 0.396165 0.382662 0.36869 0.354264 0.339401 0.324117 0.308431 0.292359 0.275922 0.259139 0.24203 0.224616 0.206917 0.188956 0.170755 0.152337 0.133724 0.114941 0.0960099 0.0769562 0.0578037 0.0385771 0.019301 0 
0 0.0199606 0.0398958 0.0597803 0.0795887 0.0992961 0.118877 0.138308 0.157564 0.17662 0.195453 0.21404 0.232358 0.250384 0.268097 0.285475 0.302497 0.319143 0.335393 0.351229 0.366632 0.381585 0.39607 0.410071 0.423572 0.43656 0.449019 0.460936 0.472299 0.483095 0.493313 0.502943 0.511975 0.520399 0.528207 0.535391 0.541945 0.547861 0.553134 0.55776 0.561732 0.565049 0.567706 0.5697 0.571031 0.571697 0.571697 0.571031 0.5697 0.567706 0.565049 0.561732 0.55776 0.553134 0.547861 0.541945 0.535391 0.528207 0.520399 0.511975 0.502943 0.493313 0.483095 0.472299 0.460936 0.449019 0.43656 0.423572 0.410071 0.39607 0.381585 0.366632 0.351229 0.335393 0.319143 0.302497 0.285475 0.268097 0.250384 0.232358 0.21404 0.195453 0.17662 0.157564 0.138308 0.118877 0.0992961 0.0795887 0.0597803 0.0398958 0.0199606 0 
0 0.0206456 0.0412652 0.0618328 0.0823225 0.102708 0.122965 0.143067 0.162989 0.182707 0.202196 0.221432 0.240392 0.259052 0.27739 0.295383 0.31301 0.330251 0.347084 0.363491 0.379451 0.394947 0.409961 0.424476 0.438476 0.451944 0.464867 0.477229 0.489018 0.500221 0.510826 0.520822 0.530198 0.538945 0.547053 0.554514 0.561321 0.567467 0.572945 0.577751 0.581878 0.585324 0.588085 0.590158 0.591541 0.592233 0.592233 0.591541 0.590158 0.588085 0.585324 0.581878 0.577751 0.572945 0.567467 0.561321 0.554514 0.547053 0.538945 0.530198 0.520822 0.510826 0.500221 0.489018 0.477229 0.464867 0.451944 0.438476 0.424476 0.409961 0.394947 0.379451 0.363491 0.347084 0.330251 0.31301 0.295383 0.27739 0.259052 0.240392 0.221432 0.202196 0.182707 0.162989 0.143067 0.122965 0.102708 0.0823225 0.0618328 0.0412652 0.0206456 0 
0 0.0213567 0.0426867 0.0639633 0.0851599 0.10625 0.127207 0.148006 0.16862 0.189024 0.209192 0.229101 0.248726 0.268042 0.287027 0.305657 0.323911 0.341766 0.359202 0.376198 0.392735 0.408792 0.424352 0.439397 0.45391 0.467874 0.481274 0.494096 0.506324 0.517946 0.528949 0.539321 0.549051 0.55813 0.566546 0.574292 0.581359 0.58774 0.593429 0.598419 0.602706 0.606285 0.609153 0.611306 0.612743 0.613461 0.613461 0.612743 0.611306 0.609153 0.606285 0.602706 0.598419 0.593429 0.58774 0.581359 0.574292 0.566546 0.55813 0.549051 0.539321 0.528949 0.517946 0.506324 0.494096 0.481274 0.467874 0.45391 0.439397 0.424352 0.408792 0.392735 0.376198 0.359202 0.341766 0.323911 0.305657 0.287027 0.268042 0.248726 0.229101 0.209192 0.189024 0.16862 0.148006 0.127207 0.10625 0.0851599 0.0639633 0.0426867 0.0213567 0 
0 0.0220946 0.0441617 0.0661739 0.0881038 0.109924 0.131608 0.153129 0.17446 0.195575 0.216448 0.237054 0.257367 0.277363 0.297018 0.316308 0.33521 0.353701 0.37176 0.389366 0.406497 0.423134 0.439258 0.45485 0.469893 0.484369 0.498261 0.511555 0.524236 0.53629 0.547702 0.558462 0.568557 0.577976 0.58671 0.594748 0.602083 0.608706 0.614611 0.619791 0.624242 0.627957 0.630935 0.63317 0.634662 0.635408 0.635408 0.634662 0.63317 0.630935 0.627957 0.624242 0.619791 0.614611 0.608706 0.602083 0.594748 0.58671 0.577976 0.568557 0.558462 0.547702 0.53629 0.524236 0.511555 0.498261 0.484369 0.469893 0.45485 0.439258 0.423134 0.406497 0.389366 0.37176 0.353701 0.33521 0.316308 0.297018 0.277363 0.257367 0.237054 0.216448 0.195575 0.17446 0.153129 0.131608 0.109924 0.0881038 0.0661739 0.0441617 0.0220946 0 
0 0.0228599 0.0456915 0.0684667 0.0911572 0.113735 0.136173 0.158443 0.180517 0.202369 0.223972 0.2453 0.266326 0.287026 0.307375 0.327347 0.346919 0.366069 0.384772 0.403008 0.420754 0.43799 0.454696 0.470853 0.486443 0.501446 0.515847 0.529629 0.542776 0.555274 0.567109 0.578268 0.588738 0.598509 0.607569 0.615908 0.623518 0.630391 0.636518 0.641894 0.646512 0.650368 0.653458 0.655779 0.657327 0.658101 0.658101 0.657327 0.655779 0.653458 0.650368 0.646512 0.641894 0.636518 0.630391 0.623518 0.615908 0.607569 0.598509 0.588738 0.578268 0.567109 0.555274 0.542776 0.529629 0.515847 0.501446 0.486443 0.470853 0.454696 0.43799 0.420754 0.403008 0.384772 0.366069 0.346919 0.327347 0.307375 0.287026 0.266326 0.2453 0.223972 0.202369 0.180517 0.158443 0.136173 0.113735 0.0911572 0.0684667 0.0456915 0.0228599 0 
0 0.0236534 0.0472778 0.0708441 0.0943232 0.117687 0.140905 0.163951 0.186796 0.209412 0.231771 0.253847 0.275612 0.297041 0.318107 0.338786 0.359052 0.378882 0.398252 0.417139 0.435521 0.453376 0.470684 0.487424 0.503578 0.519126 0.534051 0.548336 0.561965 0.574922 0.587192 0.598762 0.60962 0.619752 0.629148 0.637798 0.645692 0.65282 0.659177 0.664754 0.669545 0.673546 0.676752 0.679159 0.680766 0.681569 0.681569 0.680766 0.679159 0.676752 0.673546 0.669545 0.664754 0.659177 0.65282 0.645692 0.637798 0.629148 0.619752 0.60962 0.598762 0.587192 0.574922 0.561965 0.548336 0.534051 0.519126 0.503578 0.487424 0.470684 0.453376 0.435521 0.417139 0.398252 0.378882 0.359052 0.338786 0.318107 0.297041 0.275612 0.253847 0.231771 0.209412 0.186796 0.163951 0.140905 0.117687 0.0943232 0.0708441 0.0472778 0.0236534 0 
0 0.0244761 0.0489222 0.0733085 0.0976051 0.121782 0.145811 0.169661 0.193304 0.216711 0.239854 0.262704 0.285234 0.307418 0.329227 0.350637 0.371621 0.392155 0.412214 0.431775 0.450814 0.469309 0.487239 0.504582 0.521319 0.53743 0.552896 0.567701 0.581826 0.595256 0.607975 0.61997 0.631226 0.641732 0.651475 0.660444 0.66863 0.676023 0.682615 0.688399 0.693369 0.697519 0.700844 0.703341 0.705007 0.705841 0.705841 0.705007 0.703341 0.700844 0.697519 0.693369 0.688399 0.682615 0.676023 0.66863 0.660444 0.651475 0.641732 0.631226 0.61997 0.607975 0.595256 0.581826 0.567701 0.552896 0.53743 0.521319 0.504582 0.487239 0.469309 0.450814 0.431775 0.412214 0.392155 0.371621 0.350637 0.329227 0.307418 0.285234 0.262704 0.239854 0.216711 0.193304 0.169661 0.145811 0.121782 0.0976051 0.0733085 0.0489222 0.0244761 0 
0 0.0253287 0.0506266 0.0758627 0.101006 0.126027 0.150894 0.175578 0.200048 0.224275 0.248229 0.271881 0.295204 0.318169 0.340748 0.362914 0.384641 0.405904 0.426676 0.446933 0.466652 0.485808 0.504381 0.522347 0.539686 0.556378 0.572404 0.587744 0.602382 0.6163 0.629483 0.641916 0.653584 0.664474 0.674575 0.683874 0.69236 0.700026 0.706861 0.712859 0.718013 0.722316 0.725764 0.728354 0.730082 0.730946 0.730946 0.730082 0.728354 0.725764 0.722316 0.718013 0.712859 0.706861 0.700026 0.69236 0.683874 0.674575 0.664474 0.653584 0.641916 0.629483 0.6163 0.602382 0.587744 0.572404 0.556378 0.539686 0.522347 0.504381 0.485808 0.466652 0.446933 0.426676 0.405904 0.384641 0.362914 0.340748 0.318169 0.295204 0.271881 0.248229 0.224275 0.200048 0.175578 0.150894 0.126027 0.101006 0.0758627 0.0506266 0.0253287 0 
0 0.0262122 0.0523926 0.0785093 0.104531 0.130425 0.156162 0.181709 0.207035 0.232111 0.256905 0.281389 0.305532 0.329305 0.352681 0.37563 0.398126 0.420142 0.441652 0.46263 0.483051 0.502892 0.522128 0.540739 0.5587 0.575993 0.592596 0.60849 0.623658 0.63808 0.651742 0.664627 0.67672 0.688007 0.698476 0.708115 0.716913 0.724859 0.731946 0.738164 0.743507 0.747968 0.751543 0.754228 0.75602 0.756916 0.756916 0.75602 0.754228 0.751543 0.747968 0.743507 0.738164 0.731946 0.724859 0.716913 0.708115 0.698476 0.688007 0.67672 0.664627 0.651742 0.63808 0.623658 0.60849 0.592596 0.575993 0.5587 0.540739 0.522128 0.502892 0.483051 0.46263 0.441652 0.420142 0.398126 0.37563 0.352681 0.329305 0.305532 0.281389 0.256905 0.232111 0.207035 0.181709 0.156162 0.130425 0.104531 0.0785093 0.0523926 0.0262122 0 
0 0.0271275 0.0542222 0.0812513 0.108182 0.134982 0.161619 0.18806 0.214274 0.240228 0.265893 0.291237 0.316229 0.34084 0.36504 0.3888 0.412091 0.434887 0.45716 0.478883 0.500031 0.520579 0.540503 0.559779 0.578384 0.596297 0.613497 0.629964 0.645678 0.660622 0.674778 0.688129 0.700661 0.712358 0.723208 0.733198 0.742317 0.750553 0.757898 0.764344 0.769882 0.774507 0.778213 0.780996 0.782854 0.783783 0.783783 0.782854 0.780996 0.778213 0.774507 0.769882 0.764344 0.757898 0.750553 0.742317 0.733198 0.723208 0.712358 0.700661 0.688129 0.674778 0.660622 0.645678 0.629964 0.613497 0.596297 0.578384 0.559779 0.540503 0.520579 0.500031 0.478883 0.45716 0.434887 0.412091 0.3888 0.36504 0.34084 0.316229 0.291237 0.265893 0.240228 0.214274 0.18806 0.161619 0.134982 0.108182 0.0812513 0.0542222 0.0271275 0 
0 0.0280757 0.0561175 0.0840916 0.111964 0.139702 0.167271 0.194638 0.221771 0.248636 0.275202 0.301436 0.327308 0.352785 0.377839 0.402437 0.426553 0.450155 0.473218 0.495712 0.517612 0.538892 0.559526 0.57949 0.59876 0.617315 0.635132 0.65219 0.66847 0.683952 0.698618 0.712452 0.725436 0.737558 0.748801 0.759153 0.768603 0.777139 0.784751 0.791431 0.797171 0.801964 0.805806 0.808691 0.810616 0.811579 0.811579 0.810616 0.808691 0.805806 0.801964 0.797171 0.791431 0.784751 0.777139 0.768603 0.759153 0.748801 0.737558 0.725436 0.712452 0.698618 0.683952 0.66847 0.65219 0.635132 0.617315 0.59876 0.57949 0.559526 0.538892 0.517612 0.495712 0.473218 0.450155 0.426553 0.402437 0.377839 0.352785 0.327308 0.301436 0.275202 0.248636 0.221771 0.194638 0.167271 0.139702 0.111964 0.0840916 0.0561175 0.0280757 0 
0 0.0290577 0.0580805 0.0870333 0.115881 0.14459 0.173125 0.201451 0.229536 0.257344 0.284843 0.311999 0.338781 0.365156 0.391092 0.416559 0.441526 0.465964 0.489843 0.513135 0.535813 0.557849 0.579218 0.599894 0.619853 0.639071 0.657525 0.675195 0.692059 0.708097 0.723291 0.737623 0.751076 0.763635 0.775284 0.786011 0.795802 0.804648 0.812536 0.819458 0.825407 0.830374 0.834355 0.837345 0.83934 0.840338 0.840338 0.83934 0.837345 0.834355 0.830374 0.825407 0.819458 0.812536 0.804648 0.795802 0.786011 0.775284 0.763635 0.751076 0.737623 0.723291 0.708097 0.692059 0.675195 0.657525 0.639071 0.619853 0.599894 0.579218 0.557849 0.535813 0.513135 0.489843 0.465964 0.441526 0.416559 0.391092 0.365156 0.338781 0.311999 0.284843 0.257344 0.229536 0.201451 0.173125 0.14459 0.115881 0.0870333 0.0580805 0.0290577 0 
0 0.0300748 0.0601134 0.0900799 0.119938 0.149653 0.179187 0.208507 0.237576 0.266361 0.294825 0.322937 0.350661 0.377964 0.404815 0.43118 0.45703 0.482331 0.507056 0.531174 0.554656 0.577475 0.599604 0.621016 0.641686 0.66159 0.680704 0.699006 0.716473 0.733087 0.748826 0.763673 0.77761 0.790621 0.80269 0.813804 0.823949 0.833114 0.841287 0.84846 0.854623 0.859771 0.863896 0.866994 0.869061 0.870096 0.870096 0.869061 0.866994 0.863896 0.859771 0.854623 0.84846 0.841287 0.833114 0.823949 0.813804 0.80269 0.790621 0.77761 0.763673 0.748826 0.733087 0.716473 0.699006 0.680704 0.66159 0.641686 0.621016 0.599604 0.577475 0.554656 0.531174 0.507056 0.482331 0.45703 0.43118 0.404815 0.377964 0.350661 0.322937 0.294825 0.266361 0.237576 0.208507 0.179187 0.149653 0.119938 0.0900799 0.0601134 0.0300748 0 
0 0.0311279 0.0622185 0.0932346 0.124139 0.154895 0.185465 0.215813 0.245902 0.275697 0.305162 0.334261 0.362961 0.391226 0.419023 0.446318 0.47308 0.499276 0.524875 0.549847 0.574162 0.597791 0.620706 0.642879 0.664286 0.684899 0.704695 0.72365 0.741743 0.758951 0.775254 0.790634 0.805071 0.818549 0.831052 0.842566 0.853076 0.862571 0.871039 0.878471 0.884857 0.89019 0.894464 0.897674 0.899816 0.900888 0.900888 0.899816 0.897674 0.894464 0.89019 0.884857 0.878471 0.871039 0.862571 0.853076 0.842566 0.831052 0.818549 0.805071 0.790634 0.775254 0.758951 0.741743 0.72365 0.704695 0.684899 0.664286 0.642879 0.620706 0.597791 0.574162 0.549847 0.524875 0.499276 0.47308 0.446318 0.419023 0.391226 0.362961 0.334261 0.305162 0.275697 0.245902 0.215813 0.185465 0.154895 0.124139 0.0932346 0.0622185 0.0311279 0 
0 0.0322184 0.0643982 0.096501 0.128488 0.160322 0.191964 0.223377 0.254522 0.285364 0.315864 0.345986 0.375696 0.404956 0.433732 0.46199 0.489697 0.516818 0.543323 0.569178 0.594354 0.618821 0.642549 0.665511 0.687678 0.709025 0.729527 0.749159 0.767897 0.78572 0.802606 0.818536 0.833491 0.847452 0.860404 0.872331 0.883219 0.893055 0.901828 0.909527 0.916143 0.921668 0.926096 0.929422 0.931641 0.932752 0.932752 0.931641 0.929422 0.926096 0.921668 0.916143 0.909527 0.901828 0.893055 0.883219 0.872331 0.860404 0.847452 0.833491 0.818536 0.802606 0.78572 0.767897 0.749159 0.729527 0.709025 0.687678 0.665511 0.642549 0.618821 0.594354 0.569178 0.543323 0.516818 0.489697 0.46199 0.433732 0.404956 0.375696 0.345986 0.315864 0.285364 0.254522 0.223377 0.191964 0.160322 0.128488 0.096501 0.0643982 0.0322184 0 
0 0.0333473 0.0666549 0.0998828 0.132992 0.165942 0.198693 0.231208 0.263447 0.295371 0.326943 0.358125 0.388879 0.41917 0.44896 0.478214 0.506898 0.534977 0.562418 0.589189 0.615256 0.64059 0.66516 0.688936 0.711891 0.733998 0.755229 0.77556 0.794967 0.813426 0.830915 0.847414 0.862904 0.877365 0.890781 0.903136 0.914414 0.924603 0.933691 0.941666 0.94852 0.954244 0.958832 0.962277 0.964576 0.965726 0.965726 0.964576 0.962277 0.958832 0.954244 0.94852 0.941666 0.933691 0.924603 0.914414 0.903136 0.890781 0.877365 0.862904 0.847414 0.830915 0.813426 0.794967 0.77556 0.755229 0.733998 0.711891 0.688936 0.66516 0.64059 0.615256 0.589189 0.562418 0.534977 0.506898 0.478214 0.44896 0.41917 0.388879 0.358125 0.326943 0.295371 0.263447 0.231208 0.198693 0.165942 0.132992 0.0998828 0.0666549 0.0333473 0 
0 0.0345161 0.0689911 0.103384 0.137654 0.171759 0.20566 0.239316 0.272686 0.305732 0.338413 0.370691 0.402527 0.433884 0.464723 0.495009 0.524704 0.553775 0.582185 0.609902 0.636892 0.663123 0.688563 0.713183 0.736953 0.759845 0.781831 0.802886 0.822984 0.842101 0.860214 0.877303 0.893346 0.908324 0.92222 0.935016 0.946699 0.957253 0.966666 0.974928 0.982028 0.987957 0.992709 0.996278 0.998659 0.999851 0.999851 0.998659 0.996278 0.992709 0.987957 0.982028 0.974928 0.966666 0.957253 0.946699 0.935016 0.92222 0.908324 0.893346 0.877303 0.860214 0.842101 0.822984 0.802886 0.781831 0.759845 0.736953 0.713183 0.688563 0.663123 0.636892 0.609902 0.582185 0.553775 0.524704 0.495009 0.464723 0.433884 0.402527 0.370691 0.338413 0.305732 0.272686 0.239316 0.20566 0.171759 0.137654 0.103384 0.0689911 0.0345161 0 
