C h:0.0285714
C GRID SIZE:36
C N:34
0 1.06415 2.0516 2.89118 3.52238 3.89971 3.99597 3.80423 3.33829 2.63175 1.73553 0.714228 -0.358557 -1.4055 -2.35114 -3.12733 -3.67811 -3.9638 -3.9638 -3.67811 -3.12733 -2.35114 -1.4055 -0.358557 0.714228 1.73553 2.63175 3.33829 3.80423 3.99597 3.89971 3.52238 2.89118 2.0516 1.06415 -1.46935e-18 
0 0.813632 1.56867 2.21073 2.69359 2.98248 3.05663 2.91074 2.55534 2.0161 1.33191 0.552115 -0.267059 -1.06655 -1.7887 -2.38147 -2.80211 -3.02029 -3.02029 -2.80211 -2.38147 -1.7887 -1.06655 -0.267059 0.552115 1.33191 2.0161 2.55534 2.91074 3.05663 2.98248 2.69359 2.21073 1.56867 0.813632 0 
0 0.622425 1.20008 1.69142 2.06111 2.28261 2.34002 2.22929 1.95847 1.54716 1.02506 0.429858 -0.195488 -0.805863 -1.35724 -1.80984 -2.13102 -2.29762 -2.29762 -2.13102 -1.80984 -1.35724 -0.805863 -0.195488 0.429858 1.02506 1.54716 1.95847 2.22929 2.34002 2.28261 2.06111 1.69142 1.20008 0.622425 0 
0 0.476535 0.918859 1.29523 1.57864 1.74881 1.79359 1.70987 1.50381 1.19035 0.792189 0.338113 -0.139071 -0.6049 -1.02574 -1.37122 -1.61639 -1.74357 -1.74357 -1.61639 -1.37122 -1.02574 -0.6049 -0.139071 0.338113 0.792189 1.19035 1.50381 1.70987 1.79359 1.74881 1.57864 1.29523 0.918859 0.476535 0 
0 0.36527 0.704396 0.993115 1.2108 1.34193 1.37722 1.3143 1.15784 0.919269 0.615913 0.269756 -0.0941471 -0.449474 -0.770535 -1.03413 -1.2212 -1.31824 -1.31824 -1.2212 -1.03413 -0.770535 -0.449474 -0.0941471 0.269756 0.615913 0.919269 1.15784 1.3143 1.37722 1.34193 1.2108 0.993115 0.704396 0.36527 0 
0 0.280467 0.540951 0.762905 0.930557 1.03204 1.06026 1.01338 0.894979 0.713761 0.482958 0.219357 -0.0579065 -0.328731 -0.573498 -0.774483 -0.917141 -0.991147 -0.991147 -0.917141 -0.774483 -0.573498 -0.328731 -0.0579065 0.219357 0.482958 0.713761 0.894979 1.01338 1.06026 1.03204 0.930557 0.762905 0.540951 0.280467 0 
0 0.215891 0.416503 0.587655 0.717285 0.796318 0.819316 0.784868 0.695693 0.558437 0.383196 0.182785 -0.028186 -0.234368 -0.420777 -0.573881 -0.682569 -0.738958 -0.738958 -0.682569 -0.573881 -0.420777 -0.234368 -0.028186 0.182785 0.383196 0.558437 0.695693 0.784868 0.819316 0.796318 0.717285 0.587655 0.416503 0.215891 0 
0 0.16678 0.321872 0.45443 0.555223 0.617306 0.636509 0.611743 0.54507 0.441558 0.308907 0.156898 -0.00331716 -0.16002 -0.301772 -0.418239 -0.500937 -0.543848 -0.543848 -0.500937 -0.418239 -0.301772 -0.16002 -0.00331716 0.156898 0.308907 0.441558 0.54507 0.611743 0.636509 0.617306 0.555223 0.45443 0.321872 0.16678 0 
0 0.129498 0.25005 0.353354 0.432342 0.481692 0.498203 0.481029 0.431732 0.354167 0.254207 0.139313 0.0179923 -0.10081 -0.208364 -0.29678 -0.359582 -0.392175 -0.392175 -0.359582 -0.29678 -0.208364 -0.10081 0.0179923 0.139313 0.254207 0.354167 0.431732 0.481029 0.498203 0.481692 0.432342 0.353354 0.25005 0.129498 0 
0 0.101269 0.195685 0.276887 0.339458 0.379313 0.393991 0.382827 0.347 0.28944 0.21462 0.128226 0.0367482 -0.0529916 -0.134331 -0.201251 -0.248809 -0.273498 -0.273498 -0.248809 -0.201251 -0.134331 -0.0529916 0.0367482 0.128226 0.21462 0.28944 0.347 0.382827 0.393991 0.379313 0.339458 0.276887 0.195685 0.101269 0 
0 0.0799746 0.154694 0.219276 0.269563 0.302414 0.31593 0.309584 0.284259 0.242178 0.186742 0.12228 0.0537387 -0.0136814 -0.0749002 -0.125327 -0.161191 -0.179817 -0.179817 -0.161191 -0.125327 -0.0749002 -0.0136814 0.0537387 0.12228 0.186742 0.242178 0.284259 0.309584 0.31593 0.302414 0.269563 0.219276 0.154694 0.0799746 0 
0 0.0639996 0.123961 0.176132 0.217313 0.245083 0.257968 0.255547 0.238474 0.208429 0.167992 0.120457 0.0695876 0.019345 -0.0264002 -0.0641488 -0.0910273 -0.104996 -0.104996 -0.0910273 -0.0641488 -0.0264002 0.019345 0.0695876 0.120457 0.167992 0.208429 0.238474 0.255547 0.257968 0.245083 0.217313 0.176132 0.123961 0.0639996 0 
0 0.0521113 0.101112 0.144109 0.178634 0.202812 0.215495 0.216335 0.205813 0.18519 0.15642 0.122002 0.0847944 0.0478112 0.0139978 -0.0139819 -0.0339396 -0.0443215 -0.0443215 -0.0339396 -0.0139819 0.0139978 0.0478112 0.0847944 0.122002 0.15642 0.18519 0.205813 0.216335 0.215495 0.202812 0.178634 0.144109 0.101112 0.0521113 0 
0 0.043371 0.0843367 0.12066 0.150425 0.172174 0.185001 0.188619 0.183368 0.170191 0.150558 0.126361 0.0997657 0.0730601 0.0484819 0.0280559 0.0134463 0.00583485 0.00583485 0.0134463 0.0280559 0.0484819 0.0730601 0.0997657 0.126361 0.150558 0.170191 0.183368 0.188619 0.185001 0.172174 0.150425 0.12066 0.0843367 0.043371 0 
0 0.037064 0.072259 0.103844 0.130326 0.150559 0.163825 0.169873 0.168939 0.161717 0.149309 0.133137 0.114839 0.0961458 0.0787528 0.0641959 0.053738 0.0482763 0.0482763 0.053738 0.0641959 0.0787528 0.0961458 0.114839 0.133137 0.149309 0.161717 0.168939 0.169873 0.163825 0.150559 0.130326 0.103844 0.072259 0.037064 0 
0 0.0326478 0.063833 0.0921909 0.116547 0.135993 0.149946 0.158187 0.160865 0.158484 0.15186 0.142055 0.130302 0.117904 0.106141 0.0961753 0.0889608 0.0851773 0.0851773 0.0889608 0.0961753 0.106141 0.117904 0.130302 0.142055 0.15186 0.158484 0.160865 0.158187 0.149946 0.135993 0.116547 0.0921909 0.063833 0.0326478 0 
0 0.0297109 0.0582661 0.0845849 0.107733 0.126979 0.141844 0.152124 0.157904 0.159536 0.157618 0.152935 0.146406 0.139007 0.131699 0.125356 0.120698 0.118235 0.118235 0.120698 0.125356 0.131699 0.139007 0.146406 0.152935 0.157618 0.159536 0.157904 0.152124 0.141844 0.126979 0.107733 0.0845849 0.0582661 0.0297109 0 
0 0.0279425 0.0549599 0.0801849 0.102862 0.122393 0.138373 0.150609 0.15913 0.164172 0.166162 0.165671 0.163377 0.160003 0.156266 0.152818 0.150197 0.148786 0.148786 0.150197 0.152818 0.156266 0.160003 0.163377 0.165671 0.166162 0.164172 0.15913 0.150609 0.138373 0.122393 0.102862 0.0801849 0.0549599 0.0279425 0 
0 0.0271091 0.053465 0.0783593 0.10117 0.121395 0.138682 0.152845 0.163865 0.171887 0.177203 0.18022 0.181426 0.181352 0.180525 0.179426 0.178454 0.177894 0.177894 0.178454 0.179426 0.180525 0.181352 0.181426 0.18022 0.177203 0.171887 0.163865 0.152845 0.138682 0.121395 0.10117 0.0783593 0.053465 0.0271091 0 
0 0.0270363 0.0534464 0.0786384 0.102087 0.123362 0.142146 0.158251 0.171621 0.182328 0.190557 0.196585 0.200755 0.203448 0.205041 0.205887 0.206276 0.206416 0.206416 0.206276 0.205887 0.205041 0.203448 0.200755 0.196585 0.190557 0.182328 0.171621 0.158251 0.142146 0.123362 0.102087 0.0786384 0.0534464 0.0270363 0 
0 0.0275956 0.0546569 0.0806765 0.105199 0.127841 0.14831 0.166413 0.182061 0.195263 0.206122 0.214812 0.221564 0.226636 0.230296 0.232791 0.234329 0.235059 0.235059 0.234329 0.232791 0.230296 0.226636 0.221564 0.214812 0.206122 0.195263 0.182061 0.166413 0.14831 0.127841 0.105199 0.0806765 0.0546569 0.0275956 0 
0 0.0286937 0.056918 0.0842245 0.110205 0.13451 0.156858 0.177048 0.19496 0.210555 0.223865 0.234984 0.244052 0.251234 0.256709 0.260643 0.263179 0.26442 0.26442 0.263179 0.260643 0.256709 0.251234 0.244052 0.234984 0.223865 0.210555 0.19496 0.177048 0.156858 0.13451 0.110205 0.0842245 0.056918 0.0286937 0 
0 0.0302647 0.0601036 0.0891078 0.1169 0.143148 0.167577 0.189973 0.210189 0.228142 0.243807 0.257213 0.268426 0.277538 0.284657 0.289886 0.293316 0.295013 0.295013 0.293316 0.289886 0.284657 0.277538 0.268426 0.257213 0.243807 0.228142 0.210189 0.189973 0.167577 0.143148 0.1169 0.0891078 0.0601036 0.0302647 0 
0 0.0322641 0.0641295 0.0952107 0.125148 0.153617 0.180341 0.20509 0.227692 0.248024 0.266016 0.281639 0.294902 0.305837 0.314493 0.320924 0.325179 0.327297 0.327297 0.325179 0.320924 0.314493 0.305837 0.294902 0.281639 0.266016 0.248024 0.227692 0.20509 0.180341 0.153617 0.125148 0.0952107 0.0641295 0.0322641 0 
0 0.0346646 0.068944 0.102464 0.134871 0.165841 0.195087 0.222364 0.247472 0.270254 0.290599 0.308431 0.323708 0.336415 0.346553 0.354135 0.359178 0.361695 0.361695 0.359178 0.354135 0.346553 0.336415 0.323708 0.308431 0.290599 0.270254 0.247472 0.222364 0.195087 0.165841 0.134871 0.102464 0.068944 0.0346646 0 
0 0.0374519 0.0745215 0.110835 0.146037 0.179795 0.211809 0.241815 0.269584 0.294929 0.3177 0.337781 0.355088 0.369563 0.38117 0.389886 0.395701 0.398609 0.398609 0.395701 0.389886 0.38117 0.369563 0.355088 0.337781 0.3177 0.294929 0.269584 0.241815 0.211809 0.179795 0.146037 0.110835 0.0745215 0.0374519 0 
0 0.0406232 0.0808578 0.120323 0.158651 0.195499 0.230547 0.263508 0.294127 0.322185 0.347496 0.369909 0.389303 0.405583 0.418678 0.428539 0.435131 0.438431 0.438431 0.435131 0.428539 0.418678 0.405583 0.389303 0.369909 0.347496 0.322185 0.294127 0.263508 0.230547 0.195499 0.158651 0.120323 0.0808578 0.0406232 0 
0 0.0441844 0.0879662 0.13095 0.172752 0.213008 0.251378 0.287549 0.321237 0.352192 0.380195 0.405062 0.426635 0.44479 0.459425 0.470464 0.477853 0.481556 0.481556 0.477853 0.470464 0.459425 0.44479 0.426635 0.405062 0.380195 0.352192 0.321237 0.287549 0.251378 0.213008 0.172752 0.13095 0.0879662 0.0441844 0 
0 0.0481492 0.0958753 0.142761 0.188402 0.232408 0.274414 0.314077 0.351085 0.385156 0.416037 0.443512 0.467392 0.48752 0.50377 0.516043 0.524264 0.528386 0.528386 0.524264 0.516043 0.50377 0.48752 0.467392 0.443512 0.416037 0.385156 0.351085 0.314077 0.274414 0.232408 0.188402 0.142761 0.0958753 0.0481492 0 
0 0.052538 0.104626 0.155821 0.205689 0.253813 0.299796 0.343266 0.383877 0.421313 0.455292 0.485562 0.511904 0.534134 0.552098 0.565676 0.574778 0.579343 0.579343 0.574778 0.565676 0.552098 0.534134 0.511904 0.485562 0.455292 0.421313 0.383877 0.343266 0.299796 0.253813 0.205689 0.155821 0.104626 0.052538 0 
0 0.0573773 0.114273 0.170211 0.224724 0.277363 0.327697 0.375318 0.419847 0.460934 0.498261 0.531544 0.560535 0.585018 0.604818 0.619791 0.629833 0.634871 0.634871 0.629833 0.619791 0.604818 0.585018 0.560535 0.531544 0.498261 0.460934 0.419847 0.375318 0.327697 0.277363 0.224724 0.170211 0.114273 0.0573773 0 
0 0.0626992 0.124879 0.186026 0.245637 0.303223 0.358315 0.410468 0.459266 0.504321 0.54528 0.581826 0.613678 0.640593 0.66237 0.678845 0.689896 0.695442 0.695442 0.689896 0.678845 0.66237 0.640593 0.613678 0.581826 0.54528 0.504321 0.459266 0.410468 0.358315 0.303223 0.245637 0.186026 0.124879 0.0626992 0 
0 0.0685411 0.13652 0.203381 0.268578 0.33158 0.391876 0.448979 0.502432 0.551809 0.596719 0.636808 0.671763 0.701313 0.72523 0.743329 0.755472 0.761567 0.761567 0.755472 0.743329 0.72523 0.701313 0.671763 0.636808 0.596719 0.551809 0.502432 0.448979 0.391876 0.33158 0.268578 0.203381 0.13652 0.0685411 0 
0 0.0749455 0.149281 0.222403 0.293718 0.362647 0.428633 0.491145 0.549681 0.603771 0.652985 0.696931 0.735261 0.767674 0.793914 0.813776 0.827104 0.833794 0.833794 0.827104 0.813776 0.793914 0.767674 0.735261 0.696931 0.652985 0.603771 0.549681 0.491145 0.428633 0.362647 0.293718 0.222403 0.149281 0.0749455 0 
0 0.0819605 0.163258 0.243235 0.321246 0.396661 0.468871 0.537294 0.601381 0.660616 0.714525 0.762676 0.804685 0.840216 0.868986 0.890766 0.905382 0.91272 0.91272 0.905382 0.890766 0.868986 0.840216 0.804685 0.762676 0.714525 0.660616 0.601381 0.537294 0.468871 0.396661 0.321246 0.243235 0.163258 0.0819605 0 
0 0.0896393 0.178557 0.266037 0.351375 0.433884 0.512899 0.587785 0.657939 0.722795 0.781831 0.834573 0.880596 0.919528 0.951057 0.974928 0.99095 0.998993 0.998993 0.99095 0.974928 0.951057 0.919528 0.880596 0.834573 0.781831 0.722795 0.657939 0.587785 0.512899 0.433884 0.351375 0.266037 0.178557 0.0896393 0 
