C h:0.0149254
C GRID SIZE:68
C N:66
0 0.560819 1.11056 1.63836 2.1338 2.58708 2.98925 3.33238 3.60967 3.81565 3.94625 3.9989 3.97255 3.86772 3.68648 3.43242 3.11055 2.72723 2.29004 1.8076 1.28946 0.74584 0.187489 -0.374566 -0.929221 -1.46552 -1.97287 -2.44124 -2.86139 -3.22501 -3.52492 -3.75519 -3.91129 -3.99011 -3.99011 -3.91129 -3.75519 -3.52492 -3.22501 -2.86139 -2.44124 -1.97287 -1.46552 -0.929221 -0.374566 0.187489 0.74584 1.28946 1.8076 2.29004 2.72723 3.11055 3.43242 3.68648 3.86772 3.97255 3.9989 3.94625 3.81565 3.60967 3.33238 2.98925 2.58708 2.1338 1.63836 1.11056 0.560819 -1.46935e-18 
0 0.487418 0.96521 1.42394 1.85455 2.24854 2.59812 2.8964 3.13749 3.31661 3.43025 3.47616 3.45343 3.36251 3.20521 2.98464 2.70514 2.37226 1.99257 1.57356 1.12353 0.651353 0.166372 -0.321835 -0.803621 -1.26947 -1.71017 -2.11702 -2.48198 -2.79784 -3.05836 -3.25839 -3.39399 -3.46246 -3.46246 -3.39399 -3.25839 -3.05836 -2.79784 -2.48198 -2.11702 -1.71017 -1.26947 -0.803621 -0.321835 0.166372 0.651353 1.12353 1.57356 1.99257 2.37226 2.70514 2.98464 3.20521 3.36251 3.45343 3.47616 3.43025 3.31661 3.13749 2.8964 2.59812 2.24854 1.85455 1.42394 0.96521 0.487418 0 
0 0.423673 0.838984 1.23773 1.61205 1.95455 2.25847 2.51781 2.72746 2.88329 2.98221 3.02228 3.00272 2.92391 2.78743 2.59596 2.35331 2.06426 1.73454 1.37065 0.979806 0.569716 0.14849 -0.275546 -0.694014 -1.09864 -1.48144 -1.83483 -2.15184 -2.4262 -2.65249 -2.82625 -2.94403 -3.0035 -3.0035 -2.94403 -2.82625 -2.65249 -2.4262 -2.15184 -1.83483 -1.48144 -1.09864 -0.694014 -0.275546 0.14849 0.569716 0.979806 1.37065 1.73454 2.06426 2.35331 2.59596 2.78743 2.92391 3.00272 3.02228 2.98221 2.88329 2.72746 2.51781 2.25847 1.95455 1.61205 1.23773 0.838984 0.423673 0 
0 0.368319 0.729373 1.07604 1.40148 1.69927 1.96354 2.18908 2.37145 2.50704 2.5932 2.62823 2.61144 2.54318 2.4248 2.25865 2.04802 1.79707 1.51078 1.1948 0.85539 0.499251 0.133429 -0.234845 -0.598291 -0.949724 -1.2822 -1.58914 -1.86448 -2.10279 -2.29934 -2.45026 -2.55256 -2.60422 -2.60422 -2.55256 -2.45026 -2.29934 -2.10279 -1.86448 -1.58914 -1.2822 -0.949724 -0.598291 -0.234845 0.133429 0.499251 0.85539 1.1948 1.51078 1.79707 2.04802 2.25865 2.4248 2.54318 2.61144 2.62823 2.5932 2.50704 2.37145 2.18908 1.96354 1.69927 1.40148 1.07604 0.729373 0.368319 0 
0 0.320256 0.634198 0.935639 1.21864 1.47761 1.70747 1.90367 2.06236 2.18041 2.2555 2.28617 2.27181 2.21273 2.1101 1.96596 1.78317 1.56535 1.31681 1.04247 0.747754 0.438503 0.120827 -0.198989 -0.514621 -0.819828 -1.10858 -1.37515 -1.61429 -1.82126 -1.99197 -2.12305 -2.2119 -2.25677 -2.25677 -2.2119 -2.12305 -1.99197 -1.82126 -1.61429 -1.37515 -1.10858 -0.819828 -0.514621 -0.198989 0.120827 0.438503 0.747754 1.04247 1.31681 1.56535 1.78317 1.96596 2.1101 2.21273 2.27181 2.28617 2.2555 2.18041 2.06236 1.90367 1.70747 1.47761 1.21864 0.935639 0.634198 0.320256 0 
0 0.278526 0.551566 0.813744 1.0599 1.28518 1.48516 1.65589 1.79403 1.89687 1.96237 1.98928 1.97706 1.92597 1.83705 1.71205 1.55347 1.36444 1.14871 0.910565 0.654707 0.386205 0.110374 -0.16733 -0.44141 -0.706447 -0.957195 -1.1887 -1.39637 -1.57612 -1.72437 -1.83821 -1.91537 -1.95434 -1.95434 -1.91537 -1.83821 -1.72437 -1.57612 -1.39637 -1.1887 -0.957195 -0.706447 -0.44141 -0.16733 0.110374 0.386205 0.654707 0.910565 1.14871 1.36444 1.55347 1.71205 1.83705 1.92597 1.97706 1.98928 1.96237 1.89687 1.79403 1.65589 1.48516 1.28518 1.0599 0.813744 0.551566 0.278526 0 
0 0.2423 0.479833 0.707928 0.922099 1.11813 1.29218 1.44082 1.56114 1.65077 1.70798 1.73163 1.7213 1.67718 1.60019 1.49185 1.35431 1.19032 1.00312 0.796432 0.574346 0.341262 0.101798 -0.139305 -0.377274 -0.6074 -0.825126 -1.02615 -1.20648 -1.36256 -1.4913 -1.59015 -1.65716 -1.691 -1.691 -1.65716 -1.59015 -1.4913 -1.36256 -1.20648 -1.02615 -0.825126 -0.6074 -0.377274 -0.139305 0.101798 0.341262 0.574346 0.796432 1.00312 1.19032 1.35431 1.49185 1.60019 1.67718 1.7213 1.73163 1.70798 1.65077 1.56114 1.44082 1.29218 1.11813 0.922099 0.707928 0.479833 0.2423 0 
0 0.210856 0.41757 0.616082 0.802495 0.973149 1.1247 1.25417 1.35903 1.43722 1.48724 1.5081 1.49942 1.46139 1.39478 1.30093 1.1817 1.03948 0.877087 0.697747 0.505017 0.30272 0.0948667 -0.114425 -0.321009 -0.520793 -0.70982 -0.884348 -1.04092 -1.17644 -1.28822 -1.37405 -1.43223 -1.46162 -1.46162 -1.43223 -1.37405 -1.28822 -1.17644 -1.04092 -0.884348 -0.70982 -0.520793 -0.321009 -0.114425 0.0948667 0.30272 0.505017 0.697747 0.877087 1.03948 1.1817 1.30093 1.39478 1.46139 1.49942 1.5081 1.48724 1.43722 1.35903 1.25417 1.1247 0.973149 0.802495 0.616082 0.41757 0.210856 0 
0 0.183567 0.363534 0.536375 0.698702 0.847334 0.979364 1.09221 1.18366 1.25195 1.29574 1.3142 1.30699 1.27426 1.2167 1.13546 1.03217 0.908879 0.768055 0.612494 0.445287 0.269754 0.0893781 -0.0922623 -0.271566 -0.444978 -0.609061 -0.760564 -0.896486 -1.01413 -1.11118 -1.18569 -1.2362 -1.26171 -1.26171 -1.2362 -1.18569 -1.11118 -1.01413 -0.896486 -0.760564 -0.609061 -0.444978 -0.271566 -0.0922623 0.0893781 0.269754 0.445287 0.612494 0.768055 0.908879 1.03217 1.13546 1.2167 1.27426 1.30699 1.3142 1.29574 1.25195 1.18366 1.09221 0.979364 0.847334 0.698702 0.536375 0.363534 0.183567 0 
0 0.159889 0.31665 0.467218 0.608648 0.738178 0.853278 0.951706 1.03155 1.09125 1.12967 1.14606 1.14015 1.11206 1.06238 0.992123 0.902689 0.795873 0.673808 0.538925 0.39391 0.241646 0.0851583 -0.0724445 -0.228034 -0.378522 -0.520924 -0.652414 -0.770386 -0.8725 -0.956731 -1.02141 -1.06526 -1.0874 -1.0874 -1.06526 -1.02141 -0.956731 -0.8725 -0.770386 -0.652414 -0.520924 -0.378522 -0.228034 -0.0724445 0.0851583 0.241646 0.39391 0.538925 0.673808 0.795873 0.902689 0.992123 1.06238 1.11206 1.14015 1.14606 1.12967 1.09125 1.03155 0.951706 0.853278 0.738178 0.608648 0.467218 0.31665 0.159889 0 
0 0.139349 0.275979 0.407227 0.530534 0.643498 0.743921 0.829854 0.899631 0.951906 0.98568 1.00032 0.995554 0.97152 0.928717 0.868019 0.790651 0.698167 0.59242 0.475523 0.349806 0.217775 0.0820573 -0.0546469 -0.18962 -0.32018 -0.443734 -0.557828 -0.660196 -0.748808 -0.821904 -0.878035 -0.916085 -0.935301 -0.935301 -0.916085 -0.878035 -0.821904 -0.748808 -0.660196 -0.557828 -0.443734 -0.32018 -0.18962 -0.0546469 0.0820573 0.217775 0.349806 0.475523 0.59242 0.698167 0.790651 0.868019 0.928717 0.97152 0.995554 1.00032 0.98568 0.951906 0.899631 0.829854 0.743921 0.643498 0.530534 0.407227 0.275979 0.139349 0 
0 0.121536 0.240709 0.355204 0.462797 0.5614 0.649103 0.72421 0.785275 0.831126 0.860895 0.874027 0.870296 0.84981 0.813005 0.76064 0.693777 0.613768 0.52222 0.420968 0.312037 0.197602 0.0799459 -0.0385863 -0.155634 -0.268868 -0.376035 -0.475005 -0.563809 -0.640683 -0.7041 -0.752798 -0.785811 -0.802483 -0.802483 -0.785811 -0.752798 -0.7041 -0.640683 -0.563809 -0.475005 -0.376035 -0.268868 -0.155634 -0.0385863 0.0799459 0.197602 0.312037 0.420968 0.52222 0.613768 0.693777 0.76064 0.813005 0.84981 0.870296 0.874027 0.860895 0.831126 0.785275 0.72421 0.649103 0.5614 0.462797 0.355204 0.240709 0.121536 0 
0 0.106093 0.210133 0.310106 0.404079 0.490238 0.566921 0.632655 0.686182 0.726483 0.752802 0.764656 0.761849 0.744473 0.712906 0.667805 0.610094 0.540946 0.461756 0.374118 0.279789 0.18066 0.0787135 -0.0240151 -0.125475 -0.223643 -0.316562 -0.402382 -0.479392 -0.546061 -0.601061 -0.643299 -0.671932 -0.686393 -0.686393 -0.671932 -0.643299 -0.601061 -0.546061 -0.479392 -0.402382 -0.316562 -0.223643 -0.125475 -0.0240151 0.0787135 0.18066 0.279789 0.374118 0.461756 0.540946 0.610094 0.667805 0.712906 0.744473 0.761849 0.764656 0.752802 0.726483 0.686182 0.632655 0.566921 0.490238 0.404079 0.310106 0.210133 0.106093 0 
0 0.0927112 0.183637 0.271027 0.353202 0.428582 0.495725 0.553348 0.600358 0.635868 0.65922 0.669995 0.66802 0.653373 0.626383 0.587621 0.537887 0.478198 0.409768 0.333979 0.252358 0.166546 0.078265 -0.010717 -0.0986192 -0.183684 -0.264212 -0.338596 -0.405352 -0.463147 -0.510829 -0.547448 -0.572274 -0.584812 -0.584812 -0.572274 -0.547448 -0.510829 -0.463147 -0.405352 -0.338596 -0.264212 -0.183684 -0.0986192 -0.010717 0.078265 0.166546 0.252358 0.333979 0.409768 0.478198 0.537887 0.587621 0.626383 0.653373 0.66802 0.669995 0.65922 0.635868 0.600358 0.553348 0.495725 0.428582 0.353202 0.271027 0.183637 0.0927112 0 
0 0.0811203 0.160688 0.237182 0.309141 0.375192 0.43408 0.48469 0.526071 0.557451 0.578258 0.588126 0.586903 0.574658 0.551673 0.518444 0.475666 0.424221 0.365163 0.299691 0.229131 0.154909 0.0785192 0.00149728 -0.0746103 -0.148277 -0.218028 -0.282466 -0.340301 -0.390379 -0.431697 -0.46343 -0.484944 -0.49581 -0.49581 -0.484944 -0.46343 -0.431697 -0.390379 -0.340301 -0.282466 -0.218028 -0.148277 -0.0746103 0.00149728 0.0785192 0.154909 0.229131 0.299691 0.365163 0.424221 0.475666 0.518444 0.551673 0.574658 0.586903 0.588126 0.578258 0.557451 0.526071 0.48469 0.43408 0.375192 0.309141 0.237182 0.160688 0.0811203 0 
0 0.0710868 0.140824 0.207887 0.271006 0.328988 0.38074 0.425292 0.461817 0.489643 0.508271 0.517383 0.516845 0.506716 0.487241 0.458848 0.42214 0.377884 0.326992 0.270506 0.209579 0.145447 0.0794072 0.0127938 -0.0530504 -0.1168 -0.177174 -0.232959 -0.283035 -0.326399 -0.362182 -0.389665 -0.408299 -0.41771 -0.41771 -0.408299 -0.389665 -0.362182 -0.326399 -0.283035 -0.232959 -0.177174 -0.1168 -0.0530504 0.0127938 0.0794072 0.145447 0.209579 0.270506 0.326992 0.377884 0.42214 0.458848 0.487241 0.506716 0.516845 0.517383 0.508271 0.489643 0.461817 0.425292 0.38074 0.328988 0.271006 0.207887 0.140824 0.0710868 0 
0 0.0624076 0.123641 0.182549 0.238026 0.289034 0.334623 0.373948 0.40629 0.431063 0.447833 0.456321 0.456411 0.448152 0.431755 0.407593 0.376187 0.338203 0.294432 0.245779 0.193243 0.137898 0.0808703 0.0233183 -0.0335922 -0.0887106 -0.140924 -0.189179 -0.232505 -0.270027 -0.300993 -0.324779 -0.340907 -0.349052 -0.349052 -0.340907 -0.324779 -0.300993 -0.270027 -0.232505 -0.189179 -0.140924 -0.0887106 -0.0335922 0.0233183 0.0808703 0.137898 0.193243 0.245779 0.294432 0.338203 0.376187 0.407593 0.431755 0.448152 0.456411 0.456321 0.447833 0.431063 0.40629 0.373948 0.334623 0.289034 0.238026 0.182549 0.123641 0.0624076 0 
0 0.0549066 0.108792 0.160653 0.20953 0.254518 0.29479 0.329612 0.358355 0.380512 0.395703 0.403684 0.404353 0.397751 0.384061 0.363605 0.336835 0.304327 0.26677 0.224946 0.179724 0.132036 0.0828592 0.0331989 -0.0159325 -0.0635361 -0.108646 -0.150347 -0.187796 -0.220235 -0.247009 -0.267577 -0.281524 -0.288568 -0.288568 -0.281524 -0.267577 -0.247009 -0.220235 -0.187796 -0.150347 -0.108646 -0.0635361 -0.0159325 0.0331989 0.0828592 0.132036 0.179724 0.224946 0.26677 0.304327 0.336835 0.363605 0.384061 0.397751 0.404353 0.403684 0.395703 0.380512 0.358355 0.329612 0.29479 0.254518 0.20953 0.160653 0.108792 0.0549066 0 
0 0.0484307 0.0959721 0.141753 0.184935 0.224732 0.260425 0.291373 0.317029 0.336951 0.350806 0.358382 0.359589 0.354461 0.343156 0.325951 0.303239 0.275519 0.243387 0.207523 0.16868 0.127667 0.0853326 0.0425486 0.000193847 -0.0408644 -0.0797874 -0.115781 -0.148114 -0.176127 -0.199251 -0.217018 -0.229066 -0.235152 -0.235152 -0.229066 -0.217018 -0.199251 -0.176127 -0.148114 -0.115781 -0.0797874 -0.0408644 0.000193847 0.0425486 0.0853326 0.127667 0.16868 0.207523 0.243387 0.275519 0.303239 0.325951 0.343156 0.354461 0.359589 0.358382 0.350806 0.336951 0.317029 0.291373 0.260425 0.224732 0.184935 0.141753 0.0959721 0.0484307 0 
0 0.0428468 0.0849194 0.125459 0.163736 0.199065 0.23082 0.258443 0.281457 0.299476 0.312209 0.319471 0.321182 0.317369 0.30817 0.293822 0.274667 0.251136 0.223747 0.193088 0.159814 0.124624 0.0882563 0.0514671 0.0150189 -0.0203355 -0.0538682 -0.0848902 -0.112766 -0.136923 -0.15687 -0.172197 -0.182592 -0.187843 -0.187843 -0.182592 -0.172197 -0.15687 -0.136923 -0.112766 -0.0848902 -0.0538682 -0.0203355 0.0150189 0.0514671 0.0882563 0.124624 0.159814 0.193088 0.223747 0.251136 0.274667 0.293822 0.30817 0.317369 0.321182 0.319471 0.312209 0.299476 0.281457 0.258443 0.23082 0.199065 0.163736 0.125459 0.0849194 0.0428468 0 
0 0.0380397 0.075405 0.111435 0.145493 0.176984 0.205361 0.230137 0.250897 0.267303 0.279101 0.286129 0.288315 0.285682 0.278347 0.266517 0.250485 0.230625 0.207386 0.181278 0.152868 0.122763 0.0916023 0.0600429 0.0287462 -0.0016349 -0.0304685 -0.0571568 -0.0811478 -0.101946 -0.119123 -0.132324 -0.141279 -0.145803 -0.145803 -0.141279 -0.132324 -0.119123 -0.101946 -0.0811478 -0.0571568 -0.0304685 -0.0016349 0.0287462 0.0600429 0.0916023 0.122763 0.152868 0.181278 0.207386 0.230625 0.250485 0.266517 0.278347 0.285682 0.288315 0.286129 0.279101 0.267303 0.250897 0.230137 0.205361 0.176984 0.145493 0.111435 0.075405 0.0380397 0 
0 0.0339092 0.0672306 0.0993878 0.129827 0.158028 0.183514 0.205861 0.224705 0.239752 0.250779 0.257644 0.260282 0.258713 0.253035 0.243427 0.230142 0.213505 0.193903 0.171778 0.147621 0.12196 0.0953479 0.0683548 0.0415541 0.0155126 -0.00922178 -0.0321303 -0.0527339 -0.0706028 -0.085365 -0.0967134 -0.104412 -0.108302 -0.108302 -0.104412 -0.0967134 -0.085365 -0.0706028 -0.0527339 -0.0321303 -0.00922178 0.0155126 0.0415541 0.0683548 0.0953479 0.12196 0.147621 0.171778 0.193903 0.213505 0.230142 0.243427 0.253035 0.258713 0.260282 0.257644 0.250779 0.239752 0.224705 0.205861 0.183514 0.158028 0.129827 0.0993878 0.0672306 0.0339092 0 
0 0.0303684 0.0602241 0.0890645 0.116406 0.141796 0.164816 0.185098 0.202323 0.216233 0.226634 0.233399 0.236471 0.235865 0.231665 0.224025 0.213163 0.19936 0.182949 0.164316 0.143884 0.12211 0.0994755 0.0764728 0.0535999 0.031348 0.0101924 -0.00941685 -0.0270644 -0.0423773 -0.0550328 -0.0647646 -0.0713682 -0.074705 -0.074705 -0.0713682 -0.0647646 -0.0550328 -0.0423773 -0.0270644 -0.00941685 0.0101924 0.031348 0.0535999 0.0764728 0.0994755 0.12211 0.143884 0.164316 0.182949 0.19936 0.213163 0.224025 0.231665 0.235865 0.236471 0.233399 0.226634 0.216233 0.202323 0.185098 0.164816 0.141796 0.116406 0.0890645 0.0602241 0.0303684 0 
0 0.027342 0.0542364 0.0802445 0.104944 0.12794 0.148867 0.167401 0.183266 0.196235 0.206136 0.212859 0.216351 0.216623 0.213747 0.207855 0.199135 0.187829 0.174225 0.158657 0.141492 0.123125 0.103971 0.0844602 0.065022 0.0460828 0.0280547 0.0113277 -0.00373786 -0.0168186 -0.0276346 -0.0359549 -0.0416022 -0.0444562 -0.0444562 -0.0416022 -0.0359549 -0.0276346 -0.0168186 -0.00373786 0.0113277 0.0280547 0.0460828 0.065022 0.0844602 0.103971 0.123125 0.141492 0.158657 0.174225 0.187829 0.199135 0.207855 0.213747 0.216623 0.216351 0.212859 0.206136 0.196235 0.183266 0.167401 0.148867 0.12794 0.104944 0.0802445 0.0542364 0.027342 0 
0 0.0247645 0.0491379 0.0727369 0.0951927 0.116159 0.135317 0.152384 0.167115 0.179314 0.188828 0.195559 0.19946 0.200538 0.198855 0.194522 0.187702 0.178602 0.167473 0.154601 0.140305 0.124927 0.108826 0.0923735 0.0759429 0.0599029 0.0446108 0.0304046 0.0175966 0.00646716 -0.00274108 -0.00982788 -0.0146395 -0.0170716 -0.0170716 -0.0146395 -0.00982788 -0.00274108 0.00646716 0.0175966 0.0304046 0.0446108 0.0599029 0.0759429 0.0923735 0.108826 0.124927 0.140305 0.154601 0.167473 0.178602 0.187702 0.194522 0.198855 0.200538 0.19946 0.195559 0.188828 0.179314 0.167115 0.152384 0.135317 0.116159 0.0951927 0.0727369 0.0491379 0.0247645 0 
0 0.0225792 0.0448164 0.0663761 0.0869356 0.106192 0.123865 0.139708 0.153506 0.165085 0.174312 0.181097 0.1854 0.187224 0.18662 0.183684 0.178554 0.17141 0.162468 0.151974 0.140203 0.127453 0.114033 0.100264 0.086471 0.072972 0.0600767 0.0480779 0.0372463 0.0278246 0.0200232 0.0140157 0.00993521 0.00787215 0.00787215 0.00993521 0.0140157 0.0200232 0.0278246 0.0372463 0.0480779 0.0600767 0.072972 0.086471 0.100264 0.114033 0.127453 0.140203 0.151974 0.162468 0.17141 0.178554 0.183684 0.18662 0.187224 0.1854 0.181097 0.174312 0.165085 0.153506 0.139708 0.123865 0.106192 0.0869356 0.0663761 0.0448164 0.0225792 0 
0 0.0207371 0.0411746 0.0610186 0.0799863 0.0978116 0.11425 0.129083 0.142124 0.153216 0.162244 0.169127 0.173827 0.176346 0.176725 0.175046 0.171427 0.166023 0.159018 0.150626 0.141085 0.130649 0.119588 0.10818 0.096703 0.0854346 0.0746423 0.0645795 0.0554805 0.0475556 0.040987 0.035925 0.032485 0.0307452 0.0307452 0.032485 0.035925 0.040987 0.0475556 0.0554805 0.0645795 0.0746423 0.0854346 0.096703 0.10818 0.119588 0.130649 0.141085 0.150626 0.159018 0.166023 0.171427 0.175046 0.176725 0.176346 0.173827 0.169127 0.162244 0.153216 0.142124 0.129083 0.11425 0.0978116 0.0799863 0.0610186 0.0411746 0.0207371 0 
0 0.0191956 0.0381282 0.0565401 0.0741829 0.0908229 0.106245 0.120258 0.132694 0.143419 0.152327 0.159347 0.164443 0.167614 0.168895 0.168354 0.166092 0.16224 0.156959 0.150432 0.142863 0.134472 0.125492 0.116163 0.106725 0.0974189 0.0884751 0.0801132 0.0725358 0.065925 0.0604384 0.0562061 0.053328 0.0518718 0.0518718 0.053328 0.0562061 0.0604384 0.065925 0.0725358 0.0801132 0.0884751 0.0974189 0.106725 0.116163 0.125492 0.134472 0.142863 0.150432 0.156959 0.16224 0.166092 0.168354 0.168895 0.167614 0.164443 0.159347 0.152327 0.143419 0.132694 0.120258 0.106245 0.0908229 0.0741829 0.0565401 0.0381282 0.0191956 0 
0 0.0179177 0.0356043 0.052833 0.0693854 0.0850558 0.0996547 0.113013 0.124983 0.135444 0.144303 0.151496 0.156989 0.160778 0.162892 0.163387 0.16235 0.159892 0.15615 0.151282 0.145464 0.138885 0.131746 0.124253 0.116615 0.109039 0.101723 0.0948588 0.0886205 0.0831657 0.0786305 0.0751277 0.0727435 0.0715366 0.0715366 0.0727435 0.0751277 0.0786305 0.0831657 0.0886205 0.0948588 0.101723 0.109039 0.116615 0.124253 0.131746 0.138885 0.145464 0.151282 0.15615 0.159892 0.16235 0.163387 0.162892 0.160778 0.156989 0.151496 0.144303 0.135444 0.124983 0.113013 0.0996547 0.0850558 0.0693854 0.052833 0.0356043 0.0179177 0 
0 0.0168717 0.0335398 0.0498043 0.0654727 0.0803634 0.094309 0.107159 0.118785 0.129077 0.137951 0.145351 0.151243 0.155623 0.158512 0.159957 0.160032 0.158831 0.15647 0.153086 0.148828 0.14386 0.138354 0.132488 0.126443 0.120395 0.114518 0.108975 0.103918 0.0994825 0.095786 0.0929259 0.0909768 0.0899895 0.0899895 0.0909768 0.0929259 0.095786 0.0994825 0.103918 0.108975 0.114518 0.120395 0.126443 0.132488 0.138354 0.14386 0.148828 0.153086 0.15647 0.158831 0.160032 0.159957 0.158512 0.155623 0.151243 0.145351 0.137951 0.129077 0.118785 0.107159 0.094309 0.0803634 0.0654727 0.0498043 0.0335398 0.0168717 0 
0 0.01603 0.0318801 0.0473735 0.0623401 0.076619 0.0900619 0.102535 0.113924 0.12413 0.133079 0.140717 0.147014 0.151963 0.15558 0.157903 0.158993 0.158932 0.157817 0.155765 0.152903 0.149373 0.145322 0.140903 0.136271 0.13158 0.126977 0.122604 0.118592 0.115057 0.112101 0.109809 0.108244 0.107451 0.107451 0.108244 0.109809 0.112101 0.115057 0.118592 0.122604 0.126977 0.13158 0.136271 0.140903 0.145322 0.149373 0.152903 0.155765 0.157817 0.158932 0.158993 0.157903 0.15558 0.151963 0.147014 0.140717 0.133079 0.12413 0.113924 0.102535 0.0900619 0.076619 0.0623401 0.0473735 0.0318801 0.01603 0 
0 0.0153688 0.0305781 0.0454713 0.0598972 0.073713 0.0867869 0.0989999 0.110248 0.120445 0.129522 0.137429 0.144138 0.149639 0.153944 0.157085 0.15911 0.160089 0.160104 0.159254 0.157649 0.155408 0.152658 0.149531 0.146159 0.142674 0.139204 0.13587 0.132785 0.130049 0.12775 0.125961 0.124737 0.124115 0.124115 0.124737 0.125961 0.12775 0.130049 0.132785 0.13587 0.139204 0.142674 0.146159 0.149531 0.152658 0.155408 0.157649 0.159254 0.160104 0.160089 0.15911 0.157085 0.153944 0.149639 0.144138 0.137429 0.129522 0.120445 0.110248 0.0989999 0.0867869 0.073713 0.0598972 0.0454713 0.0305781 0.0153688 0 
0 0.0148676 0.0295933 0.0440376 0.0580661 0.0715513 0.0843754 0.0964319 0.107627 0.117883 0.127137 0.135342 0.142472 0.148514 0.153477 0.157384 0.160277 0.162211 0.163258 0.163501 0.163031 0.161952 0.160372 0.158403 0.156159 0.153752 0.151293 0.148885 0.146626 0.144601 0.142887 0.141545 0.140623 0.140154 0.140154 0.140623 0.141545 0.142887 0.144601 0.146626 0.148885 0.151293 0.153752 0.156159 0.158403 0.160372 0.161952 0.163031 0.163501 0.163258 0.162211 0.160277 0.157384 0.153477 0.148514 0.142472 0.135342 0.127137 0.117883 0.107627 0.0964319 0.0843754 0.0715513 0.0580661 0.0440376 0.0295933 0.0148676 0 
0 0.0145087 0.0288906 0.0430211 0.0567798 0.0700526 0.0827338 0.0947272 0.105949 0.116326 0.125803 0.134335 0.141896 0.148472 0.154067 0.1587 0.162404 0.165224 0.167219 0.16846 0.169024 0.168999 0.168476 0.16755 0.16632 0.164882 0.163329 0.161751 0.16023 0.158841 0.157649 0.156706 0.156055 0.155722 0.155722 0.156055 0.156706 0.157649 0.158841 0.16023 0.161751 0.163329 0.164882 0.16632 0.16755 0.168476 0.168999 0.169024 0.16846 0.167219 0.165224 0.162404 0.1587 0.154067 0.148472 0.141896 0.134335 0.125803 0.116326 0.105949 0.0947272 0.0827338 0.0700526 0.0567798 0.0430211 0.0288906 0.0145087 0 
0 0.0142769 0.02844 0.0423773 0.0559807 0.0691473 0.0817817 0.0937968 0.105116 0.115674 0.125416 0.134302 0.142306 0.149413 0.155623 0.160949 0.165416 0.169063 0.171937 0.174097 0.175608 0.176543 0.176981 0.177003 0.17669 0.176125 0.175389 0.174557 0.173701 0.172883 0.172159 0.171575 0.171165 0.170955 0.170955 0.171165 0.171575 0.172159 0.172883 0.173701 0.174557 0.175389 0.176125 0.17669 0.177003 0.176981 0.176543 0.175608 0.174097 0.171937 0.169063 0.165416 0.160949 0.155623 0.149413 0.142306 0.134302 0.125416 0.115674 0.105116 0.0937968 0.0817817 0.0691473 0.0559807 0.0423773 0.02844 0.0142769 0 
0 0.0141593 0.0282158 0.0420685 0.0556195 0.0687757 0.0814504 0.0935643 0.105047 0.115838 0.125887 0.135155 0.143616 0.151253 0.158064 0.164057 0.169251 0.173676 0.177371 0.180383 0.182768 0.184586 0.185904 0.186789 0.187311 0.18754 0.187544 0.187388 0.187131 0.186829 0.186527 0.186266 0.186075 0.185974 0.185974 0.186075 0.186266 0.186527 0.186829 0.187131 0.187388 0.187544 0.18754 0.187311 0.186789 0.185904 0.184586 0.182768 0.180383 0.177371 0.173676 0.169251 0.164057 0.158064 0.151253 0.143616 0.135155 0.125887 0.115838 0.105047 0.0935643 0.0814504 0.0687757 0.0556195 0.0420685 0.0282158 0.0141593 0 
0 0.0141447 0.028196 0.0420622 0.0556541 0.068887 0.0816814 0.0939647 0.105672 0.116746 0.12714 0.136817 0.14575 0.153922 0.161326 0.167967 0.173857 0.17902 0.183488 0.187297 0.190495 0.193131 0.195259 0.196938 0.198225 0.199179 0.199859 0.200317 0.200606 0.200772 0.200854 0.200886 0.200893 0.200892 0.200892 0.200893 0.200886 0.200854 0.200772 0.200606 0.200317 0.199859 0.199179 0.198225 0.196938 0.195259 0.193131 0.190495 0.187297 0.183488 0.17902 0.173857 0.167967 0.161326 0.153922 0.14575 0.136817 0.12714 0.116746 0.105672 0.0939647 0.0816814 0.068887 0.0556541 0.0420622 0.028196 0.0141447 0 
0 0.0142236 0.0283618 0.0423307 0.0560487 0.0694378 0.0824249 0.0949427 0.106931 0.118336 0.129113 0.139226 0.148648 0.157359 0.165353 0.172627 0.179192 0.185062 0.190263 0.194825 0.198785 0.202183 0.205065 0.207478 0.209471 0.211093 0.212393 0.213416 0.214204 0.214798 0.21523 0.215529 0.215716 0.215806 0.215806 0.215716 0.215529 0.21523 0.214798 0.214204 0.213416 0.212393 0.211093 0.209471 0.207478 0.205065 0.202183 0.198785 0.194825 0.190263 0.185062 0.179192 0.172627 0.165353 0.157359 0.148648 0.139226 0.129113 0.118336 0.106931 0.0949427 0.0824249 0.0694378 0.0560487 0.0423307 0.0283618 0.0142236 0 
0 0.014388 0.0286975 0.0428509 0.0567729 0.0703915 0.0836387 0.0964519 0.108774 0.120555 0.131751 0.142327 0.152256 0.161517 0.1701 0.178 0.185221 0.191775 0.197679 0.202956 0.207636 0.211752 0.21534 0.218438 0.221088 0.22333 0.225203 0.226747 0.227996 0.228984 0.229739 0.230284 0.230636 0.23081 0.23081 0.230636 0.230284 0.229739 0.228984 0.227996 0.226747 0.225203 0.22333 0.221088 0.218438 0.21534 0.211752 0.207636 0.202956 0.197679 0.191775 0.185221 0.178 0.1701 0.161517 0.152256 0.142327 0.131751 0.120555 0.108774 0.0964519 0.0836387 0.0703915 0.0567729 0.0428509 0.0286975 0.014388 0 
0 0.0146313 0.0291896 0.0436029 0.0578013 0.0717174 0.0852877 0.0984531 0.11116 0.123359 0.135011 0.146078 0.156533 0.166355 0.175531 0.184052 0.191919 0.199138 0.205721 0.211685 0.217053 0.221849 0.226104 0.229848 0.233113 0.235934 0.238343 0.240372 0.242049 0.243403 0.244456 0.245229 0.245735 0.245985 0.245985 0.245735 0.245229 0.244456 0.243403 0.242049 0.240372 0.238343 0.235934 0.233113 0.229848 0.226104 0.221849 0.217053 0.211685 0.205721 0.199138 0.191919 0.184052 0.175531 0.166355 0.156533 0.146078 0.135011 0.123359 0.11116 0.0984531 0.0852877 0.0717174 0.0578013 0.0436029 0.0291896 0.0146313 0 
0 0.0149476 0.0298269 0.0445705 0.0591125 0.0733899 0.0873424 0.100914 0.114053 0.126714 0.138855 0.150441 0.161444 0.171842 0.181617 0.19076 0.199267 0.207139 0.214383 0.221012 0.227041 0.232489 0.237379 0.241735 0.245583 0.248951 0.251863 0.254347 0.256426 0.258122 0.259454 0.260439 0.261088 0.261411 0.261411 0.261088 0.260439 0.259454 0.258122 0.256426 0.254347 0.251863 0.248951 0.245583 0.241735 0.237379 0.232489 0.227041 0.221012 0.214383 0.207139 0.199267 0.19076 0.181617 0.171842 0.161444 0.150441 0.138855 0.126714 0.114053 0.100914 0.0873424 0.0733899 0.0591125 0.0445705 0.0298269 0.0149476 0 
0 0.0153324 0.0306002 0.0457399 0.0606891 0.0753878 0.0897788 0.103808 0.117427 0.130589 0.143255 0.155389 0.166963 0.177951 0.188336 0.198105 0.207249 0.215768 0.223662 0.230939 0.23761 0.243687 0.249187 0.25413 0.258534 0.262421 0.265812 0.268727 0.271185 0.273204 0.274799 0.275983 0.276767 0.277158 0.277158 0.276767 0.275983 0.274799 0.273204 0.271185 0.268727 0.265812 0.262421 0.258534 0.25413 0.249187 0.243687 0.23761 0.230939 0.223662 0.215768 0.207249 0.198105 0.188336 0.177951 0.166963 0.155389 0.143255 0.130589 0.117427 0.103808 0.0897788 0.0753878 0.0606891 0.0457399 0.0306002 0.0153324 0 
0 0.0157817 0.031502 0.0471001 0.0625166 0.077694 0.0925772 0.107114 0.121257 0.134962 0.148187 0.160899 0.173067 0.184665 0.195672 0.206074 0.215859 0.225021 0.233559 0.241474 0.248772 0.255462 0.261554 0.267063 0.272003 0.276389 0.280237 0.283563 0.286382 0.288708 0.290554 0.291928 0.29284 0.293295 0.293295 0.29284 0.291928 0.290554 0.288708 0.286382 0.283563 0.280237 0.276389 0.272003 0.267063 0.261554 0.255462 0.248772 0.241474 0.233559 0.225021 0.215859 0.206074 0.195672 0.184665 0.173067 0.160899 0.148187 0.134962 0.121257 0.107114 0.0925772 0.077694 0.0625166 0.0471001 0.031502 0.0157817 0 
0 0.0162926 0.0325262 0.0486423 0.0645837 0.0802948 0.0957222 0.110815 0.125527 0.139814 0.153635 0.166954 0.179742 0.19197 0.203615 0.214661 0.225092 0.2349 0.244079 0.252626 0.260543 0.267834 0.274506 0.280566 0.286025 0.290893 0.295183 0.298906 0.302073 0.304694 0.306779 0.308335 0.309369 0.309885 0.309885 0.309369 0.308335 0.306779 0.304694 0.302073 0.298906 0.295183 0.290893 0.286025 0.280566 0.274506 0.267834 0.260543 0.252626 0.244079 0.2349 0.225092 0.214661 0.203615 0.19197 0.179742 0.166954 0.153635 0.139814 0.125527 0.110815 0.0957222 0.0802948 0.0645837 0.0486423 0.0325262 0.0162926 0 
0 0.0168627 0.0336681 0.0503596 0.0668815 0.0831796 0.0992019 0.114899 0.130223 0.145131 0.159583 0.173543 0.186977 0.199857 0.212159 0.223862 0.23495 0.245409 0.255231 0.264409 0.272941 0.280827 0.288068 0.29467 0.300637 0.305977 0.310697 0.314805 0.318309 0.321216 0.323532 0.325264 0.326417 0.326992 0.326992 0.326417 0.325264 0.323532 0.321216 0.318309 0.314805 0.310697 0.305977 0.300637 0.29467 0.288068 0.280827 0.272941 0.264409 0.255231 0.245409 0.23495 0.223862 0.212159 0.199857 0.186977 0.173543 0.159583 0.145131 0.130223 0.114899 0.0992019 0.0831796 0.0668815 0.0503596 0.0336681 0.0168627 0 
0 0.01749 0.0349241 0.0522467 0.0694033 0.0863408 0.103008 0.119355 0.135335 0.150906 0.166026 0.180657 0.194767 0.208324 0.221303 0.23368 0.245436 0.256556 0.267026 0.276838 0.285985 0.294464 0.302271 0.309408 0.315877 0.321681 0.326823 0.331308 0.335141 0.338327 0.34087 0.342773 0.344041 0.344674 0.344674 0.344041 0.342773 0.34087 0.338327 0.335141 0.331308 0.326823 0.321681 0.315877 0.309408 0.302271 0.294464 0.285985 0.276838 0.267026 0.256556 0.245436 0.23368 0.221303 0.208324 0.194767 0.180657 0.166026 0.150906 0.135335 0.119355 0.103008 0.0863408 0.0694033 0.0522467 0.0349241 0.01749 0 
0 0.0181734 0.0362917 0.0543 0.0721447 0.0897728 0.107134 0.124178 0.140859 0.157132 0.172957 0.188294 0.203109 0.21737 0.231048 0.244119 0.25656 0.268352 0.279481 0.289933 0.299699 0.308771 0.317145 0.324816 0.331783 0.338046 0.343605 0.348463 0.352621 0.356081 0.358847 0.360918 0.362298 0.362988 0.362988 0.362298 0.360918 0.358847 0.356081 0.352621 0.348463 0.343605 0.338046 0.331783 0.324816 0.317145 0.308771 0.299699 0.289933 0.279481 0.268352 0.25656 0.244119 0.231048 0.21737 0.203109 0.188294 0.172957 0.157132 0.140859 0.124178 0.107134 0.0897728 0.0721447 0.0543 0.0362917 0.0181734 0 
0 0.018912 0.0377693 0.0565174 0.0751027 0.0934727 0.111576 0.129364 0.14679 0.163807 0.180375 0.196454 0.212006 0.226999 0.241402 0.255188 0.268332 0.280813 0.292613 0.303715 0.314107 0.323779 0.332721 0.340927 0.348393 0.355114 0.36109 0.366318 0.370799 0.374531 0.377516 0.379755 0.381247 0.381992 0.381992 0.381247 0.379755 0.377516 0.374531 0.370799 0.366318 0.36109 0.355114 0.348393 0.340927 0.332721 0.323779 0.314107 0.303715 0.292613 0.280813 0.268332 0.255188 0.241402 0.226999 0.212006 0.196454 0.180375 0.163807 0.14679 0.129364 0.111576 0.0934727 0.0751027 0.0565174 0.0377693 0.018912 0 
0 0.0197055 0.0393562 0.0588977 0.0782763 0.0974392 0.116335 0.134914 0.153129 0.170933 0.188284 0.20514 0.221464 0.237219 0.252374 0.2669 0.280768 0.293956 0.306442 0.318207 0.329236 0.339515 0.349033 0.357779 0.365747 0.372929 0.379322 0.384921 0.389724 0.393728 0.396933 0.399338 0.400941 0.401742 0.401742 0.400941 0.399338 0.396933 0.393728 0.389724 0.384921 0.379322 0.372929 0.365747 0.357779 0.349033 0.339515 0.329236 0.318207 0.306442 0.293956 0.280768 0.2669 0.252374 0.237219 0.221464 0.20514 0.188284 0.170933 0.153129 0.134914 0.116335 0.0974392 0.0782763 0.0588977 0.0393562 0.0197055 0 
0 0.0205537 0.0410523 0.061441 0.0816657 0.101673 0.121411 0.140829 0.159879 0.178513 0.196687 0.214359 0.231489 0.24804 0.263977 0.279268 0.293885 0.307801 0.320992 0.333436 0.345116 0.356014 0.366116 0.37541 0.383886 0.391534 0.398348 0.40432 0.409447 0.413725 0.417151 0.419722 0.421436 0.422294 0.422294 0.421436 0.419722 0.417151 0.413725 0.409447 0.40432 0.398348 0.391534 0.383886 0.37541 0.366116 0.356014 0.345116 0.333436 0.320992 0.307801 0.293885 0.279268 0.263977 0.24804 0.231489 0.214359 0.196687 0.178513 0.159879 0.140829 0.121411 0.101673 0.0816657 0.061441 0.0410523 0.0205537 0 
0 0.0214572 0.0428585 0.0641487 0.0852726 0.106176 0.126807 0.147113 0.167044 0.186553 0.205593 0.224121 0.242094 0.259475 0.276225 0.292312 0.307704 0.322371 0.336288 0.34943 0.361777 0.373309 0.384008 0.39386 0.402853 0.410974 0.418214 0.424565 0.430021 0.434575 0.438223 0.440962 0.442789 0.443703 0.443703 0.442789 0.440962 0.438223 0.434575 0.430021 0.424565 0.418214 0.410974 0.402853 0.39386 0.384008 0.373309 0.361777 0.34943 0.336288 0.322371 0.307704 0.292312 0.276225 0.259475 0.242094 0.224121 0.205593 0.186553 0.167044 0.147113 0.126807 0.106176 0.0852726 0.0641487 0.0428585 0.0214572 0 
0 0.0224164 0.0447761 0.0670226 0.0890999 0.110953 0.132528 0.153772 0.174633 0.195062 0.215012 0.234437 0.253293 0.27154 0.289138 0.306052 0.322247 0.337692 0.352359 0.366221 0.379254 0.391436 0.402747 0.413171 0.422691 0.431295 0.43897 0.445706 0.451495 0.45633 0.460204 0.463114 0.465056 0.466027 0.466027 0.465056 0.463114 0.460204 0.45633 0.451495 0.445706 0.43897 0.431295 0.422691 0.413171 0.402747 0.391436 0.379254 0.366221 0.352359 0.337692 0.322247 0.306052 0.289138 0.27154 0.253293 0.234437 0.215012 0.195062 0.174633 0.153772 0.132528 0.110953 0.0890999 0.0670226 0.0447761 0.0224164 0 
0 0.0234325 0.046807 0.0700658 0.0931517 0.116008 0.13858 0.160813 0.182654 0.204051 0.224957 0.245322 0.265102 0.284254 0.302736 0.32051 0.33754 0.353793 0.369236 0.383841 0.397582 0.410434 0.422375 0.433385 0.443447 0.452545 0.460665 0.467795 0.473925 0.479046 0.483151 0.486235 0.488293 0.489322 0.489322 0.488293 0.486235 0.483151 0.479046 0.473925 0.467795 0.460665 0.452545 0.443447 0.433385 0.422375 0.410434 0.397582 0.383841 0.369236 0.353793 0.33754 0.32051 0.302736 0.284254 0.265102 0.245322 0.224957 0.204051 0.182654 0.160813 0.13858 0.116008 0.0931517 0.0700658 0.046807 0.0234325 0 
0 0.0245065 0.0489536 0.073282 0.097433 0.121349 0.144972 0.168246 0.191118 0.213533 0.235442 0.256793 0.27754 0.297637 0.317042 0.335713 0.353612 0.370702 0.386951 0.402326 0.416799 0.430343 0.442933 0.454548 0.465167 0.474773 0.48335 0.490884 0.497363 0.502778 0.507119 0.510381 0.512558 0.513647 0.513647 0.512558 0.510381 0.507119 0.502778 0.497363 0.490884 0.48335 0.474773 0.465167 0.454548 0.442933 0.430343 0.416799 0.402326 0.386951 0.370702 0.353612 0.335713 0.317042 0.297637 0.27754 0.256793 0.235442 0.213533 0.191118 0.168246 0.144972 0.121349 0.097433 0.073282 0.0489536 0.0245065 0 
0 0.0256401 0.0512189 0.0766757 0.10195 0.126981 0.151712 0.176083 0.200038 0.223523 0.246484 0.268868 0.290628 0.311714 0.332082 0.351688 0.370492 0.388455 0.40554 0.421714 0.436945 0.451205 0.464467 0.476706 0.487901 0.49803 0.507078 0.515028 0.521867 0.527583 0.532167 0.535612 0.537911 0.539062 0.539062 0.537911 0.535612 0.532167 0.527583 0.521867 0.515028 0.507078 0.49803 0.487901 0.476706 0.464467 0.451205 0.436945 0.421714 0.40554 0.388455 0.370492 0.351688 0.332082 0.311714 0.290628 0.268868 0.246484 0.223523 0.200038 0.176083 0.151712 0.126981 0.10195 0.0766757 0.0512189 0.0256401 0 
0 0.0268348 0.0536065 0.0802521 0.106709 0.132916 0.158811 0.184336 0.20943 0.234037 0.258102 0.281569 0.304389 0.32651 0.347884 0.368467 0.388214 0.407085 0.42504 0.442045 0.458064 0.473067 0.487024 0.49991 0.511699 0.52237 0.531904 0.540284 0.547493 0.553521 0.558355 0.561988 0.564414 0.565628 0.565628 0.564414 0.561988 0.558355 0.553521 0.547493 0.540284 0.531904 0.52237 0.511699 0.49991 0.487024 0.473067 0.458064 0.442045 0.42504 0.407085 0.388214 0.368467 0.347884 0.32651 0.304389 0.281569 0.258102 0.234037 0.20943 0.184336 0.158811 0.132916 0.106709 0.0802521 0.0536065 0.0268348 0 
0 0.0280928 0.0561202 0.0840172 0.111719 0.139162 0.166282 0.193018 0.219309 0.245094 0.270316 0.29492 0.318849 0.342052 0.364479 0.386081 0.406812 0.42663 0.445492 0.463361 0.480199 0.495974 0.510654 0.52421 0.536616 0.547848 0.557886 0.566709 0.574302 0.580652 0.585745 0.589573 0.592129 0.593408 0.593408 0.592129 0.589573 0.585745 0.580652 0.574302 0.566709 0.557886 0.547848 0.536616 0.52421 0.510654 0.495974 0.480199 0.463361 0.445492 0.42663 0.406812 0.386081 0.364479 0.342052 0.318849 0.29492 0.270316 0.245094 0.219309 0.193018 0.166282 0.139162 0.111719 0.0840172 0.0561202 0.0280928 0 
0 0.0294161 0.0587644 0.0879776 0.116988 0.14573 0.174138 0.202147 0.229693 0.256714 0.283151 0.308944 0.334035 0.358371 0.381898 0.404566 0.426326 0.447131 0.466939 0.485708 0.503399 0.519977 0.535408 0.54966 0.562707 0.574521 0.585081 0.594365 0.602356 0.609039 0.6144 0.61843 0.62112 0.622467 0.622467 0.62112 0.61843 0.6144 0.609039 0.602356 0.594365 0.585081 0.574521 0.562707 0.54966 0.535408 0.519977 0.503399 0.485708 0.466939 0.447131 0.426326 0.404566 0.381898 0.358371 0.334035 0.308944 0.283151 0.256714 0.229693 0.202147 0.174138 0.14573 0.116988 0.0879776 0.0587644 0.0294161 0 
0 0.0308071 0.0615439 0.0921403 0.122527 0.152634 0.182393 0.211738 0.240602 0.26892 0.29663 0.323669 0.349978 0.3755 0.400178 0.423959 0.446793 0.46863 0.489424 0.509132 0.527713 0.545127 0.56134 0.576317 0.59003 0.60245 0.613552 0.623315 0.631719 0.638748 0.644387 0.648626 0.651457 0.652873 0.652873 0.651457 0.648626 0.644387 0.638748 0.631719 0.623315 0.613552 0.60245 0.59003 0.576317 0.56134 0.545127 0.527713 0.509132 0.489424 0.46863 0.446793 0.423959 0.400178 0.3755 0.349978 0.323669 0.29663 0.26892 0.240602 0.211738 0.182393 0.152634 0.122527 0.0921403 0.0615439 0.0308071 0 
0 0.0322685 0.0644639 0.0965132 0.128344 0.159884 0.191063 0.22181 0.252057 0.281735 0.310779 0.339124 0.366709 0.393472 0.419354 0.444301 0.468257 0.491172 0.512997 0.533685 0.553193 0.571479 0.588507 0.60424 0.618647 0.631697 0.643364 0.653624 0.662458 0.669846 0.675775 0.680231 0.683207 0.684697 0.684697 0.683207 0.680231 0.675775 0.669846 0.662458 0.653624 0.643364 0.631697 0.618647 0.60424 0.588507 0.571479 0.553193 0.533685 0.512997 0.491172 0.468257 0.444301 0.419354 0.393472 0.366709 0.339124 0.310779 0.281735 0.252057 0.22181 0.191063 0.159884 0.128344 0.0965132 0.0644639 0.0322685 0 
0 0.0338031 0.06753 0.101105 0.134452 0.167497 0.200165 0.232383 0.26408 0.295184 0.325627 0.355342 0.384262 0.412324 0.439468 0.465633 0.490764 0.514806 0.537707 0.559418 0.579894 0.599092 0.616969 0.63349 0.64862 0.662327 0.674582 0.685361 0.694642 0.702405 0.708635 0.713318 0.716445 0.718011 0.718011 0.716445 0.713318 0.708635 0.702405 0.694642 0.685361 0.674582 0.662327 0.64862 0.63349 0.616969 0.599092 0.579894 0.559418 0.537707 0.514806 0.490764 0.465633 0.439468 0.412324 0.384262 0.355342 0.325627 0.295184 0.26408 0.232383 0.200165 0.167497 0.134452 0.101105 0.06753 0.0338031 0 
0 0.0354138 0.0707482 0.105924 0.140863 0.175486 0.209717 0.243478 0.276696 0.309295 0.341204 0.372353 0.402672 0.432096 0.460559 0.488 0.51436 0.53958 0.563606 0.586388 0.607875 0.628023 0.646789 0.664132 0.680016 0.694408 0.707278 0.718598 0.728345 0.736498 0.743041 0.74796 0.751246 0.75289 0.75289 0.751246 0.74796 0.743041 0.736498 0.728345 0.718598 0.707278 0.694408 0.680016 0.664132 0.646789 0.628023 0.607875 0.586388 0.563606 0.53958 0.51436 0.488 0.460559 0.432096 0.402672 0.372353 0.341204 0.309295 0.276696 0.243478 0.209717 0.175486 0.140863 0.105924 0.0707482 0.0354138 0 
0 0.0371039 0.074125 0.110981 0.147589 0.183868 0.219738 0.255118 0.28993 0.324096 0.357543 0.390194 0.421979 0.452829 0.482674 0.51145 0.539095 0.565548 0.590751 0.614652 0.637197 0.658338 0.678031 0.696233 0.712906 0.728013 0.741523 0.753407 0.763641 0.772202 0.779072 0.784238 0.787688 0.789414 0.789414 0.787688 0.784238 0.779072 0.772202 0.763641 0.753407 0.741523 0.728013 0.712906 0.696233 0.678031 0.658338 0.637197 0.614652 0.590751 0.565548 0.539095 0.51145 0.482674 0.452829 0.421979 0.390194 0.357543 0.324096 0.28993 0.255118 0.219738 0.183868 0.147589 0.110981 0.074125 0.0371039 0 
0 0.0388768 0.0776672 0.116285 0.154644 0.19266 0.230248 0.267325 0.303809 0.339619 0.374675 0.408902 0.442223 0.474565 0.505858 0.536032 0.565022 0.592765 0.619201 0.644271 0.667922 0.690103 0.710765 0.729865 0.747361 0.763215 0.777395 0.789869 0.80061 0.809597 0.816809 0.822232 0.825853 0.827666 0.827666 0.825853 0.822232 0.816809 0.809597 0.80061 0.789869 0.777395 0.763215 0.747361 0.729865 0.710765 0.690103 0.667922 0.644271 0.619201 0.592765 0.565022 0.536032 0.505858 0.474565 0.442223 0.408902 0.374675 0.339619 0.303809 0.267325 0.230248 0.19266 0.154644 0.116285 0.0776672 0.0388768 0 
0 0.0407362 0.0813821 0.121848 0.162044 0.20188 0.24127 0.280126 0.318362 0.355894 0.392639 0.428516 0.463446 0.497352 0.53016 0.561798 0.592197 0.621291 0.649015 0.67531 0.700118 0.723386 0.745062 0.765101 0.783458 0.800094 0.814973 0.828063 0.839335 0.848767 0.856336 0.862027 0.865828 0.867731 0.867731 0.865828 0.862027 0.856336 0.848767 0.839335 0.828063 0.814973 0.800094 0.783458 0.765101 0.745062 0.723386 0.700118 0.67531 0.649015 0.621291 0.592197 0.561798 0.53016 0.497352 0.463446 0.428516 0.392639 0.355894 0.318362 0.280126 0.24127 0.20188 0.162044 0.121848 0.0813821 0.0407362 0 
0 0.0426858 0.0852773 0.12768 0.169802 0.211548 0.252827 0.293548 0.333621 0.372957 0.411471 0.449077 0.485692 0.521237 0.555633 0.588804 0.620679 0.651186 0.68026 0.707836 0.733856 0.758261 0.780998 0.802019 0.821276 0.83873 0.85434 0.868075 0.879903 0.889799 0.897742 0.903714 0.907702 0.909699 0.909699 0.907702 0.903714 0.897742 0.889799 0.879903 0.868075 0.85434 0.83873 0.821276 0.802019 0.780998 0.758261 0.733856 0.707836 0.68026 0.651186 0.620679 0.588804 0.555633 0.521237 0.485692 0.449077 0.411471 0.372957 0.333621 0.293548 0.252827 0.211548 0.169802 0.12768 0.0852773 0.0426858 0 
0 0.0447297 0.0893609 0.133795 0.177935 0.221682 0.264941 0.307617 0.349615 0.390843 0.431211 0.470629 0.50901 0.546272 0.582331 0.617108 0.650527 0.682516 0.713002 0.741921 0.769208 0.794803 0.818651 0.8407 0.8609 0.879209 0.895585 0.909994 0.922403 0.932785 0.941119 0.947385 0.95157 0.953664 0.953664 0.95157 0.947385 0.941119 0.932785 0.922403 0.909994 0.895585 0.879209 0.8609 0.8407 0.818651 0.794803 0.769208 0.741921 0.713002 0.682516 0.650527 0.617108 0.582331 0.546272 0.50901 0.470629 0.431211 0.390843 0.349615 0.307617 0.264941 0.221682 0.177935 0.133795 0.0893609 0.0447297 0 
0 0.0468723 0.0936415 0.140205 0.18646 0.232305 0.27764 0.322364 0.36638 0.40959 0.4519 0.493217 0.533449 0.572509 0.61031 0.64677 0.681808 0.715347 0.747314 0.777638 0.806252 0.833094 0.858105 0.88123 0.902417 0.921621 0.938798 0.953913 0.96693 0.977821 0.986564 0.993137 0.997528 0.999725 0.999725 0.997528 0.993137 0.986564 0.977821 0.96693 0.953913 0.938798 0.921621 0.902417 0.88123 0.858105 0.833094 0.806252 0.777638 0.747314 0.715347 0.681808 0.64677 0.61031 0.572509 0.533449 0.493217 0.4519 0.40959 0.36638 0.322364 0.27764 0.232305 0.18646 0.140205 0.0936415 0.0468723 0 
