C h:0.0232558
C GRID SIZE:44
C N:42
0 0.869721 1.69783 2.44469 3.07459 3.55737 3.86993 3.99733 3.93346 3.68138 3.25316 2.66928 1.95767 1.1524 0.291981 -0.582405 -1.42892 -2.20707 -2.87961 -3.41437 -3.78576 -3.976 -3.976 -3.78576 -3.41437 -2.87961 -2.20707 -1.42892 -0.582405 0.291981 1.1524 1.95767 2.66928 3.25316 3.68138 3.93346 3.99733 3.86993 3.55737 3.07459 2.44469 1.69783 0.869721 -1.46935e-18 
0 0.699001 1.36458 1.9649 2.47126 2.85946 3.11093 3.21366 3.16276 2.96067 2.61709 2.14846 1.57722 0.930727 0.239917 -0.462142 -1.14185 -1.76667 -2.30671 -2.73612 -3.03434 -3.1871 -3.1871 -3.03434 -2.73612 -2.30671 -1.76667 -1.14185 -0.462142 0.239917 0.930727 1.57722 2.14846 2.61709 2.96067 3.16276 3.21366 3.11093 2.85946 2.47126 1.9649 1.36458 0.699001 0 
0 0.561977 1.0971 1.57981 1.98705 2.29937 2.50185 2.58486 2.54445 2.38259 2.10706 1.73107 1.27264 0.753729 0.199193 -0.364412 -0.910101 -1.41175 -1.84533 -2.1901 -2.42954 -2.5522 -2.5522 -2.42954 -2.1901 -1.84533 -1.41175 -0.910101 -0.364412 0.199193 0.753729 1.27264 1.73107 2.10706 2.38259 2.54445 2.58486 2.50185 2.29937 1.98705 1.57981 1.0971 0.561977 0 
0 0.452019 0.882469 1.27081 1.59853 1.84999 2.01322 2.08047 2.04857 1.9191 1.6983 1.39679 1.02902 0.612642 0.167612 -0.284743 -0.722751 -1.12543 -1.47349 -1.75025 -1.94247 -2.04094 -2.04094 -1.94247 -1.75025 -1.47349 -1.12543 -0.722751 -0.284743 0.167612 0.612642 1.02902 1.39679 1.6983 1.9191 2.04857 2.08047 2.01322 1.84999 1.59853 1.27081 0.882469 0.452019 0 
0 0.363803 0.710278 1.02293 1.28687 1.48955 1.62135 1.67603 1.65105 1.54767 1.37091 1.12928 0.834402 0.500438 0.143415 -0.219538 -0.571016 -0.894168 -1.1735 -1.39563 -1.54991 -1.62894 -1.62894 -1.54991 -1.39563 -1.1735 -0.894168 -0.571016 -0.219538 0.143415 0.500438 0.834402 1.12928 1.37091 1.54767 1.65105 1.67603 1.62135 1.48955 1.28687 1.02293 0.710278 0.363803 0 
0 0.293054 0.572185 0.824139 1.03696 1.20056 1.3072 1.35188 1.33255 1.25022 1.10891 0.915452 0.679184 0.411475 0.125196 -0.1659 -0.447836 -0.707078 -0.931186 -1.10941 -1.2332 -1.29661 -1.29661 -1.2332 -1.10941 -0.931186 -0.707078 -0.447836 -0.1659 0.125196 0.411475 0.679184 0.915452 1.10891 1.25022 1.33255 1.35188 1.3072 1.20056 1.03696 0.824139 0.572185 0.293054 0 
0 0.236338 0.461489 0.664802 0.836667 0.968979 1.05552 1.09227 1.07756 1.01222 0.899464 0.74478 0.555659 0.341231 0.111831 -0.121499 -0.347533 -0.555405 -0.735126 -0.87806 -0.977342 -1.02821 -1.02821 -0.977342 -0.87806 -0.735126 -0.555405 -0.347533 -0.121499 0.111831 0.341231 0.555659 0.74478 0.899464 1.01222 1.07756 1.09227 1.05552 0.968979 0.836667 0.664802 0.461489 0.236338 0 
0 0.190899 0.372807 0.537164 0.676245 0.783536 0.854038 0.88451 0.873622 0.822018 0.732283 0.608821 0.457643 0.286079 0.102425 -0.0844517 -0.265539 -0.432112 -0.576148 -0.690715 -0.7703 -0.811073 -0.811073 -0.7703 -0.690715 -0.576148 -0.432112 -0.265539 -0.0844517 0.102425 0.286079 0.457643 0.608821 0.732283 0.822018 0.873622 0.88451 0.854038 0.783536 0.676245 0.537164 0.372807 0.190899 0 
0 0.154523 0.301818 0.435004 0.54787 0.635177 0.692905 0.718446 0.710723 0.67025 0.599098 0.500799 0.380176 0.243112 0.0962666 -0.053242 -0.198179 -0.331538 -0.44688 -0.538636 -0.602382 -0.635043 -0.635043 -0.602382 -0.538636 -0.44688 -0.331538 -0.198179 -0.053242 0.0962666 0.243112 0.380176 0.500799 0.599098 0.67025 0.710723 0.718446 0.692905 0.635177 0.54787 0.435004 0.301818 0.154523 0 
0 0.125432 0.245053 0.353326 0.445258 0.516634 0.564219 0.58591 0.580837 0.549407 0.493277 0.415278 0.319281 0.210003 0.092791 -0.0266427 -0.14249 -0.249129 -0.341387 -0.414796 -0.465802 -0.491938 -0.491938 -0.465802 -0.414796 -0.341387 -0.249129 -0.14249 -0.0266427 0.092791 0.210003 0.319281 0.415278 0.493277 0.549407 0.580837 0.58591 0.564219 0.516634 0.445258 0.353326 0.245053 0.125432 0 
0 0.1022 0.199724 0.28812 0.363367 0.422074 0.461633 0.48035 0.47752 0.453461 0.409498 0.347901 0.27177 0.184891 0.0915529 -0.00366037 -0.0960882 -0.181217 -0.254897 -0.31354 -0.354295 -0.37518 -0.37518 -0.354295 -0.31354 -0.254897 -0.181217 -0.0960882 -0.00366037 0.0915529 0.184891 0.27177 0.347901 0.409498 0.453461 0.47752 0.48035 0.461633 0.422074 0.363367 0.28812 0.199724 0.1022 0 
0 0.0836813 0.163599 0.236166 0.298149 0.346813 0.380057 0.396511 0.395601 0.377577 0.343495 0.295171 0.235091 0.166288 0.0922029 0.0165117 -0.057046 -0.124849 -0.183566 -0.23032 -0.262821 -0.279479 -0.279479 -0.262821 -0.23032 -0.183566 -0.124849 -0.057046 0.0165117 0.0922029 0.166288 0.235091 0.295171 0.343495 0.377577 0.395601 0.396511 0.380057 0.346813 0.298149 0.236166 0.163599 0.0836813 0 
0 0.0689565 0.13488 0.194883 0.246356 0.287095 0.315403 0.330172 0.330933 0.317877 0.291846 0.254291 0.207202 0.153009 0.0944689 0.0345305 -0.0238078 -0.0776412 -0.124299 -0.16147 -0.18732 -0.200571 -0.200571 -0.18732 -0.16147 -0.124299 -0.0776412 -0.0238078 0.0345305 0.0944689 0.153009 0.207202 0.254291 0.291846 0.317877 0.330933 0.330172 0.315403 0.287095 0.246356 0.194883 0.13488 0.0689565 0 
0 0.0572883 0.112131 0.162197 0.205383 0.239906 0.264397 0.277953 0.280191 0.271254 0.251811 0.22302 0.18647 0.144108 0.098142 0.0509335 0.00488631 -0.0376707 -0.0745958 -0.104037 -0.124521 -0.135025 -0.135025 -0.124521 -0.104037 -0.0745958 -0.0376707 0.00488631 0.0509335 0.098142 0.144108 0.18647 0.22302 0.251811 0.271254 0.280191 0.277953 0.264397 0.239906 0.205383 0.162197 0.112131 0.0572883 0 
0 0.0480854 0.0941953 0.136447 0.173139 0.202831 0.22441 0.237143 0.24071 0.23522 0.221198 0.199567 0.171595 0.138839 0.103064 0.0661624 0.0300589 -0.00338091 -0.0324407 -0.0556361 -0.0717866 -0.0800719 -0.0800719 -0.0717866 -0.0556361 -0.0324407 -0.00338091 0.0300589 0.0661624 0.103064 0.138839 0.171595 0.199567 0.221198 0.23522 0.24071 0.237143 0.22441 0.202831 0.173139 0.136447 0.0941953 0.0480854 0 
0 0.0408735 0.0801483 0.1163 0.147951 0.173932 0.193338 0.20557 0.210359 0.207782 0.198253 0.182502 0.16154 0.136608 0.109119 0.0805834 0.0525427 0.0264898 0.00379915 -0.0143408 -0.0269842 -0.0334743 -0.0334743 -0.0269842 -0.0143408 0.00379915 0.0264898 0.0525427 0.0805834 0.109119 0.136608 0.16154 0.182502 0.198253 0.207782 0.210359 0.20557 0.193338 0.173932 0.147951 0.1163 0.0801483 0.0408735 0 
0 0.0352728 0.0692485 0.10069 0.128478 0.15166 0.169497 0.181496 0.187431 0.18735 0.181577 0.170687 0.155483 0.136953 0.116224 0.0945019 0.0730185 0.0529673 0.0354473 0.0214096 0.0116109 0.00657675 0.00657675 0.0116109 0.0214096 0.0354473 0.0529673 0.0730185 0.0945019 0.116224 0.136953 0.155483 0.170687 0.181577 0.18735 0.187431 0.181496 0.169497 0.15166 0.128478 0.10069 0.0692485 0.0352728 0 
0 0.0309792 0.0609024 0.0887622 0.113645 0.134773 0.151539 0.163534 0.170563 0.172654 0.170055 0.163216 0.152774 0.139512 0.124325 0.108176 0.0920462 0.0768885 0.0635807 0.0528823 0.0453982 0.0415484 0.0415484 0.0453982 0.0528823 0.0635807 0.0768885 0.0920462 0.108176 0.124325 0.139512 0.152774 0.163216 0.170055 0.172654 0.170563 0.163534 0.151539 0.134773 0.113645 0.0887622 0.0609024 0.0309792 0 
0 0.0277496 0.0546358 0.0798341 0.102596 0.122281 0.138389 0.150575 0.15867 0.162684 0.162802 0.159376 0.152904 0.144006 0.133392 0.121826 0.110089 0.0989401 0.0890785 0.0811099 0.0755166 0.0726341 0.0726341 0.0755166 0.0811099 0.0890785 0.0989401 0.110089 0.121826 0.133392 0.144006 0.152904 0.159376 0.162802 0.162684 0.15867 0.150575 0.138389 0.122281 0.102596 0.0798341 0.0546358 0.0277496 0 
0 0.0253898 0.0500697 0.0733609 0.0946458 0.113395 0.129189 0.141737 0.150889 0.156637 0.159118 0.158601 0.155474 0.150225 0.143413 0.135643 0.127534 0.119689 0.112662 0.106937 0.102897 0.100808 0.100808 0.102897 0.106937 0.112662 0.119689 0.127534 0.135643 0.143413 0.150225 0.155474 0.158601 0.159118 0.156637 0.150889 0.141737 0.129189 0.113395 0.0946458 0.0733609 0.0500697 0.0253898 0 
0 0.0237453 0.0469025 0.0689087 0.0892503 0.107484 0.123258 0.13632 0.146535 0.15388 0.158452 0.160452 0.16018 0.158015 0.154395 0.149797 0.144708 0.139605 0.134929 0.13106 0.128304 0.126871 0.126871 0.128304 0.13106 0.134929 0.139605 0.144708 0.149797 0.154395 0.158015 0.16018 0.160452 0.158452 0.15388 0.146535 0.13632 0.123258 0.107484 0.0892503 0.0689087 0.0469025 0.0237453 0 
0 0.0226932 0.0448947 0.0661332 0.0859771 0.104052 0.120056 0.133771 0.145068 0.153916 0.160373 0.164589 0.166789 0.167265 0.166358 0.164438 0.16189 0.159086 0.156374 0.154055 0.152369 0.151483 0.151483 0.152369 0.154055 0.156374 0.159086 0.16189 0.164438 0.166358 0.167265 0.166789 0.164589 0.160373 0.153916 0.145068 0.133771 0.120056 0.104052 0.0859771 0.0661332 0.0448947 0.0226932 0 
0 0.0221361 0.0438565 0.0647618 0.084485 0.102705 0.11916 0.133655 0.146068 0.156356 0.16455 0.170753 0.175131 0.177904 0.179334 0.179708 0.179322 0.178468 0.177417 0.176405 0.175621 0.175195 0.175195 0.175621 0.176405 0.177417 0.178468 0.179322 0.179708 0.179334 0.177904 0.175131 0.170753 0.16455 0.156356 0.146068 0.133655 0.11916 0.102705 0.084485 0.0647618 0.0438565 0.0221361 0 
0 0.0219976 0.0436388 0.0645804 0.0845056 0.103135 0.120236 0.135632 0.149206 0.160902 0.170728 0.178749 0.185083 0.189891 0.19337 0.195736 0.197218 0.19804 0.198413 0.198518 0.198503 0.198469 0.198469 0.198503 0.198518 0.198413 0.19804 0.197218 0.195736 0.19337 0.189891 0.185083 0.178749 0.170728 0.160902 0.149206 0.135632 0.120236 0.103135 0.0845056 0.0645804 0.0436388 0.0219976 0 
0 0.0222177 0.0441249 0.0654218 0.0858301 0.105102 0.123027 0.139442 0.154231 0.167329 0.178721 0.188441 0.196567 0.203212 0.208518 0.212648 0.215771 0.218058 0.21967 0.220745 0.221395 0.221701 0.221701 0.221395 0.220745 0.21967 0.218058 0.215771 0.212648 0.208518 0.203212 0.196567 0.188441 0.178721 0.167329 0.154231 0.139442 0.123027 0.105102 0.0858301 0.0654218 0.0441249 0.0222177 0 
0 0.0227502 0.0452248 0.0671571 0.0882977 0.108422 0.127338 0.144888 0.160956 0.175468 0.188392 0.199734 0.209537 0.217874 0.224845 0.230565 0.235158 0.238749 0.241458 0.243389 0.244627 0.245231 0.245231 0.244627 0.243389 0.241458 0.238749 0.235158 0.230565 0.224845 0.217874 0.209537 0.199734 0.188392 0.175468 0.160956 0.144888 0.127338 0.108422 0.0882977 0.0671571 0.0452248 0.0227502 0 
0 0.0235597 0.0468698 0.0696882 0.0917868 0.112958 0.13302 0.151822 0.169244 0.185204 0.199651 0.21257 0.223975 0.233906 0.242426 0.24961 0.255545 0.260321 0.264021 0.266723 0.268488 0.269359 0.269359 0.268488 0.266723 0.264021 0.260321 0.255545 0.24961 0.242426 0.233906 0.223975 0.21257 0.199651 0.185204 0.169244 0.151822 0.13302 0.112958 0.0917868 0.0696882 0.0468698 0.0235597 0 
0 0.0246199 0.049009 0.0729426 0.0962076 0.118608 0.139969 0.16014 0.179001 0.196457 0.212444 0.226925 0.239891 0.251353 0.261342 0.269904 0.277092 0.282965 0.287581 0.290991 0.293239 0.294355 0.294355 0.293239 0.290991 0.287581 0.282965 0.277092 0.269904 0.261342 0.251353 0.239891 0.226925 0.212444 0.196457 0.179001 0.16014 0.139969 0.118608 0.0962076 0.0729426 0.049009 0.0246199 0 
0 0.0259119 0.0516057 0.0768684 0.101497 0.125301 0.148111 0.169775 0.190167 0.209183 0.226746 0.2428 0.257314 0.270275 0.281688 0.291572 0.299954 0.306866 0.312343 0.316419 0.319119 0.320464 0.320464 0.319119 0.316419 0.312343 0.306866 0.299954 0.291572 0.281688 0.270275 0.257314 0.2428 0.226746 0.209183 0.190167 0.169775 0.148111 0.125301 0.101497 0.0768684 0.0516057 0.0259119 0 
0 0.0274227 0.0546351 0.081431 0.107612 0.132993 0.157402 0.180687 0.202713 0.223368 0.24256 0.260218 0.276292 0.290747 0.303566 0.314744 0.324285 0.332201 0.338508 0.34322 0.346353 0.347917 0.347917 0.346353 0.34322 0.338508 0.332201 0.324285 0.314744 0.303566 0.290747 0.276292 0.260218 0.24256 0.223368 0.202713 0.180687 0.157402 0.132993 0.107612 0.081431 0.0546351 0.0274227 0 
0 0.0291447 0.0580825 0.0866101 0.114531 0.14166 0.167822 0.19286 0.216634 0.239019 0.259911 0.279225 0.296891 0.312857 0.327086 0.339552 0.350242 0.359147 0.366266 0.371601 0.375155 0.376932 0.376932 0.375155 0.371601 0.366266 0.359147 0.350242 0.339552 0.327086 0.312857 0.296891 0.279225 0.259911 0.239019 0.216634 0.19286 0.167822 0.14166 0.114531 0.0866101 0.0580825 0.0291447 0 
0 0.0310741 0.0619412 0.0923974 0.122245 0.151294 0.179368 0.206302 0.231946 0.256165 0.278844 0.299881 0.319192 0.336706 0.35237 0.36614 0.377984 0.387879 0.395808 0.401763 0.405735 0.407723 0.407723 0.405735 0.401763 0.395808 0.387879 0.377984 0.36614 0.35237 0.336706 0.319192 0.299881 0.278844 0.256165 0.231946 0.206302 0.179368 0.151294 0.122245 0.0923974 0.0619412 0.0310741 0 
0 0.033211 0.0662118 0.0987949 0.130758 0.161907 0.192058 0.221036 0.248684 0.274856 0.299422 0.322267 0.343291 0.362409 0.37955 0.394655 0.407676 0.418576 0.427327 0.433907 0.438301 0.440501 0.440501 0.438301 0.433907 0.427327 0.418576 0.407676 0.394655 0.37955 0.362409 0.343291 0.322267 0.299422 0.274856 0.248684 0.221036 0.192058 0.161907 0.130758 0.0987949 0.0662118 0.033211 0 
0 0.0355585 0.070901 0.105814 0.140088 0.173521 0.20592 0.237104 0.266901 0.295155 0.321723 0.346475 0.369298 0.390091 0.408768 0.425255 0.43949 0.451425 0.461017 0.468237 0.473063 0.475479 0.475479 0.473063 0.468237 0.461017 0.451425 0.43949 0.425255 0.408768 0.390091 0.369298 0.346475 0.321723 0.295155 0.266901 0.237104 0.20592 0.173521 0.140088 0.105814 0.070901 0.0355585 0 
0 0.0381226 0.0760207 0.113472 0.150259 0.18617 0.221001 0.25456 0.286664 0.317143 0.345841 0.372616 0.397337 0.419891 0.440177 0.458108 0.473608 0.486616 0.497081 0.504964 0.510235 0.512875 0.512875 0.510235 0.504964 0.497081 0.486616 0.473608 0.458108 0.440177 0.419891 0.397337 0.372616 0.345841 0.317143 0.286664 0.25456 0.221001 0.18617 0.150259 0.113472 0.0760207 0.0381226 0 
0 0.0409114 0.0815878 0.121796 0.161308 0.1999 0.237357 0.273473 0.308054 0.340915 0.371886 0.400811 0.427546 0.451962 0.473945 0.493393 0.51022 0.524353 0.53573 0.544304 0.550039 0.552913 0.552913 0.550039 0.544304 0.53573 0.524353 0.51022 0.493393 0.473945 0.451962 0.427546 0.400811 0.371886 0.340915 0.308054 0.273473 0.237357 0.1999 0.161308 0.121796 0.0815878 0.0409114 0 
0 0.0439356 0.0876236 0.130818 0.173278 0.214766 0.255055 0.293924 0.331164 0.366578 0.39998 0.431199 0.460076 0.486469 0.510249 0.531302 0.549529 0.564846 0.577183 0.586484 0.592708 0.595826 0.595826 0.592708 0.586484 0.577183 0.564846 0.549529 0.531302 0.510249 0.486469 0.460076 0.431199 0.39998 0.366578 0.331164 0.293924 0.255055 0.214766 0.173278 0.130818 0.0876236 0.0439356 0 
0 0.0472077 0.0941533 0.140576 0.18622 0.230834 0.274175 0.316006 0.356104 0.394255 0.43026 0.46393 0.495093 0.523591 0.549282 0.572039 0.591751 0.608323 0.621675 0.631744 0.638483 0.641861 0.641861 0.638483 0.631744 0.621675 0.608323 0.591751 0.572039 0.549282 0.523591 0.495093 0.46393 0.43026 0.394255 0.356104 0.316006 0.274175 0.230834 0.18622 0.140576 0.0941533 0.0472077 0 
0 0.0507423 0.101206 0.151114 0.200194 0.248177 0.294804 0.339823 0.382992 0.424082 0.462876 0.49917 0.532777 0.563523 0.591253 0.615824 0.637116 0.655021 0.669452 0.680337 0.687623 0.691275 0.691275 0.687623 0.680337 0.669452 0.655021 0.637116 0.615824 0.591253 0.563523 0.532777 0.49917 0.462876 0.424082 0.382992 0.339823 0.294804 0.248177 0.200194 0.151114 0.101206 0.0507423 0 
0 0.0545559 0.108815 0.162482 0.215265 0.266879 0.317044 0.365492 0.411962 0.456208 0.497994 0.537101 0.573324 0.606475 0.636383 0.662893 0.68587 0.705197 0.720777 0.732531 0.7404 0.744344 0.744344 0.7404 0.732531 0.720777 0.705197 0.68587 0.662893 0.636383 0.606475 0.573324 0.537101 0.497994 0.456208 0.411962 0.365492 0.317044 0.266879 0.215265 0.162482 0.108815 0.0545559 0 
0 0.0586669 0.117017 0.174734 0.231507 0.287029 0.341004 0.39314 0.443159 0.490795 0.535794 0.577918 0.616947 0.652674 0.684913 0.713497 0.738277 0.759124 0.775932 0.788614 0.797105 0.801361 0.801361 0.797105 0.788614 0.775932 0.759124 0.738277 0.713497 0.684913 0.652674 0.616947 0.577918 0.535794 0.490795 0.443159 0.39314 0.341004 0.287029 0.231507 0.174734 0.117017 0.0586669 0 
0 0.0630953 0.125851 0.187931 0.249 0.30873 0.366803 0.422907 0.476741 0.52802 0.576471 0.621835 0.663873 0.702364 0.737103 0.767909 0.794619 0.817094 0.835216 0.848892 0.858048 0.862638 0.862638 0.858048 0.848892 0.835216 0.817094 0.794619 0.767909 0.737103 0.702364 0.663873 0.621835 0.576471 0.52802 0.476741 0.422907 0.366803 0.30873 0.249 0.187931 0.125851 0.0630953 0 
0 0.0678635 0.135364 0.202139 0.267832 0.332091 0.394573 0.454944 0.512882 0.568077 0.620236 0.669081 0.714351 0.755808 0.79323 0.826419 0.8552 0.87942 0.898952 0.913692 0.923561 0.928509 0.928509 0.923561 0.913692 0.898952 0.87942 0.8552 0.826419 0.79323 0.755808 0.714351 0.669081 0.620236 0.568077 0.512882 0.454944 0.394573 0.332091 0.267832 0.202139 0.135364 0.0678635 0 
0 0.0729953 0.145601 0.21743 0.288099 0.357231 0.424457 0.489418 0.551768 0.611174 0.667319 0.719903 0.768647 0.81329 0.853593 0.889342 0.920346 0.94644 0.967484 0.983366 0.994001 0.999333 0.999333 0.994001 0.983366 0.967484 0.94644 0.920346 0.889342 0.853593 0.81329 0.768647 0.719903 0.667319 0.611174 0.551768 0.489418 0.424457 0.357231 0.288099 0.21743 0.145601 0.0729953 0 
