C h:0.010101
C GRID SIZE:100
C N:98
0 0.380224 0.757005 1.12693 1.48665 1.83291 2.16256 2.47264 2.76032 3.023 3.2583 3.4641 3.63853 3.78 3.88725 3.95929 3.99547 3.99547 3.95929 3.88725 3.78 3.63853 3.4641 3.2583 3.023 2.76032 2.47264 2.16256 1.83291 1.48665 1.12693 0.757005 0.380224 -1.39492e-15 -0.380224 -0.757005 -1.12693 -1.48665 -1.83291 -2.16256 -2.47264 -2.76032 -3.023 -3.2583 -3.4641 -3.63853 -3.78 -3.88725 -3.95929 -3.99547 -3.99547 -3.95929 -3.88725 -3.78 -3.63853 -3.4641 -3.2583 -3.023 -2.76032 -2.47264 -2.16256 -1.83291 -1.48665 -1.12693 -0.757005 -0.380224 2.78984e-15 0.380224 0.757005 1.12693 1.48665 1.83291 2.16256 2.47264 2.76032 3.023 3.2583 3.4641 3.63853 3.78 3.88725 3.95929 3.99547 3.99547 3.95929 3.88725 3.78 3.63853 3.4641 3.2583 3.023 2.76032 2.47264 2.16256 1.83291 1.48665 1.12693 0.757005 0.380224 -1.46935e-18 
0 0.345784 0.688437 1.02486 1.352 1.6669 1.9667 2.2487 2.51035 2.74926 2.96328 3.15047 3.30914 3.43785 3.53543 3.60101 3.63398 3.63406 3.60123 3.53581 3.43838 3.30982 3.1513 2.96425 2.75038 2.51161 2.25012 1.96826 1.6686 1.35384 1.02683 0.69055 0.348032 0.00238004 -0.343274 -0.6858 -1.0221 -1.34911 -1.66389 -1.96359 -2.24547 -2.50701 -2.74581 -2.95973 -3.14682 -3.3054 -3.43401 -3.53151 -3.597 -3.6299 -3.6299 -3.597 -3.53151 -3.43401 -3.3054 -3.14682 -2.95973 -2.74581 -2.50701 -2.24547 -1.96359 -1.66389 -1.34911 -1.0221 -0.6858 -0.343274 0.00238004 0.348032 0.69055 1.02683 1.35384 1.6686 1.96826 2.25012 2.51161 2.75038 2.96425 3.1513 3.30982 3.43838 3.53581 3.60123 3.63406 3.63398 3.60101 3.53543 3.43785 3.30914 3.15047 2.96328 2.74926 2.51035 2.2487 1.9667 1.6669 1.352 1.02486 0.688437 0.345784 0 
0 0.314479 0.626111 0.932076 1.2296 1.516 1.78868 2.04516 2.28314 2.50045 2.69512 2.86541 3.00976 3.12686 3.21567 3.27538 3.30544 3.30559 3.27583 3.21643 3.12792 3.01111 2.86706 2.69707 2.50269 2.28568 2.04799 1.79179 1.5194 1.23328 0.936032 0.630341 0.318977 0.00476247 -0.309457 -0.620835 -0.926551 -1.22384 -1.51 -1.78244 -2.0387 -2.27646 -2.49355 -2.68803 -2.85811 -3.00227 -3.11919 -3.20783 -3.26737 -3.29727 -3.29727 -3.26737 -3.20783 -3.11919 -3.00227 -2.85811 -2.68803 -2.49355 -2.27646 -2.0387 -1.78244 -1.51 -1.22384 -0.926551 -0.620835 -0.309457 0.00476247 0.318977 0.630341 0.936032 1.23328 1.5194 1.79179 2.04799 2.28568 2.50269 2.69707 2.86706 3.01111 3.12792 3.21643 3.27583 3.30559 3.30544 3.27538 3.21567 3.12686 3.00976 2.86541 2.69512 2.50045 2.28314 2.04516 1.78868 1.516 1.2296 0.932076 0.626111 0.314479 0 
0 0.286025 0.569461 0.847745 1.11836 1.37885 1.62687 1.86016 2.07663 2.2743 2.4514 2.60632 2.73765 2.84422 2.92506 2.97944 3.00686 3.00709 2.98012 2.92619 2.84581 2.73969 2.6088 2.45433 2.27767 2.08044 1.86441 1.63154 1.38395 1.12388 0.853685 0.575811 0.292778 0.0071497 -0.278486 -0.56154 -0.83945 -1.1097 -1.36983 -1.6175 -1.85046 -2.0666 -2.26395 -2.44074 -2.59536 -2.72641 -2.83271 -2.91328 -2.96741 -2.99459 -2.99459 -2.96741 -2.91328 -2.83271 -2.72641 -2.59536 -2.44074 -2.26395 -2.0666 -1.85046 -1.6175 -1.36983 -1.1097 -0.83945 -0.56154 -0.278486 0.0071497 0.292778 0.575811 0.853685 1.12388 1.38395 1.63154 1.86441 2.08044 2.27767 2.45433 2.6088 2.73969 2.84581 2.92619 2.98012 3.00709 3.00686 2.97944 2.92506 2.84422 2.73765 2.60632 2.4514 2.2743 2.07663 1.86016 1.62687 1.37885 1.11836 0.847745 0.569461 0.286025 0 
0 0.260163 0.517972 0.771096 1.01725 1.25419 1.4798 1.69202 1.88893 2.06877 2.22989 2.37084 2.49036 2.58735 2.66095 2.71049 2.73552 2.73583 2.7114 2.66246 2.58947 2.49307 2.37416 2.2338 2.07327 1.89402 1.69769 1.48604 1.26101 1.02462 0.779026 0.526448 0.269177 0.00954413 -0.250099 -0.507399 -0.760024 -1.00569 -1.24216 -1.4673 -1.67907 -1.87554 -2.05495 -2.21566 -2.35622 -2.47535 -2.57198 -2.64523 -2.69443 -2.71915 -2.71915 -2.69443 -2.64523 -2.57198 -2.47535 -2.35622 -2.21566 -2.05495 -1.87554 -1.67907 -1.4673 -1.24216 -1.00569 -0.760024 -0.507399 -0.250099 0.00954413 0.269177 0.526448 0.779026 1.02462 1.26101 1.48604 1.69769 1.89402 2.07327 2.2338 2.37416 2.49307 2.58947 2.66246 2.7114 2.73583 2.73552 2.71049 2.66095 2.58735 2.49036 2.37084 2.22989 2.06877 1.88893 1.69202 1.4798 1.25419 1.01725 0.771096 0.517972 0.260163 0 
0 0.236657 0.471175 0.701433 0.925349 1.1409 1.34613 1.5392 1.71835 1.88197 2.02857 2.15684 2.26561 2.35391 2.42094 2.46608 2.48895 2.48933 2.46722 2.42283 2.35656 2.26902 2.16099 2.03347 1.8876 1.72472 1.54629 1.35395 1.14943 0.934581 0.71136 0.481787 0.247943 0.0119482 -0.224059 -0.457938 -0.687572 -0.910877 -1.12583 -1.33049 -1.52299 -1.70159 -1.86467 -2.01076 -2.13854 -2.24683 -2.33467 -2.40125 -2.44598 -2.46845 -2.46845 -2.44598 -2.40125 -2.33467 -2.24683 -2.13854 -2.01076 -1.86467 -1.70159 -1.52299 -1.33049 -1.12583 -0.910877 -0.687572 -0.457938 -0.224059 0.0119482 0.247943 0.481787 0.71136 0.934581 1.14943 1.35395 1.54629 1.72472 1.8876 2.03347 2.16099 2.26902 2.35656 2.42283 2.46722 2.48933 2.48895 2.46608 2.42094 2.35391 2.26561 2.15684 2.02857 1.88197 1.71835 1.5392 1.34613 1.1409 0.925349 0.701433 0.471175 0.236657 0 
0 0.215295 0.428645 0.638121 0.841831 1.03793 1.22466 1.40032 1.56332 1.71221 1.84562 1.96236 2.06138 2.14178 2.20283 2.24399 2.2649 2.26535 2.24536 2.20511 2.14496 2.06547 1.96735 1.85151 1.71898 1.57098 1.40885 1.23405 1.04819 0.85293 0.650055 0.441402 0.228863 0.0143642 -0.200149 -0.412731 -0.621457 -0.824433 -1.01982 -1.20585 -1.38082 -1.54317 -1.69142 -1.82421 -1.94036 -2.0388 -2.11864 -2.17917 -2.21983 -2.24025 -2.24025 -2.21983 -2.17917 -2.11864 -2.0388 -1.94036 -1.82421 -1.69142 -1.54317 -1.38082 -1.20585 -1.01982 -0.824433 -0.621457 -0.412731 -0.200149 0.0143642 0.228863 0.441402 0.650055 0.85293 1.04819 1.23405 1.40885 1.57098 1.71898 1.85151 1.96735 2.06547 2.14496 2.20511 2.24536 2.26535 2.2649 2.24399 2.20283 2.14178 2.06138 1.96236 1.84562 1.71221 1.56332 1.40032 1.22466 1.03793 0.841831 0.638121 0.428645 0.215295 0 
0 0.195881 0.389994 0.580584 0.765931 0.944362 1.11426 1.27411 1.42244 1.55794 1.67937 1.78564 1.87579 1.94901 2.00465 2.0422 2.06132 2.06185 2.04379 2.00731 1.95274 1.88057 1.79147 1.68625 1.56586 1.43139 1.28408 1.12525 0.95635 0.778908 0.594538 0.40491 0.211745 0.0167948 -0.178172 -0.371388 -0.5611 -0.745589 -0.923182 -1.09227 -1.25132 -1.39888 -1.53363 -1.65434 -1.75991 -1.84939 -1.92197 -1.97698 -2.01394 -2.0325 -2.0325 -2.01394 -1.97698 -1.92197 -1.84939 -1.75991 -1.65434 -1.53363 -1.39888 -1.25132 -1.09227 -0.923182 -0.745589 -0.5611 -0.371388 -0.178172 0.0167948 0.211745 0.40491 0.594538 0.778908 0.95635 1.12525 1.28408 1.43139 1.56586 1.68625 1.79147 1.88057 1.95274 2.00731 2.04379 2.06185 2.06132 2.0422 2.00465 1.94901 1.87579 1.78564 1.67937 1.55794 1.42244 1.27411 1.11426 0.944362 0.765931 0.580584 0.389994 0.195881 0 
0 0.178239 0.35487 0.528298 0.696959 0.85933 1.01395 1.15942 1.29443 1.41776 1.5283 1.62506 1.70716 1.77387 1.82458 1.85885 1.87637 1.87698 1.86068 1.82763 1.77813 1.71263 1.63174 1.53618 1.42683 1.30468 1.17084 1.02654 0.873065 0.711827 0.544285 0.371959 0.196414 0.0192422 -0.157949 -0.333552 -0.505975 -0.673652 -0.835064 -0.988746 -1.13331 -1.26743 -1.3899 -1.49962 -1.59558 -1.67691 -1.74288 -1.79288 -1.82647 -1.84335 -1.84335 -1.82647 -1.79288 -1.74288 -1.67691 -1.59558 -1.49962 -1.3899 -1.26743 -1.13331 -0.988746 -0.835064 -0.673652 -0.505975 -0.333552 -0.157949 0.0192422 0.196414 0.371959 0.544285 0.711827 0.873065 1.02654 1.17084 1.30468 1.42683 1.53618 1.63174 1.71263 1.77813 1.82763 1.86068 1.87698 1.87637 1.85885 1.82458 1.77387 1.70716 1.62506 1.5283 1.41776 1.29443 1.15942 1.01395 0.85933 0.696959 0.528298 0.35487 0.178239 0 
0 0.162208 0.322953 0.480786 0.634285 0.782065 0.922794 1.0552 1.1781 1.29038 1.39103 1.47915 1.55394 1.61473 1.66098 1.69228 1.70834 1.70903 1.69435 1.66443 1.61955 1.56012 1.48669 1.39993 1.30062 1.18967 1.0681 0.936994 0.79756 0.651059 0.498823 0.342234 0.182713 0.0217091 -0.139317 -0.298903 -0.455601 -0.60799 -0.754687 -0.894361 -1.02574 -1.14765 -1.25896 -1.35868 -1.44589 -1.51981 -1.57977 -1.62522 -1.65575 -1.67109 -1.67109 -1.65575 -1.62522 -1.57977 -1.51981 -1.44589 -1.35868 -1.25896 -1.14765 -1.02574 -0.894361 -0.754687 -0.60799 -0.455601 -0.298903 -0.139317 0.0217091 0.182713 0.342234 0.498823 0.651059 0.79756 0.936994 1.0681 1.18967 1.30062 1.39993 1.48669 1.56012 1.61955 1.66443 1.69435 1.70903 1.70834 1.69228 1.66098 1.61473 1.55394 1.47915 1.39103 1.29038 1.1781 1.0552 0.922794 0.782065 0.634285 0.480786 0.322953 0.162208 0 
0 0.147641 0.293953 0.437616 0.577338 0.71186 0.839971 0.960517 1.07241 1.17466 1.26632 1.34659 1.41474 1.47017 1.51237 1.54097 1.55571 1.55648 1.54327 1.5162 1.47553 1.42163 1.355 1.27624 1.18607 1.08531 0.974887 0.855799 0.729132 0.596036 0.457721 0.315444 0.170497 0.0241978 -0.122126 -0.267145 -0.409544 -0.548029 -0.681344 -0.808278 -0.92768 -1.03847 -1.13963 -1.23026 -1.30952 -1.3767 -1.4312 -1.4725 -1.50025 -1.51419 -1.51419 -1.50025 -1.4725 -1.4312 -1.3767 -1.30952 -1.23026 -1.13963 -1.03847 -0.92768 -0.808278 -0.681344 -0.548029 -0.409544 -0.267145 -0.122126 0.0241978 0.170497 0.315444 0.457721 0.596036 0.729132 0.855799 0.974887 1.08531 1.18607 1.27624 1.355 1.42163 1.47553 1.5162 1.54327 1.55648 1.55571 1.54097 1.51237 1.47017 1.41474 1.34659 1.26632 1.17466 1.07241 0.960517 0.839971 0.71186 0.577338 0.437616 0.293953 0.147641 0 
0 0.134407 0.267604 0.398394 0.525599 0.648076 0.764723 0.874492 0.976396 1.06952 1.15303 1.22617 1.28829 1.33884 1.37737 1.40352 1.41709 1.41793 1.40607 1.3816 1.34477 1.2959 1.23545 1.16397 1.08211 0.990631 0.890354 0.782196 0.667142 0.546239 0.420586 0.291327 0.159636 0.0267108 -0.106242 -0.238013 -0.367406 -0.493247 -0.614391 -0.72974 -0.838245 -0.938922 -1.03086 -1.11321 -1.18525 -1.2463 -1.29582 -1.33337 -1.35858 -1.37125 -1.37125 -1.35858 -1.33337 -1.29582 -1.2463 -1.18525 -1.11321 -1.03086 -0.938922 -0.838245 -0.72974 -0.614391 -0.493247 -0.367406 -0.238013 -0.106242 0.0267108 0.159636 0.291327 0.420586 0.546239 0.667142 0.782196 0.890354 0.990631 1.08211 1.16397 1.23545 1.2959 1.34477 1.3816 1.40607 1.41793 1.41709 1.40352 1.37737 1.33884 1.28829 1.22617 1.15303 1.06952 0.976396 0.874492 0.764723 0.648076 0.525599 0.398394 0.267604 0.134407 0 
0 0.122383 0.243667 0.362761 0.478596 0.590131 0.696365 0.796344 0.88917 0.974013 1.05011 1.11678 1.17344 1.21956 1.25476 1.2787 1.29119 1.29212 1.28148 1.25939 1.22605 1.18176 1.12694 1.06209 0.987805 0.90476 0.813714 0.715499 0.61101 0.501198 0.387064 0.269646 0.150012 0.0292508 -0.0915399 -0.211262 -0.328827 -0.443167 -0.553243 -0.658054 -0.75665 -0.848133 -0.931673 -1.00651 -1.07197 -1.12745 -1.17245 -1.20657 -1.22949 -1.241 -1.241 -1.22949 -1.20657 -1.17245 -1.12745 -1.07197 -1.00651 -0.931673 -0.848133 -0.75665 -0.658054 -0.553243 -0.443167 -0.328827 -0.211262 -0.0915399 0.0292508 0.150012 0.269646 0.387064 0.501198 0.61101 0.715499 0.813714 0.90476 0.987805 1.06209 1.12694 1.18176 1.22605 1.25939 1.28148 1.29212 1.29119 1.2787 1.25476 1.21956 1.17344 1.11678 1.05011 0.974013 0.88917 0.796344 0.696365 0.590131 0.478596 0.362761 0.243667 0.122383 0 
0 0.111461 0.221923 0.330393 0.435899 0.537496 0.634271 0.725358 0.809941 0.887264 0.956635 1.01743 1.06912 1.11124 1.14341 1.16535 1.17687 1.17788 1.16838 1.14845 1.11829 1.07818 1.02849 0.969669 0.902268 0.8269 0.744254 0.655086 0.560208 0.460487 0.35683 0.250183 0.141517 0.0318202 -0.0779085 -0.186671 -0.293478 -0.397358 -0.497367 -0.592595 -0.682177 -0.765299 -0.841205 -0.909206 -0.968683 -1.0191 -1.05999 -1.09099 -1.11181 -1.12227 -1.12227 -1.11181 -1.09099 -1.05999 -1.0191 -0.968683 -0.909206 -0.841205 -0.765299 -0.682177 -0.592595 -0.497367 -0.397358 -0.293478 -0.186671 -0.0779085 0.0318202 0.141517 0.250183 0.35683 0.460487 0.560208 0.655086 0.744254 0.8269 0.902268 0.969669 1.02849 1.07818 1.11829 1.14845 1.16838 1.17788 1.17687 1.16535 1.14341 1.11124 1.06912 1.01743 0.956635 0.887264 0.809941 0.725358 0.634271 0.537496 0.435899 0.330393 0.221923 0.111461 0 
0 0.101541 0.202172 0.300993 0.397119 0.489688 0.577873 0.660886 0.737984 0.808479 0.871743 0.927211 0.974393 1.01287 1.0423 1.06243 1.07308 1.07418 1.06571 1.04776 1.0205 0.98419 0.939166 0.885842 0.82471 0.756329 0.681327 0.60039 0.514257 0.423716 0.329592 0.232743 0.134054 0.0344217 -0.0652449 -0.164039 -0.26106 -0.355426 -0.446279 -0.532791 -0.614175 -0.689692 -0.758655 -0.820436 -0.874474 -0.920278 -0.957431 -0.985595 -1.00451 -1.01402 -1.01402 -1.00451 -0.985595 -0.957431 -0.920278 -0.874474 -0.820436 -0.758655 -0.689692 -0.614175 -0.532791 -0.446279 -0.355426 -0.26106 -0.164039 -0.0652449 0.0344217 0.134054 0.232743 0.329592 0.423716 0.514257 0.60039 0.681327 0.756329 0.82471 0.885842 0.939166 0.98419 1.0205 1.04776 1.06571 1.07418 1.07308 1.06243 1.0423 1.01287 0.974393 0.927211 0.871743 0.808479 0.737984 0.660886 0.577873 0.489688 0.397119 0.300993 0.202172 0.101541 0 
0 0.0925312 0.184235 0.274293 0.361899 0.446271 0.526657 0.602338 0.67264 0.736937 0.794657 0.845288 0.888382 0.923559 0.950509 0.969 0.978873 0.980049 0.972527 0.956383 0.931773 0.89893 0.858158 0.809836 0.75441 0.69239 0.624344 0.550897 0.472722 0.390533 0.305082 0.217148 0.127534 0.0370578 -0.0534555 -0.143181 -0.231301 -0.317014 -0.399538 -0.478121 -0.552049 -0.620649 -0.683297 -0.739421 -0.788512 -0.830123 -0.863875 -0.889462 -0.90665 -0.915283 -0.915283 -0.90665 -0.889462 -0.863875 -0.830123 -0.788512 -0.739421 -0.683297 -0.620649 -0.552049 -0.478121 -0.399538 -0.317014 -0.231301 -0.143181 -0.0534555 0.0370578 0.127534 0.217148 0.305082 0.390533 0.472722 0.550897 0.624344 0.69239 0.75441 0.809836 0.858158 0.89893 0.931773 0.956383 0.972527 0.980049 0.978873 0.969 0.950509 0.923559 0.888382 0.845288 0.794657 0.736937 0.67264 0.602338 0.526657 0.446271 0.361899 0.274293 0.184235 0.0925312 0 
0 0.0843498 0.167947 0.250047 0.329918 0.406848 0.480151 0.549176 0.613309 0.671981 0.724671 0.770913 0.810301 0.842487 0.867192 0.884202 0.893373 0.894634 0.887983 0.873489 0.851294 0.821609 0.784712 0.740945 0.690715 0.634484 0.57277 0.506141 0.435207 0.360618 0.283057 0.203234 0.121878 0.0397313 -0.0424551 -0.123931 -0.203955 -0.281795 -0.356742 -0.428114 -0.49526 -0.557568 -0.614471 -0.66545 -0.710041 -0.747839 -0.778498 -0.80174 -0.817353 -0.825196 -0.825196 -0.817353 -0.80174 -0.778498 -0.747839 -0.710041 -0.66545 -0.614471 -0.557568 -0.49526 -0.428114 -0.356742 -0.281795 -0.203955 -0.123931 -0.0424551 0.0397313 0.121878 0.203234 0.283057 0.360618 0.435207 0.506141 0.57277 0.634484 0.690715 0.740945 0.784712 0.821609 0.851294 0.873489 0.887983 0.894634 0.893373 0.884202 0.867192 0.842487 0.810301 0.770913 0.724671 0.671981 0.613309 0.549176 0.480151 0.406848 0.329918 0.250047 0.167947 0.0843498 0 
0 0.0769216 0.153159 0.228035 0.300883 0.371056 0.437931 0.500914 0.559449 0.613016 0.661142 0.703404 0.739431 0.768908 0.79158 0.807253 0.815796 0.817143 0.811292 0.798308 0.778317 0.751512 0.718145 0.678528 0.633029 0.582069 0.52612 0.465695 0.401352 0.333679 0.263299 0.190856 0.117013 0.0424447 -0.0321657 -0.106137 -0.178794 -0.249473 -0.317528 -0.38234 -0.443316 -0.499901 -0.551578 -0.597877 -0.638375 -0.672703 -0.700549 -0.721659 -0.73584 -0.742962 -0.742962 -0.73584 -0.721659 -0.700549 -0.672703 -0.638375 -0.597877 -0.551578 -0.499901 -0.443316 -0.38234 -0.317528 -0.249473 -0.178794 -0.106137 -0.0321657 0.0424447 0.117013 0.190856 0.263299 0.333679 0.401352 0.465695 0.52612 0.582069 0.633029 0.678528 0.718145 0.751512 0.778317 0.798308 0.811292 0.817143 0.815796 0.807253 0.79158 0.768908 0.739431 0.703404 0.661142 0.613016 0.559449 0.500914 0.437931 0.371056 0.300883 0.228035 0.153159 0.0769216 0 
0 0.0701787 0.139735 0.208053 0.274526 0.338567 0.399607 0.457109 0.510563 0.559499 0.603486 0.64214 0.675121 0.702145 0.722979 0.737445 0.745426 0.74686 0.741747 0.730143 0.712165 0.687987 0.657838 0.622001 0.580812 0.534653 0.483951 0.429175 0.37083 0.309453 0.245607 0.17988 0.112873 0.045201 -0.0225165 -0.0896597 -0.155615 -0.219778 -0.281563 -0.340407 -0.39577 -0.447148 -0.494072 -0.536113 -0.572888 -0.604061 -0.629347 -0.648517 -0.661394 -0.667863 -0.667863 -0.661394 -0.648517 -0.629347 -0.604061 -0.572888 -0.536113 -0.494072 -0.447148 -0.39577 -0.340407 -0.281563 -0.219778 -0.155615 -0.0896597 -0.0225165 0.045201 0.112873 0.17988 0.245607 0.309453 0.37083 0.429175 0.483951 0.534653 0.580812 0.622001 0.657838 0.687987 0.712165 0.730143 0.741747 0.74686 0.745426 0.737445 0.722979 0.702145 0.675121 0.64214 0.603486 0.559499 0.510563 0.457109 0.399607 0.338567 0.274526 0.208053 0.139735 0.0701787 0 
0 0.0640589 0.127552 0.189918 0.250606 0.309082 0.364829 0.417356 0.466202 0.510938 0.551173 0.586555 0.616778 0.641582 0.660753 0.674133 0.681612 0.683135 0.678701 0.668362 0.652223 0.630441 0.603226 0.570835 0.533572 0.491785 0.445862 0.396229 0.343345 0.287698 0.2298 0.170185 0.109399 0.0480027 -0.0134424 -0.0743724 -0.134229 -0.192465 -0.248545 -0.301959 -0.352216 -0.398857 -0.441456 -0.479624 -0.513011 -0.541313 -0.564271 -0.581676 -0.593368 -0.599241 -0.599241 -0.593368 -0.581676 -0.564271 -0.541313 -0.513011 -0.479624 -0.441456 -0.398857 -0.352216 -0.301959 -0.248545 -0.192465 -0.134229 -0.0743724 -0.0134424 0.0480027 0.109399 0.170185 0.2298 0.287698 0.343345 0.396229 0.445862 0.491785 0.533572 0.570835 0.603226 0.630441 0.652223 0.668362 0.678701 0.683135 0.681612 0.674133 0.660753 0.641582 0.616778 0.586555 0.551173 0.510938 0.466202 0.417356 0.364829 0.309082 0.250606 0.189918 0.127552 0.0640589 0 
0 0.0585059 0.116497 0.173463 0.228903 0.28233 0.333275 0.38129 0.425958 0.466886 0.503719 0.536138 0.563863 0.586658 0.604329 0.61673 0.623763 0.625377 0.62157 0.612389 0.597931 0.578337 0.553799 0.524549 0.490864 0.453059 0.411489 0.366539 0.318627 0.268196 0.215713 0.161661 0.106538 0.0508528 -0.00488412 -0.0601602 -0.114468 -0.167309 -0.218199 -0.266672 -0.312282 -0.354614 -0.393278 -0.427922 -0.458227 -0.483917 -0.504757 -0.520556 -0.53117 -0.536501 -0.536501 -0.53117 -0.520556 -0.504757 -0.483917 -0.458227 -0.427922 -0.393278 -0.354614 -0.312282 -0.266672 -0.218199 -0.167309 -0.114468 -0.0601602 -0.00488412 0.0508528 0.106538 0.161661 0.215713 0.268196 0.318627 0.366539 0.411489 0.453059 0.490864 0.524549 0.553799 0.578337 0.597931 0.612389 0.62157 0.625377 0.623763 0.61673 0.604329 0.586658 0.563863 0.536138 0.503719 0.466886 0.425958 0.38129 0.333275 0.28233 0.228903 0.173463 0.116497 0.0585059 0 
0 0.0534685 0.106469 0.158536 0.209216 0.258064 0.304653 0.348579 0.389457 0.426935 0.460686 0.490422 0.515886 0.536865 0.553182 0.564704 0.571341 0.573047 0.56982 0.561702 0.548781 0.531186 0.50909 0.482705 0.452281 0.418106 0.3805 0.339816 0.296432 0.250751 0.203197 0.154209 0.104241 0.0537541 0.00321252 -0.0469177 -0.0961754 -0.144108 -0.190274 -0.234251 -0.275634 -0.314043 -0.349127 -0.380564 -0.408066 -0.431379 -0.450292 -0.46463 -0.474263 -0.479101 -0.479101 -0.474263 -0.46463 -0.450292 -0.431379 -0.408066 -0.380564 -0.349127 -0.314043 -0.275634 -0.234251 -0.190274 -0.144108 -0.0961754 -0.0469177 0.00321252 0.0537541 0.104241 0.154209 0.203197 0.250751 0.296432 0.339816 0.3805 0.418106 0.452281 0.482705 0.50909 0.531186 0.548781 0.561702 0.56982 0.573047 0.571341 0.564704 0.553182 0.536865 0.515886 0.490422 0.460686 0.426935 0.389457 0.348579 0.304653 0.258064 0.209216 0.158536 0.106469 0.0534685 0 
0 0.0489002 0.0973743 0.145 0.191363 0.236059 0.278701 0.318918 0.356364 0.390715 0.421675 0.448982 0.472403 0.491741 0.506838 0.517571 0.523858 0.525658 0.522967 0.515826 0.504312 0.488544 0.468677 0.444904 0.417454 0.386587 0.352595 0.315796 0.276537 0.235181 0.192116 0.14774 0.102465 0.0567095 0.0108972 -0.0345492 -0.0792105 -0.122675 -0.164542 -0.204427 -0.241963 -0.276803 -0.308629 -0.337148 -0.362098 -0.383249 -0.400408 -0.413417 -0.422157 -0.426546 -0.426546 -0.422157 -0.413417 -0.400408 -0.383249 -0.362098 -0.337148 -0.308629 -0.276803 -0.241963 -0.204427 -0.164542 -0.122675 -0.0792105 -0.0345492 0.0108972 0.0567095 0.102465 0.14774 0.192116 0.235181 0.276537 0.315796 0.352595 0.386587 0.417454 0.444904 0.468677 0.488544 0.504312 0.515826 0.522967 0.525658 0.523858 0.517571 0.506838 0.491741 0.472403 0.448982 0.421675 0.390715 0.356364 0.318918 0.278701 0.236059 0.191363 0.145 0.0973743 0.0489002 0 
0 0.0447587 0.0891296 0.132729 0.175178 0.216112 0.255176 0.292034 0.32637 0.35789 0.386324 0.411434 0.433007 0.450865 0.464863 0.474889 0.48087 0.482765 0.480573 0.474329 0.464104 0.450006 0.432175 0.410787 0.38605 0.358199 0.3275 0.294242 0.25874 0.221325 0.182347 0.142171 0.101169 0.059722 0.0182153 -0.0229672 -0.0634442 -0.102842 -0.140796 -0.176957 -0.21099 -0.242583 -0.271444 -0.297307 -0.319935 -0.339118 -0.354681 -0.36648 -0.374407 -0.378389 -0.378389 -0.374407 -0.36648 -0.354681 -0.339118 -0.319935 -0.297307 -0.271444 -0.242583 -0.21099 -0.176957 -0.140796 -0.102842 -0.0634442 -0.0229672 0.0182153 0.059722 0.101169 0.142171 0.182347 0.221325 0.25874 0.294242 0.3275 0.358199 0.38605 0.410787 0.432175 0.450006 0.464104 0.474329 0.480573 0.482765 0.48087 0.474889 0.464863 0.450865 0.433007 0.411434 0.386324 0.35789 0.32637 0.292034 0.255176 0.216112 0.175178 0.132729 0.0891296 0.0447587 0 
0 0.0410054 0.0816581 0.121608 0.160512 0.198037 0.23386 0.267676 0.299197 0.328154 0.354304 0.377427 0.397332 0.413856 0.426866 0.436261 0.441972 0.443965 0.442236 0.436819 0.427776 0.415206 0.399236 0.380026 0.357763 0.332663 0.304966 0.274937 0.242858 0.209033 0.17378 0.137428 0.100318 0.0627947 0.0252085 -0.0120916 -0.0487592 -0.0844543 -0.118846 -0.151617 -0.182463 -0.211099 -0.237261 -0.260707 -0.28122 -0.298613 -0.312723 -0.323421 -0.330608 -0.334218 -0.334218 -0.330608 -0.323421 -0.312723 -0.298613 -0.28122 -0.260707 -0.237261 -0.211099 -0.182463 -0.151617 -0.118846 -0.0844543 -0.0487592 -0.0120916 0.0252085 0.0627947 0.100318 0.137428 0.17378 0.209033 0.242858 0.274937 0.304966 0.332663 0.357763 0.380026 0.399236 0.415206 0.427776 0.436819 0.442236 0.443965 0.441972 0.436261 0.426866 0.413856 0.397332 0.377427 0.354304 0.328154 0.299197 0.267676 0.23386 0.198037 0.160512 0.121608 0.0816581 0.0410054 0 
0 0.0376056 0.0748901 0.111535 0.147228 0.181666 0.214555 0.245617 0.27459 0.30123 0.325314 0.346644 0.365044 0.380366 0.392489 0.401321 0.406799 0.408891 0.407595 0.402939 0.394981 0.38381 0.369542 0.352321 0.332317 0.309728 0.28477 0.257683 0.228725 0.198172 0.166312 0.133445 0.0998798 0.0659306 0.031915 -0.00184947 -0.0350481 -0.067372 -0.0985205 -0.128204 -0.156148 -0.182093 -0.205797 -0.227043 -0.245633 -0.261394 -0.274182 -0.283878 -0.290392 -0.293664 -0.293664 -0.290392 -0.283878 -0.274182 -0.261394 -0.245633 -0.227043 -0.205797 -0.182093 -0.156148 -0.128204 -0.0985205 -0.067372 -0.0350481 -0.00184947 0.031915 0.0659306 0.0998798 0.133445 0.166312 0.198172 0.228725 0.257683 0.28477 0.309728 0.332317 0.352321 0.369542 0.38381 0.394981 0.402939 0.407595 0.408891 0.406799 0.401321 0.392489 0.380366 0.365044 0.346644 0.325314 0.30123 0.27459 0.245617 0.214555 0.181666 0.147228 0.111535 0.0748901 0.0376056 0 
0 0.0345273 0.0687624 0.102415 0.135202 0.166846 0.19708 0.225651 0.25232 0.276865 0.299084 0.318795 0.335839 0.35008 0.361408 0.36974 0.375017 0.377211 0.376319 0.372366 0.365405 0.355516 0.342805 0.327402 0.309462 0.289164 0.266705 0.242302 0.216191 0.18862 0.159853 0.130162 0.0998263 0.0691329 0.03837 0.00782588 -0.0222134 -0.0514669 -0.0796618 -0.106535 -0.131836 -0.15533 -0.176797 -0.196039 -0.212877 -0.227154 -0.238738 -0.247522 -0.253423 -0.256387 -0.256387 -0.253423 -0.247522 -0.238738 -0.227154 -0.212877 -0.196039 -0.176797 -0.15533 -0.131836 -0.106535 -0.0796618 -0.0514669 -0.0222134 0.00782588 0.03837 0.0691329 0.0998263 0.130162 0.159853 0.18862 0.216191 0.242302 0.266705 0.289164 0.309462 0.327402 0.342805 0.355516 0.365405 0.372366 0.376319 0.377211 0.375017 0.36974 0.361408 0.35008 0.335839 0.318795 0.299084 0.276865 0.25232 0.225651 0.19708 0.166846 0.135202 0.102415 0.0687624 0.0345273 0 
0 0.0317418 0.0632175 0.0941634 0.12432 0.153437 0.18127 0.207589 0.232176 0.25483 0.275365 0.293617 0.30944 0.322711 0.333328 0.341217 0.346324 0.348621 0.348107 0.344805 0.338761 0.330048 0.318763 0.305023 0.28897 0.270764 0.250586 0.228633 0.205118 0.180267 0.15432 0.127523 0.100131 0.0724049 0.0446056 0.0169955 -0.0101655 -0.0366223 -0.0621267 -0.0864399 -0.109334 -0.130596 -0.150026 -0.167444 -0.182686 -0.195612 -0.2061 -0.214052 -0.219395 -0.222079 -0.222079 -0.219395 -0.214052 -0.2061 -0.195612 -0.182686 -0.167444 -0.150026 -0.130596 -0.109334 -0.0864399 -0.0621267 -0.0366223 -0.0101655 0.0169955 0.0446056 0.0724049 0.100131 0.127523 0.15432 0.180267 0.205118 0.228633 0.250586 0.270764 0.28897 0.305023 0.318763 0.330048 0.338761 0.344805 0.348107 0.348621 0.346324 0.341217 0.333328 0.322711 0.30944 0.293617 0.275365 0.25483 0.232176 0.207589 0.18127 0.153437 0.12432 0.0941634 0.0632175 0.0317418 0 
0 0.0292228 0.0582033 0.0867013 0.114481 0.141313 0.166977 0.191262 0.213969 0.234916 0.253934 0.270872 0.285597 0.297998 0.307982 0.31548 0.320443 0.322847 0.322689 0.319989 0.31479 0.307158 0.297179 0.284962 0.270634 0.25434 0.236245 0.216528 0.195381 0.173012 0.149636 0.125479 0.100772 0.0757497 0.0506516 0.0257153 0.00117698 -0.0227316 -0.0457849 -0.0677659 -0.0884678 -0.107696 -0.125271 -0.141027 -0.154816 -0.166511 -0.176 -0.183196 -0.188031 -0.190459 -0.190459 -0.188031 -0.183196 -0.176 -0.166511 -0.154816 -0.141027 -0.125271 -0.107696 -0.0884678 -0.0677659 -0.0457849 -0.0227316 0.00117698 0.0257153 0.0506516 0.0757497 0.100772 0.125479 0.149636 0.173012 0.195381 0.216528 0.236245 0.25434 0.270634 0.284962 0.297179 0.307158 0.31479 0.319989 0.322689 0.322847 0.320443 0.31548 0.307982 0.297998 0.285597 0.270872 0.253934 0.234916 0.213969 0.191262 0.166977 0.141313 0.114481 0.0867013 0.0582033 0.0292228 0 
0 0.0269465 0.0536722 0.0799586 0.105591 0.13036 0.154065 0.176514 0.197526 0.216934 0.234586 0.250342 0.264083 0.275705 0.285126 0.292281 0.297127 0.299639 0.299816 0.297675 0.293256 0.286617 0.277838 0.267015 0.254265 0.23972 0.223528 0.205853 0.18687 0.166765 0.145736 0.123987 0.101727 0.0791709 0.0565354 0.0340365 0.0118886 -0.00969751 -0.0305171 -0.050373 -0.0690772 -0.0864533 -0.102337 -0.116579 -0.129045 -0.139618 -0.148198 -0.154704 -0.159076 -0.161272 -0.161272 -0.159076 -0.154704 -0.148198 -0.139618 -0.129045 -0.116579 -0.102337 -0.0864533 -0.0690772 -0.050373 -0.0305171 -0.00969751 0.0118886 0.0340365 0.0565354 0.0791709 0.101727 0.123987 0.145736 0.166765 0.18687 0.205853 0.223528 0.23972 0.254265 0.267015 0.277838 0.286617 0.293256 0.297675 0.299816 0.299639 0.297127 0.292281 0.285126 0.275705 0.264083 0.250342 0.234586 0.216934 0.197526 0.176514 0.154065 0.13036 0.105591 0.0799586 0.0536722 0.0269465 0 
0 0.0248911 0.0495812 0.073871 0.0975649 0.120472 0.14241 0.163204 0.182689 0.200713 0.217135 0.231831 0.244689 0.255618 0.26454 0.271396 0.276147 0.27877 0.279263 0.277643 0.273944 0.26822 0.260542 0.250998 0.239694 0.226749 0.212298 0.196489 0.179481 0.161445 0.142557 0.123005 0.102978 0.0826718 0.0622822 0.0420059 0.0220376 0.00256875 -0.0162147 -0.0341334 -0.051017 -0.0667048 -0.0810478 -0.0939102 -0.10517 -0.114721 -0.122472 -0.12835 -0.1323 -0.134285 -0.134285 -0.1323 -0.12835 -0.122472 -0.114721 -0.10517 -0.0939102 -0.0810478 -0.0667048 -0.051017 -0.0341334 -0.0162147 0.00256875 0.0220376 0.0420059 0.0622822 0.0826718 0.102978 0.123005 0.142557 0.161445 0.179481 0.196489 0.212298 0.226749 0.239694 0.250998 0.260542 0.26822 0.273944 0.277643 0.279263 0.27877 0.276147 0.271396 0.26454 0.255618 0.244689 0.231831 0.217135 0.200713 0.182689 0.163204 0.14241 0.120472 0.0975649 0.073871 0.0495812 0.0248911 0 
0 0.0230371 0.0458911 0.0683803 0.0903264 0.111556 0.131902 0.151205 0.169316 0.186094 0.201413 0.215159 0.227229 0.23754 0.246022 0.25262 0.257297 0.260034 0.260828 0.259693 0.256661 0.25178 0.245115 0.236745 0.226765 0.215286 0.202428 0.188325 0.173123 0.156976 0.140044 0.122498 0.104509 0.0862559 0.0679155 0.0496667 0.0316864 0.0141484 -0.00277828 -0.0189309 -0.0341544 -0.0483031 -0.0612416 -0.0728465 -0.0830069 -0.091626 -0.0986218 -0.103928 -0.107493 -0.109285 -0.109285 -0.107493 -0.103928 -0.0986218 -0.091626 -0.0830069 -0.0728465 -0.0612416 -0.0483031 -0.0341544 -0.0189309 -0.00277828 0.0141484 0.0316864 0.0496667 0.0679155 0.0862559 0.104509 0.122498 0.140044 0.156976 0.173123 0.188325 0.202428 0.215286 0.226765 0.236745 0.245115 0.25178 0.256661 0.259693 0.260828 0.260034 0.257297 0.25262 0.246022 0.23754 0.227229 0.215159 0.201413 0.186094 0.169316 0.151205 0.131902 0.111556 0.0903264 0.0683803 0.0458911 0.0230371 0 
0 0.0213666 0.0425662 0.0634334 0.0838055 0.103525 0.122438 0.140401 0.157276 0.172938 0.187268 0.200163 0.211532 0.221295 0.22939 0.235766 0.24039 0.243244 0.244324 0.243643 0.24123 0.237128 0.231395 0.224103 0.21534 0.205203 0.193803 0.181262 0.167712 0.153291 0.138147 0.122433 0.106306 0.0899269 0.0734569 0.0570584 0.040892 0.0251157 0.00988275 -0.00465888 -0.0183685 -0.0311136 -0.0427713 -0.0532294 -0.0623874 -0.0701573 -0.0764644 -0.0812485 -0.0844635 -0.0860788 -0.0860788 -0.0844635 -0.0812485 -0.0764644 -0.0701573 -0.0623874 -0.0532294 -0.0427713 -0.0311136 -0.0183685 -0.00465888 0.00988275 0.0251157 0.040892 0.0570584 0.0734569 0.0899269 0.106306 0.122433 0.138147 0.153291 0.167712 0.181262 0.193803 0.205203 0.21534 0.224103 0.231395 0.237128 0.24123 0.243643 0.244324 0.243244 0.24039 0.235766 0.22939 0.221295 0.211532 0.200163 0.187268 0.172938 0.157276 0.140401 0.122438 0.103525 0.0838055 0.0634334 0.0425662 0.0213666 0 
0 0.0198633 0.0395744 0.0589823 0.0779388 0.0962997 0.113926 0.130686 0.146453 0.161114 0.17456 0.186697 0.197442 0.206722 0.214479 0.220668 0.225257 0.22823 0.229583 0.229328 0.22749 0.224108 0.219235 0.212936 0.205289 0.196384 0.186322 0.175211 0.163172 0.150331 0.136821 0.122782 0.108356 0.0936885 0.0789266 0.0642175 0.049707 0.0355385 0.0218513 0.00877968 -0.00354857 -0.0150132 -0.0255025 -0.0349147 -0.0431583 -0.0501535 -0.0558326 -0.0601407 -0.0630361 -0.0644908 -0.0644908 -0.0630361 -0.0601407 -0.0558326 -0.0501535 -0.0431583 -0.0349147 -0.0255025 -0.0150132 -0.00354857 0.00877968 0.0218513 0.0355385 0.049707 0.0642175 0.0789266 0.0936885 0.108356 0.122782 0.136821 0.150331 0.163172 0.175211 0.186322 0.196384 0.205289 0.212936 0.219235 0.224108 0.22749 0.229328 0.229583 0.22823 0.225257 0.220668 0.214479 0.206722 0.197442 0.186697 0.17456 0.161114 0.146453 0.130686 0.113926 0.0962997 0.0779388 0.0589823 0.0395744 0.0198633 0 
0 0.0185125 0.0368861 0.0549832 0.0726685 0.0898105 0.106282 0.121963 0.13674 0.150505 0.163163 0.174626 0.184818 0.193673 0.201138 0.207171 0.211743 0.214838 0.216453 0.216599 0.215297 0.212582 0.208503 0.203119 0.196499 0.188726 0.179889 0.17009 0.159435 0.14804 0.136026 0.123519 0.110647 0.0975444 0.0843433 0.0711775 0.0581794 0.0454792 0.0332033 0.0214736 0.0104062 0.000110341 -0.0093127 -0.0177703 -0.0251796 -0.031468 -0.0365741 -0.0404479 -0.0430516 -0.0443598 -0.0443598 -0.0430516 -0.0404479 -0.0365741 -0.031468 -0.0251796 -0.0177703 -0.0093127 0.000110341 0.0104062 0.0214736 0.0332033 0.0454792 0.0581794 0.0711775 0.0843433 0.0975444 0.110647 0.123519 0.136026 0.14804 0.159435 0.17009 0.179889 0.188726 0.196499 0.203119 0.208503 0.212582 0.215297 0.216599 0.216453 0.214838 0.211743 0.207171 0.201138 0.193673 0.184818 0.174626 0.163163 0.150505 0.13674 0.121963 0.106282 0.0898105 0.0726685 0.0549832 0.0368861 0.0185125 0 
0 0.0173008 0.0344748 0.0513965 0.0679423 0.0839923 0.0994307 0.114147 0.128038 0.141006 0.152963 0.163828 0.173533 0.182017 0.189231 0.195137 0.199707 0.202928 0.204796 0.205319 0.204517 0.202423 0.199079 0.194538 0.188864 0.182131 0.174421 0.165825 0.156439 0.146369 0.135724 0.124619 0.11317 0.101499 0.0897244 0.0779693 0.0663534 0.0549947 0.044008 0.0335041 0.0235882 0.0143595 0.00591011 -0.00167606 -0.00832368 -0.0139669 -0.0185498 -0.0220272 -0.0243647 -0.0255392 -0.0255392 -0.0243647 -0.0220272 -0.0185498 -0.0139669 -0.00832368 -0.00167606 0.00591011 0.0143595 0.0235882 0.0335041 0.044008 0.0549947 0.0663534 0.0779693 0.0897244 0.101499 0.11317 0.124619 0.135724 0.146369 0.156439 0.165825 0.174421 0.182131 0.188864 0.194538 0.199079 0.202423 0.204517 0.205319 0.204796 0.202928 0.199707 0.195137 0.189231 0.182017 0.173533 0.163828 0.152963 0.141006 0.128038 0.114147 0.0994307 0.0839923 0.0679423 0.0513965 0.0344748 0.0173008 0 
0 0.016216 0.0323162 0.0481861 0.0637128 0.0787867 0.0933021 0.107158 0.12026 0.132519 0.143855 0.154193 0.163471 0.171633 0.178635 0.18444 0.189024 0.192373 0.194485 0.195365 0.195032 0.193515 0.190852 0.187091 0.18229 0.176515 0.169841 0.162349 0.154129 0.145274 0.135884 0.126063 0.115917 0.105555 0.0950865 0.0846217 0.0742696 0.0641374 0.0543292 0.0449454 0.0360818 0.0278282 0.0202682 0.0134781 0.00752616 0.00247227 -0.00163293 -0.0047483 -0.00684269 -0.00789514 -0.00789514 -0.00684269 -0.0047483 -0.00163293 0.00247227 0.00752616 0.0134781 0.0202682 0.0278282 0.0360818 0.0449454 0.0543292 0.0641374 0.0742696 0.0846217 0.0950865 0.105555 0.115917 0.126063 0.135884 0.145274 0.154129 0.162349 0.169841 0.176515 0.18229 0.187091 0.190852 0.193515 0.195032 0.195365 0.194485 0.192373 0.189024 0.18444 0.178635 0.171633 0.163471 0.154193 0.143855 0.132519 0.12026 0.107158 0.0933021 0.0787867 0.0637128 0.0481861 0.0323162 0.016216 0 
0 0.0152471 0.0303885 0.0453193 0.0599367 0.0741403 0.0878337 0.100925 0.113326 0.124958 0.135745 0.145621 0.154527 0.162412 0.169236 0.174965 0.179577 0.183059 0.185406 0.186626 0.186734 0.185755 0.183725 0.180686 0.176691 0.1718 0.166079 0.159604 0.152454 0.144714 0.136476 0.127832 0.11888 0.109718 0.100445 0.0911611 0.0819656 0.0729554 0.0642251 0.0558658 0.0479642 0.0406021 0.0338551 0.0277926 0.0224765 0.0179611 0.0142925 0.0115079 0.00963565 0.00869476 0.00869476 0.00963565 0.0115079 0.0142925 0.0179611 0.0224765 0.0277926 0.0338551 0.0406021 0.0479642 0.0558658 0.0642251 0.0729554 0.0819656 0.0911611 0.100445 0.109718 0.11888 0.127832 0.136476 0.144714 0.152454 0.159604 0.166079 0.1718 0.176691 0.180686 0.183725 0.185755 0.186734 0.186626 0.185406 0.183059 0.179577 0.174965 0.169236 0.162412 0.154527 0.145621 0.135745 0.124958 0.113326 0.100925 0.0878337 0.0741403 0.0599367 0.0453193 0.0303885 0.0152471 0 
0 0.0143841 0.0286715 0.0427665 0.0565749 0.070005 0.0829686 0.0953813 0.107164 0.118242 0.128547 0.138019 0.146604 0.154254 0.160933 0.166609 0.171262 0.174879 0.177457 0.179 0.179523 0.179049 0.177608 0.175239 0.17199 0.167915 0.163074 0.157534 0.151368 0.144654 0.137473 0.12991 0.122053 0.113991 0.105814 0.097612 0.0894758 0.0814929 0.0737493 0.0663275 0.0593063 0.0527596 0.0467564 0.0413593 0.0366247 0.0326018 0.0293323 0.0268502 0.0251811 0.0243422 0.0243422 0.0251811 0.0268502 0.0293323 0.0326018 0.0366247 0.0413593 0.0467564 0.0527596 0.0593063 0.0663275 0.0737493 0.0814929 0.0894758 0.097612 0.105814 0.113991 0.122053 0.12991 0.137473 0.144654 0.151368 0.157534 0.163074 0.167915 0.17199 0.175239 0.177608 0.179049 0.179523 0.179 0.177457 0.174879 0.171262 0.166609 0.160933 0.154254 0.146604 0.138019 0.128547 0.118242 0.107164 0.0953813 0.0829686 0.070005 0.0565749 0.0427665 0.0286715 0.0143841 0 
0 0.0136179 0.0271473 0.0405007 0.0535918 0.066337 0.0786552 0.0904693 0.101707 0.112299 0.122184 0.131307 0.139616 0.14707 0.153633 0.159278 0.163985 0.167741 0.170544 0.172396 0.173312 0.17331 0.172419 0.170674 0.168117 0.164796 0.160767 0.156091 0.150832 0.145062 0.138853 0.132283 0.125432 0.118379 0.111207 0.103997 0.0968321 0.0897907 0.082951 0.0763879 0.0701728 0.0643728 0.0590504 0.0542624 0.0500599 0.0464877 0.0435835 0.0413781 0.0398948 0.0391492 0.0391492 0.0398948 0.0413781 0.0435835 0.0464877 0.0500599 0.0542624 0.0590504 0.0643728 0.0701728 0.0763879 0.082951 0.0897907 0.0968321 0.103997 0.111207 0.118379 0.125432 0.132283 0.138853 0.145062 0.150832 0.156091 0.160767 0.164796 0.168117 0.170674 0.172419 0.17331 0.173312 0.172396 0.170544 0.167741 0.163985 0.159278 0.153633 0.14707 0.139616 0.131307 0.122184 0.112299 0.101707 0.0904693 0.0786552 0.066337 0.0535918 0.0405007 0.0271473 0.0136179 0 
0 0.0129402 0.0257994 0.0384974 0.0509554 0.0630965 0.0748466 0.0861351 0.0968951 0.107064 0.116586 0.125408 0.133485 0.140778 0.147254 0.152887 0.157659 0.161558 0.164581 0.166731 0.168019 0.168462 0.168086 0.166922 0.165007 0.162387 0.15911 0.155231 0.150809 0.145908 0.140595 0.134938 0.129011 0.122886 0.116637 0.110339 0.104064 0.0978864 0.0918756 0.0860997 0.0806234 0.0755076 0.0708089 0.0665789 0.0628639 0.0597043 0.0571347 0.0551827 0.0538695 0.0532094 0.0532094 0.0538695 0.0551827 0.0571347 0.0597043 0.0628639 0.0665789 0.0708089 0.0755076 0.0806234 0.0860997 0.0918756 0.0978864 0.104064 0.110339 0.116637 0.122886 0.129011 0.134938 0.140595 0.145908 0.150809 0.155231 0.15911 0.162387 0.165007 0.166922 0.168086 0.168462 0.168019 0.166731 0.164581 0.161558 0.157659 0.152887 0.147254 0.140778 0.133485 0.125408 0.116586 0.107064 0.0968951 0.0861351 0.0748466 0.0630965 0.0509554 0.0384974 0.0257994 0.0129402 0 
0 0.0123436 0.0246129 0.0367346 0.0486362 0.0602475 0.0715003 0.08233 0.0926752 0.102479 0.111688 0.120256 0.12814 0.135304 0.141718 0.147358 0.152206 0.156253 0.159493 0.161929 0.163572 0.164435 0.164542 0.163921 0.162605 0.160635 0.158055 0.154914 0.151265 0.147167 0.142679 0.137865 0.132789 0.127517 0.122117 0.116655 0.111199 0.105815 0.100565 0.0955112 0.0907128 0.0862246 0.0820978 0.0783794 0.0751113 0.0723301 0.070067 0.0683473 0.0671901 0.0666082 0.0666082 0.0671901 0.0683473 0.070067 0.0723301 0.0751113 0.0783794 0.0820978 0.0862246 0.0907128 0.0955112 0.100565 0.105815 0.111199 0.116655 0.122117 0.127517 0.132789 0.137865 0.142679 0.147167 0.151265 0.154914 0.158055 0.160635 0.162605 0.163921 0.164542 0.164435 0.163572 0.161929 0.159493 0.156253 0.152206 0.147358 0.141718 0.135304 0.12814 0.120256 0.111688 0.102479 0.0926752 0.08233 0.0715003 0.0602475 0.0486362 0.0367346 0.0246129 0.0123436 0 
0 0.0118212 0.0235744 0.0351921 0.0466079 0.0577573 0.0685779 0.0790101 0.0889976 0.0984879 0.107433 0.115788 0.123516 0.130581 0.136957 0.142621 0.147557 0.151755 0.155209 0.157923 0.159904 0.161165 0.161727 0.161615 0.160858 0.159494 0.157561 0.155104 0.152172 0.148816 0.145091 0.141053 0.136762 0.132276 0.127658 0.122966 0.118263 0.113608 0.109057 0.104667 0.100491 0.0965793 0.0929777 0.0897288 0.0868707 0.0844367 0.0824549 0.0809483 0.0799341 0.0794241 0.0794241 0.0799341 0.0809483 0.0824549 0.0844367 0.0868707 0.0897288 0.0929777 0.0965793 0.100491 0.104667 0.109057 0.113608 0.118263 0.122966 0.127658 0.132276 0.136762 0.141053 0.145091 0.148816 0.152172 0.155104 0.157561 0.159494 0.160858 0.161615 0.161727 0.161165 0.159904 0.157923 0.155209 0.151755 0.147557 0.142621 0.136957 0.130581 0.123516 0.115788 0.107433 0.0984879 0.0889976 0.0790101 0.0685779 0.0577573 0.0466079 0.0351921 0.0235744 0.0118212 0 
0 0.0113671 0.0226716 0.0338517 0.0448464 0.0555964 0.0660444 0.0761355 0.0858179 0.0950434 0.103767 0.111949 0.119554 0.126549 0.13291 0.138614 0.143648 0.148001 0.151668 0.154651 0.156956 0.158596 0.159588 0.159954 0.159721 0.158922 0.157592 0.155771 0.153504 0.150835 0.147816 0.144496 0.140929 0.137169 0.133271 0.129289 0.12528 0.121295 0.117388 0.113609 0.110005 0.106623 0.103504 0.100687 0.0982053 0.0960902 0.0943668 0.0930559 0.0921731 0.0917291 0.0917291 0.0921731 0.0930559 0.0943668 0.0960902 0.0982053 0.100687 0.103504 0.106623 0.110005 0.113609 0.117388 0.121295 0.12528 0.129289 0.133271 0.137169 0.140929 0.144496 0.147816 0.150835 0.153504 0.155771 0.157592 0.158922 0.159721 0.159954 0.159588 0.158596 0.156956 0.154651 0.151668 0.148001 0.143648 0.138614 0.13291 0.126549 0.119554 0.111949 0.103767 0.0950434 0.0858179 0.0761355 0.0660444 0.0555964 0.0448464 0.0338517 0.0226716 0.0113671 0 
0 0.0109754 0.0218934 0.032697 0.04333 0.053738 0.0638682 0.07367 0.0830959 0.0921012 0.100645 0.108689 0.116201 0.123153 0.129518 0.135279 0.14042 0.144933 0.148811 0.152057 0.154675 0.156676 0.158075 0.158892 0.159151 0.158881 0.158114 0.156886 0.155236 0.153206 0.150841 0.148186 0.145289 0.142199 0.138967 0.135641 0.132271 0.128905 0.12559 0.122374 0.119297 0.116403 0.113728 0.111308 0.109173 0.107351 0.105865 0.104734 0.103972 0.103589 0.103589 0.103972 0.104734 0.105865 0.107351 0.109173 0.111308 0.113728 0.116403 0.119297 0.122374 0.12559 0.128905 0.132271 0.135641 0.138967 0.142199 0.145289 0.148186 0.150841 0.153206 0.155236 0.156886 0.158114 0.158881 0.159151 0.158892 0.158075 0.156676 0.154675 0.152057 0.148811 0.144933 0.14042 0.135279 0.129518 0.123153 0.116201 0.108689 0.100645 0.0921012 0.0830959 0.07367 0.0638682 0.053738 0.04333 0.032697 0.0218934 0.0109754 0 
0 0.0106414 0.0212299 0.031713 0.0420391 0.0521578 0.0620207 0.0715811 0.0807951 0.0896213 0.0980219 0.105962 0.113411 0.120342 0.126733 0.132564 0.137823 0.142499 0.146589 0.150092 0.153012 0.155358 0.157144 0.158388 0.159111 0.159337 0.159097 0.158423 0.157349 0.155913 0.154155 0.152117 0.149842 0.147373 0.144757 0.142036 0.139257 0.136462 0.133696 0.130997 0.128407 0.125962 0.123697 0.121642 0.119827 0.118275 0.117008 0.116043 0.115392 0.115065 0.115065 0.115392 0.116043 0.117008 0.118275 0.119827 0.121642 0.123697 0.125962 0.128407 0.130997 0.133696 0.136462 0.139257 0.142036 0.144757 0.147373 0.149842 0.152117 0.154155 0.155913 0.157349 0.158423 0.159097 0.159337 0.159111 0.158388 0.157144 0.155358 0.153012 0.150092 0.146589 0.142499 0.137823 0.132564 0.126733 0.120342 0.113411 0.105962 0.0980219 0.0896213 0.0807951 0.0715811 0.0620207 0.0521578 0.0420391 0.031713 0.0212299 0.0106414 0 
0 0.0103603 0.0206718 0.0308861 0.0409557 0.0508339 0.0604761 0.0698392 0.0788824 0.0875677 0.0958599 0.103727 0.11114 0.118074 0.124507 0.130423 0.135808 0.140654 0.144954 0.148709 0.151923 0.154601 0.156757 0.158406 0.159567 0.160261 0.160516 0.16036 0.159824 0.158942 0.15775 0.156286 0.154588 0.152696 0.15065 0.148491 0.146258 0.143992 0.141731 0.139513 0.137372 0.135342 0.133454 0.131738 0.130217 0.128914 0.127849 0.127037 0.126489 0.126212 0.126212 0.126489 0.127037 0.127849 0.128914 0.130217 0.131738 0.133454 0.135342 0.137372 0.139513 0.141731 0.143992 0.146258 0.148491 0.15065 0.152696 0.154588 0.156286 0.15775 0.158942 0.159824 0.16036 0.160516 0.160261 0.159567 0.158406 0.156757 0.154601 0.151923 0.148709 0.144954 0.140654 0.135808 0.130423 0.124507 0.118074 0.11114 0.103727 0.0958599 0.0875677 0.0788824 0.0698392 0.0604761 0.0508339 0.0409557 0.0308861 0.0206718 0.0103603 0 
0 0.0101281 0.0202111 0.0302043 0.0400638 0.0497465 0.0592109 0.0684174 0.0773282 0.0859079 0.0941237 0.101946 0.109348 0.116306 0.1228 0.128813 0.134334 0.139353 0.143866 0.14787 0.151369 0.154368 0.156878 0.158913 0.160489 0.161625 0.162346 0.162677 0.162645 0.162282 0.161618 0.160689 0.159528 0.158172 0.156656 0.155018 0.153293 0.151517 0.149725 0.14795 0.146225 0.144579 0.143041 0.141636 0.140387 0.139315 0.138437 0.137765 0.137312 0.137083 0.137083 0.137312 0.137765 0.138437 0.139315 0.140387 0.141636 0.143041 0.144579 0.146225 0.14795 0.149725 0.151517 0.153293 0.155018 0.156656 0.158172 0.159528 0.160689 0.161618 0.162282 0.162645 0.162677 0.162346 0.161625 0.160489 0.158913 0.156878 0.154368 0.151369 0.14787 0.143866 0.139353 0.134334 0.128813 0.1228 0.116306 0.109348 0.101946 0.0941237 0.0859079 0.0773282 0.0684174 0.0592109 0.0497465 0.0400638 0.0302043 0.0202111 0.0101281 0 
0 0.00994101 0.0198403 0.0296565 0.0393488 0.0488775 0.0582041 0.0672918 0.0761055 0.0846123 0.0927818 0.100586 0.108 0.115002 0.121573 0.127697 0.133363 0.138561 0.143286 0.147536 0.151314 0.154625 0.157476 0.159879 0.16185 0.163406 0.164567 0.165356 0.165799 0.165921 0.165752 0.165323 0.164664 0.163807 0.162786 0.161632 0.160379 0.159058 0.157701 0.156338 0.154998 0.153708 0.152493 0.151378 0.150381 0.149522 0.148816 0.148275 0.14791 0.147725 0.147725 0.14791 0.148275 0.148816 0.149522 0.150381 0.151378 0.152493 0.153708 0.154998 0.156338 0.157701 0.159058 0.160379 0.161632 0.162786 0.163807 0.164664 0.165323 0.165752 0.165921 0.165799 0.165356 0.164567 0.163406 0.16185 0.159879 0.157476 0.154625 0.151314 0.147536 0.143286 0.138561 0.133363 0.127697 0.121573 0.115002 0.108 0.100586 0.0927818 0.0846123 0.0761055 0.0672918 0.0582041 0.0488775 0.0393488 0.0296565 0.0198403 0.00994101 0 
0 0.00979571 0.0195527 0.0292326 0.0387977 0.0482109 0.0574366 0.0664405 0.07519 0.0836545 0.0918055 0.099617 0.107066 0.11413 0.120794 0.12704 0.132859 0.138241 0.143181 0.147676 0.151728 0.155341 0.158521 0.161279 0.163628 0.165582 0.16716 0.168383 0.169272 0.169852 0.170148 0.170187 0.169997 0.169608 0.169047 0.168345 0.167532 0.166634 0.165682 0.164702 0.16372 0.162761 0.161847 0.161 0.160237 0.159576 0.15903 0.15861 0.158326 0.158182 0.158182 0.158326 0.15861 0.15903 0.159576 0.160237 0.161 0.161847 0.162761 0.16372 0.164702 0.165682 0.166634 0.167532 0.168345 0.169047 0.169608 0.169997 0.170187 0.170148 0.169852 0.169272 0.168383 0.16716 0.165582 0.163628 0.161279 0.158521 0.155341 0.151728 0.147676 0.143181 0.138241 0.132859 0.12704 0.120794 0.11413 0.107066 0.099617 0.0918055 0.0836545 0.07519 0.0664405 0.0574366 0.0482109 0.0387977 0.0292326 0.0195527 0.00979571 0 
0 0.00968915 0.0193423 0.0289238 0.0383985 0.0477321 0.0568912 0.065844 0.0745599 0.0830105 0.0911692 0.0990113 0.106515 0.113661 0.120431 0.126812 0.132793 0.138364 0.143521 0.14826 0.152582 0.15649 0.159989 0.163089 0.165799 0.168134 0.17011 0.171744 0.173055 0.174067 0.1748 0.17528 0.175531 0.175579 0.17545 0.175171 0.174768 0.174266 0.173691 0.173068 0.17242 0.171768 0.171134 0.170536 0.169991 0.169514 0.169116 0.168809 0.1686 0.168494 0.168494 0.1686 0.168809 0.169116 0.169514 0.169991 0.170536 0.171134 0.171768 0.17242 0.173068 0.173691 0.174266 0.174768 0.175171 0.17545 0.175579 0.175531 0.17528 0.1748 0.174067 0.173055 0.171744 0.17011 0.168134 0.165799 0.163089 0.159989 0.15649 0.152582 0.14826 0.143521 0.138364 0.132793 0.126812 0.120431 0.113661 0.106515 0.0990113 0.0911692 0.0830105 0.0745599 0.065844 0.0568912 0.0477321 0.0383985 0.0289238 0.0193423 0.00968915 0 
0 0.00961861 0.0192037 0.028722 0.0381408 0.0474279 0.0565524 0.0654845 0.0741956 0.0826589 0.0908496 0.0987446 0.106323 0.113566 0.120458 0.126985 0.133136 0.138903 0.144279 0.149262 0.153851 0.158048 0.161858 0.165287 0.168346 0.171046 0.173401 0.175426 0.17714 0.178559 0.179706 0.180601 0.181267 0.181727 0.182003 0.182121 0.182102 0.18197 0.181749 0.181459 0.181122 0.180758 0.180385 0.180019 0.179677 0.179371 0.179112 0.17891 0.178771 0.178701 0.178701 0.178771 0.17891 0.179112 0.179371 0.179677 0.180019 0.180385 0.180758 0.181122 0.181459 0.181749 0.18197 0.182102 0.182121 0.182003 0.181727 0.181267 0.180601 0.179706 0.178559 0.17714 0.175426 0.173401 0.171046 0.168346 0.165287 0.161858 0.158048 0.153851 0.149262 0.144279 0.138903 0.133136 0.126985 0.120458 0.113566 0.106323 0.0987446 0.0908496 0.0826589 0.0741956 0.0654845 0.0565524 0.0474279 0.0381408 0.028722 0.0192037 0.00961861 0 
0 0.00958162 0.0191319 0.0286198 0.0380147 0.0472866 0.0564064 0.0653462 0.0740792 0.0825804 0.0908262 0.0987948 0.106467 0.113824 0.120851 0.127535 0.133865 0.139832 0.145431 0.150658 0.155512 0.159993 0.164107 0.167857 0.171253 0.174304 0.177023 0.179422 0.181517 0.183325 0.184864 0.186152 0.18721 0.188058 0.188716 0.189206 0.189549 0.189765 0.189874 0.189897 0.189852 0.189756 0.189627 0.189479 0.189327 0.18918 0.189051 0.188947 0.188874 0.188836 0.188836 0.188874 0.188947 0.189051 0.18918 0.189327 0.189479 0.189627 0.189756 0.189852 0.189897 0.189874 0.189765 0.189549 0.189206 0.188716 0.188058 0.18721 0.186152 0.184864 0.183325 0.181517 0.179422 0.177023 0.174304 0.171253 0.167857 0.164107 0.159993 0.155512 0.150658 0.145431 0.139832 0.133865 0.127535 0.120851 0.113824 0.106467 0.0987948 0.0908262 0.0825804 0.0740792 0.0653462 0.0564064 0.0472866 0.0380147 0.0286198 0.0191319 0.00958162 0 
0 0.00957599 0.0191226 0.0286108 0.0380118 0.0472975 0.0564406 0.0654148 0.0741951 0.0827576 0.0910802 0.0991422 0.106925 0.114412 0.121587 0.128439 0.134956 0.14113 0.146956 0.152428 0.157545 0.162308 0.166719 0.170782 0.174505 0.177895 0.180963 0.183721 0.186182 0.188361 0.190272 0.191934 0.193363 0.194578 0.195597 0.196439 0.197122 0.197665 0.198086 0.198403 0.198632 0.198788 0.198888 0.198944 0.198969 0.198973 0.198965 0.198952 0.198941 0.198934 0.198934 0.198941 0.198952 0.198965 0.198973 0.198969 0.198944 0.198888 0.198788 0.198632 0.198403 0.198086 0.197665 0.197122 0.196439 0.195597 0.194578 0.193363 0.191934 0.190272 0.188361 0.186182 0.183721 0.180963 0.177895 0.174505 0.170782 0.166719 0.162308 0.157545 0.152428 0.146956 0.14113 0.134956 0.128439 0.121587 0.114412 0.106925 0.0991422 0.0910802 0.0827576 0.0741951 0.0654148 0.0564406 0.0472975 0.0380118 0.0286108 0.0191226 0.00957599 0 
0 0.00959974 0.0191719 0.0286891 0.0381243 0.0474512 0.0566439 0.0656777 0.0745289 0.083175 0.091595 0.0997693 0.10768 0.115311 0.122647 0.129677 0.13639 0.142778 0.148833 0.154553 0.159933 0.164974 0.169678 0.174048 0.178089 0.181808 0.185215 0.188318 0.19113 0.193663 0.195931 0.197948 0.199731 0.201295 0.202656 0.20383 0.204836 0.205688 0.206403 0.206996 0.207483 0.207877 0.208193 0.20844 0.208632 0.208777 0.208882 0.208956 0.209002 0.209024 0.209024 0.209002 0.208956 0.208882 0.208777 0.208632 0.20844 0.208193 0.207877 0.207483 0.206996 0.206403 0.205688 0.204836 0.20383 0.202656 0.201295 0.199731 0.197948 0.195931 0.193663 0.19113 0.188318 0.185215 0.181808 0.178089 0.174048 0.169678 0.164974 0.159933 0.154553 0.148833 0.142778 0.13639 0.129677 0.122647 0.115311 0.10768 0.0997693 0.091595 0.083175 0.0745289 0.0656777 0.0566439 0.0474512 0.0381243 0.0286891 0.0191719 0.00959974 0 
0 0.00965109 0.0192762 0.0288495 0.0383454 0.0477391 0.0570062 0.0661233 0.075068 0.0838188 0.0923558 0.10066 0.108715 0.116504 0.124015 0.131234 0.138151 0.144758 0.151048 0.157017 0.16266 0.167979 0.172972 0.177643 0.181995 0.186035 0.189769 0.193206 0.196356 0.19923 0.20184 0.204198 0.206318 0.208214 0.2099 0.211391 0.212702 0.213847 0.21484 0.215696 0.216427 0.217045 0.217564 0.217993 0.218342 0.218619 0.218832 0.218987 0.219087 0.219137 0.219137 0.219087 0.218987 0.218832 0.218619 0.218342 0.217993 0.217564 0.217045 0.216427 0.215696 0.21484 0.213847 0.212702 0.211391 0.2099 0.208214 0.206318 0.204198 0.20184 0.19923 0.196356 0.193206 0.189769 0.186035 0.181995 0.177643 0.172972 0.167979 0.16266 0.157017 0.151048 0.144758 0.138151 0.131234 0.124015 0.116504 0.108715 0.10066 0.0923558 0.0838188 0.075068 0.0661233 0.0570062 0.0477391 0.0383454 0.0288495 0.0192762 0.00965109 0 
0 0.00972848 0.0194324 0.0290872 0.0386689 0.0481537 0.0575187 0.0667416 0.0758011 0.0846767 0.0933494 0.101801 0.110016 0.117978 0.125674 0.133092 0.140222 0.147055 0.153585 0.159805 0.165714 0.171308 0.176589 0.181557 0.186215 0.190567 0.194621 0.198382 0.201859 0.205062 0.208 0.210685 0.213129 0.215342 0.21734 0.219133 0.220735 0.222158 0.223416 0.22452 0.225482 0.226314 0.227025 0.227625 0.228123 0.228526 0.22884 0.229072 0.229223 0.229299 0.229299 0.229223 0.229072 0.22884 0.228526 0.228123 0.227625 0.227025 0.226314 0.225482 0.22452 0.223416 0.222158 0.220735 0.219133 0.21734 0.215342 0.213129 0.210685 0.208 0.205062 0.201859 0.198382 0.194621 0.190567 0.186215 0.181557 0.176589 0.171308 0.165714 0.159805 0.153585 0.147055 0.140222 0.133092 0.125674 0.117978 0.110016 0.101801 0.0933494 0.0846767 0.0758011 0.0667416 0.0575187 0.0481537 0.0386689 0.0290872 0.0194324 0.00972848 0 
0 0.00983049 0.0196376 0.0293982 0.0390893 0.0486883 0.0581735 0.0675236 0.0767182 0.0857377 0.094564 0.10318 0.111569 0.119717 0.127611 0.135238 0.14259 0.149656 0.15643 0.162907 0.169082 0.174953 0.180519 0.18578 0.190739 0.195399 0.199765 0.203842 0.207637 0.211158 0.214414 0.217414 0.220169 0.222688 0.224983 0.227065 0.228945 0.230635 0.232145 0.233486 0.234668 0.235702 0.236596 0.237359 0.237998 0.23852 0.238931 0.239235 0.239436 0.239536 0.239536 0.239436 0.239235 0.238931 0.23852 0.237998 0.237359 0.236596 0.235702 0.234668 0.233486 0.232145 0.230635 0.228945 0.227065 0.224983 0.222688 0.220169 0.217414 0.214414 0.211158 0.207637 0.203842 0.199765 0.195399 0.190739 0.18578 0.180519 0.174953 0.169082 0.162907 0.15643 0.149656 0.14259 0.135238 0.127611 0.119717 0.111569 0.10318 0.094564 0.0857377 0.0767182 0.0675236 0.0581735 0.0486883 0.0390893 0.0293982 0.0196376 0.00983049 0 
0 0.00995588 0.0198895 0.0297787 0.0396017 0.049337 0.0589636 0.0684612 0.0778104 0.0869923 0.0959894 0.104785 0.113364 0.121711 0.129814 0.137662 0.145243 0.152549 0.159574 0.16631 0.172754 0.178902 0.184753 0.190306 0.195563 0.200526 0.205198 0.209584 0.213689 0.21752 0.221084 0.224389 0.227444 0.230258 0.23284 0.2352 0.237347 0.239291 0.241043 0.24261 0.244003 0.24523 0.246299 0.247217 0.247991 0.248626 0.249129 0.249502 0.249749 0.249872 0.249872 0.249749 0.249502 0.249129 0.248626 0.247991 0.247217 0.246299 0.24523 0.244003 0.24261 0.241043 0.239291 0.237347 0.2352 0.23284 0.230258 0.227444 0.224389 0.221084 0.21752 0.213689 0.209584 0.205198 0.200526 0.195563 0.190306 0.184753 0.178902 0.172754 0.16631 0.159574 0.152549 0.145243 0.137662 0.129814 0.121711 0.113364 0.104785 0.0959894 0.0869923 0.0778104 0.0684612 0.0589636 0.049337 0.0396017 0.0297787 0.0198895 0.00995588 0 
0 0.0101036 0.0201858 0.0302256 0.040202 0.0500944 0.0598827 0.0695475 0.0790699 0.088432 0.0976166 0.106608 0.11539 0.123949 0.132274 0.140351 0.148171 0.155725 0.163006 0.170006 0.176722 0.183149 0.189285 0.195129 0.200681 0.205943 0.210917 0.215606 0.220015 0.224149 0.228013 0.231615 0.234961 0.23806 0.240919 0.243546 0.245951 0.248141 0.250124 0.251909 0.253504 0.254916 0.256152 0.257219 0.258121 0.258866 0.259456 0.259895 0.260186 0.260332 0.260332 0.260186 0.259895 0.259456 0.258866 0.258121 0.257219 0.256152 0.254916 0.253504 0.251909 0.250124 0.248141 0.245951 0.243546 0.240919 0.23806 0.234961 0.231615 0.228013 0.224149 0.220015 0.215606 0.210917 0.205943 0.200681 0.195129 0.189285 0.183149 0.176722 0.170006 0.163006 0.155725 0.148171 0.140351 0.132274 0.123949 0.11539 0.106608 0.0976166 0.088432 0.0790699 0.0695475 0.0598827 0.0500944 0.040202 0.0302256 0.0201858 0.0101036 0 
0 0.0102725 0.0205246 0.0307359 0.0408863 0.050956 0.0609256 0.0707763 0.08049 0.0900493 0.0994375 0.108639 0.117639 0.126423 0.13498 0.143298 0.151366 0.159175 0.166718 0.173987 0.180978 0.187687 0.194109 0.200244 0.20609 0.211649 0.216921 0.221909 0.226616 0.231046 0.235204 0.239095 0.242726 0.246101 0.249229 0.252116 0.25477 0.257196 0.259404 0.261399 0.263188 0.264778 0.266175 0.267384 0.26841 0.269259 0.269933 0.270436 0.27077 0.270936 0.270936 0.27077 0.270436 0.269933 0.269259 0.26841 0.267384 0.266175 0.264778 0.263188 0.261399 0.259404 0.257196 0.25477 0.252116 0.249229 0.246101 0.242726 0.239095 0.235204 0.231046 0.226616 0.221909 0.216921 0.211649 0.20609 0.200244 0.194109 0.187687 0.180978 0.173987 0.166718 0.159175 0.151366 0.143298 0.13498 0.126423 0.117639 0.108639 0.0994375 0.0900493 0.08049 0.0707763 0.0609256 0.050956 0.0408863 0.0307359 0.0205246 0.0102725 0 
0 0.010462 0.0209043 0.0313072 0.0416514 0.0519177 0.0620874 0.0721422 0.0820647 0.0918378 0.101445 0.110872 0.120103 0.129125 0.137926 0.146494 0.154819 0.162891 0.170703 0.178247 0.185518 0.19251 0.199221 0.205647 0.211788 0.217642 0.22321 0.228494 0.233495 0.238217 0.242663 0.246837 0.250745 0.254391 0.257781 0.26092 0.263815 0.266472 0.268896 0.271094 0.273071 0.274833 0.276385 0.277732 0.278877 0.279826 0.280581 0.281145 0.28152 0.281707 0.281707 0.28152 0.281145 0.280581 0.279826 0.278877 0.277732 0.276385 0.274833 0.273071 0.271094 0.268896 0.266472 0.263815 0.26092 0.257781 0.254391 0.250745 0.246837 0.242663 0.238217 0.233495 0.228494 0.22321 0.217642 0.211788 0.205647 0.199221 0.19251 0.185518 0.178247 0.170703 0.162891 0.154819 0.146494 0.137926 0.129125 0.120103 0.110872 0.101445 0.0918378 0.0820647 0.0721422 0.0620874 0.0519177 0.0416514 0.0313072 0.0209043 0.010462 0 
0 0.0106712 0.0213233 0.0319373 0.0424944 0.0529761 0.063364 0.0736407 0.0837889 0.093792 0.103634 0.113301 0.122777 0.132049 0.141105 0.149934 0.158525 0.166869 0.174956 0.182781 0.190336 0.197616 0.204617 0.211336 0.217771 0.22392 0.229783 0.23536 0.240653 0.245663 0.250393 0.254846 0.259026 0.262936 0.266582 0.269968 0.273099 0.275979 0.278614 0.281009 0.283169 0.285098 0.2868 0.28828 0.289541 0.290587 0.291421 0.292044 0.292458 0.292665 0.292665 0.292458 0.292044 0.291421 0.290587 0.289541 0.28828 0.2868 0.285098 0.283169 0.281009 0.278614 0.275979 0.273099 0.269968 0.266582 0.262936 0.259026 0.254846 0.250393 0.245663 0.240653 0.23536 0.229783 0.22392 0.217771 0.211336 0.204617 0.197616 0.190336 0.182781 0.174956 0.166869 0.158525 0.149934 0.141105 0.132049 0.122777 0.113301 0.103634 0.093792 0.0837889 0.0736407 0.063364 0.0529761 0.0424944 0.0319373 0.0213233 0.0106712 0 
0 0.0108995 0.0217805 0.0326244 0.043413 0.0541281 0.0647522 0.0752678 0.0856582 0.0959072 0.105999 0.11592 0.125654 0.135189 0.144512 0.153613 0.162479 0.171102 0.179473 0.187584 0.195429 0.203001 0.210296 0.21731 0.224041 0.230485 0.236642 0.242511 0.248093 0.253389 0.2584 0.263128 0.267576 0.271747 0.275644 0.279271 0.282633 0.285732 0.288573 0.29116 0.293498 0.295589 0.297438 0.299047 0.300421 0.301561 0.30247 0.303151 0.303603 0.303829 0.303829 0.303603 0.303151 0.30247 0.301561 0.300421 0.299047 0.297438 0.295589 0.293498 0.29116 0.288573 0.285732 0.282633 0.279271 0.275644 0.271747 0.267576 0.263128 0.2584 0.253389 0.248093 0.242511 0.236642 0.230485 0.224041 0.21731 0.210296 0.203001 0.195429 0.187584 0.179473 0.171102 0.162479 0.153613 0.144512 0.135189 0.125654 0.11592 0.105999 0.0959072 0.0856582 0.0752678 0.0647522 0.0541281 0.043413 0.0326244 0.0217805 0.0108995 0 
0 0.0111465 0.0222748 0.033367 0.044405 0.0553714 0.0662488 0.0770201 0.087669 0.0981795 0.108536 0.118725 0.12873 0.13854 0.148142 0.157525 0.166676 0.175588 0.18425 0.192654 0.200794 0.208663 0.216256 0.223568 0.230596 0.237337 0.243789 0.24995 0.255821 0.2614 0.26669 0.27169 0.276403 0.280831 0.284976 0.288841 0.292429 0.295743 0.298786 0.301561 0.304073 0.306323 0.308314 0.31005 0.311533 0.312766 0.313749 0.314485 0.314975 0.31522 0.31522 0.314975 0.314485 0.313749 0.312766 0.311533 0.31005 0.308314 0.306323 0.304073 0.301561 0.298786 0.295743 0.292429 0.288841 0.284976 0.280831 0.276403 0.27169 0.26669 0.2614 0.255821 0.24995 0.243789 0.237337 0.230596 0.223568 0.216256 0.208663 0.200794 0.192654 0.18425 0.175588 0.166676 0.157525 0.148142 0.13854 0.12873 0.118725 0.108536 0.0981795 0.087669 0.0770201 0.0662488 0.0553714 0.044405 0.033367 0.0222748 0.0111465 0 
0 0.0114115 0.0228053 0.0341636 0.0454689 0.0567038 0.0678514 0.078895 0.0898184 0.100606 0.111242 0.121712 0.132003 0.1421 0.151993 0.161667 0.171114 0.180323 0.189284 0.197989 0.20643 0.214602 0.222497 0.230111 0.237439 0.244479 0.251226 0.25768 0.263839 0.269702 0.275269 0.280539 0.285515 0.290198 0.294588 0.298687 0.302499 0.306024 0.309266 0.312227 0.314909 0.317314 0.319446 0.321306 0.322896 0.324219 0.325275 0.326066 0.326592 0.326855 0.326855 0.326592 0.326066 0.325275 0.324219 0.322896 0.321306 0.319446 0.317314 0.314909 0.312227 0.309266 0.306024 0.302499 0.298687 0.294588 0.290198 0.285515 0.280539 0.275269 0.269702 0.263839 0.25768 0.251226 0.244479 0.237439 0.230111 0.222497 0.214602 0.20643 0.197989 0.189284 0.180323 0.171114 0.161667 0.151993 0.1421 0.132003 0.121712 0.111242 0.100606 0.0898184 0.078895 0.0678514 0.0567038 0.0454689 0.0341636 0.0228053 0.0114115 0 
0 0.0116944 0.0233712 0.0350132 0.046603 0.0581236 0.0695582 0.0808903 0.0921038 0.103183 0.114113 0.12488 0.135468 0.145866 0.15606 0.166038 0.17579 0.185306 0.194574 0.203587 0.212337 0.220816 0.229019 0.236939 0.244571 0.251912 0.258957 0.265705 0.272153 0.278299 0.284143 0.289684 0.294922 0.299857 0.30449 0.308822 0.312855 0.316589 0.320027 0.323171 0.326021 0.32858 0.33085 0.332832 0.334528 0.335939 0.337066 0.33791 0.338473 0.338754 0.338754 0.338473 0.33791 0.337066 0.335939 0.334528 0.332832 0.33085 0.32858 0.326021 0.323171 0.320027 0.316589 0.312855 0.308822 0.30449 0.299857 0.294922 0.289684 0.284143 0.278299 0.272153 0.265705 0.258957 0.251912 0.244571 0.236939 0.229019 0.220816 0.212337 0.203587 0.194574 0.185306 0.17579 0.166038 0.15606 0.145866 0.135468 0.12488 0.114113 0.103183 0.0921038 0.0808903 0.0695582 0.0581236 0.046603 0.0350132 0.0233712 0.0116944 0 
0 0.0119947 0.0239721 0.0359151 0.0478065 0.0596295 0.0713675 0.0830041 0.0945235 0.10591 0.117149 0.128225 0.139125 0.149835 0.160343 0.170636 0.180704 0.190535 0.20012 0.209449 0.218514 0.227308 0.235824 0.244054 0.251995 0.25964 0.266987 0.274031 0.280769 0.2872 0.293321 0.299132 0.304631 0.309818 0.314693 0.319257 0.323509 0.327451 0.331084 0.334408 0.337425 0.340136 0.342542 0.344644 0.346444 0.347942 0.349139 0.350037 0.350635 0.350933 0.350933 0.350635 0.350037 0.349139 0.347942 0.346444 0.344644 0.342542 0.340136 0.337425 0.334408 0.331084 0.327451 0.323509 0.319257 0.314693 0.309818 0.304631 0.299132 0.293321 0.2872 0.280769 0.274031 0.266987 0.25964 0.251995 0.244054 0.235824 0.227308 0.218514 0.209449 0.20012 0.190535 0.180704 0.170636 0.160343 0.149835 0.139125 0.128225 0.117149 0.10591 0.0945235 0.0830041 0.0713675 0.0596295 0.0478065 0.0359151 0.0239721 0.0119947 0 
0 0.0123123 0.0246075 0.0368685 0.0490784 0.0612205 0.0732782 0.0852354 0.097076 0.108785 0.120347 0.131747 0.142971 0.154007 0.16484 0.17546 0.185854 0.196011 0.205921 0.215575 0.224963 0.234079 0.242913 0.25146 0.259713 0.267668 0.275318 0.282661 0.289693 0.29641 0.30281 0.308891 0.314652 0.320091 0.325208 0.330002 0.334474 0.338622 0.342448 0.345952 0.349134 0.351996 0.354537 0.356758 0.358661 0.360246 0.361513 0.362463 0.363095 0.363412 0.363412 0.363095 0.362463 0.361513 0.360246 0.358661 0.356758 0.354537 0.351996 0.349134 0.345952 0.342448 0.338622 0.334474 0.330002 0.325208 0.320091 0.314652 0.308891 0.30281 0.29641 0.289693 0.282661 0.275318 0.267668 0.259713 0.25146 0.242913 0.234079 0.224963 0.215575 0.205921 0.196011 0.185854 0.17546 0.16484 0.154007 0.142971 0.131747 0.120347 0.108785 0.097076 0.0852354 0.0732782 0.0612205 0.0490784 0.0368685 0.0246075 0.0123123 0 
0 0.012647 0.025277 0.037873 0.0504182 0.0628959 0.0752896 0.0875831 0.0997606 0.111807 0.123706 0.135444 0.147007 0.158381 0.169552 0.18051 0.19124 0.201734 0.211979 0.221966 0.231686 0.24113 0.25029 0.25916 0.267731 0.275999 0.283958 0.291604 0.298931 0.305936 0.312617 0.318971 0.324994 0.330687 0.336046 0.341071 0.345761 0.350116 0.354135 0.357818 0.361165 0.364176 0.366852 0.369192 0.371197 0.372868 0.374203 0.375205 0.375873 0.376207 0.376207 0.375873 0.375205 0.374203 0.372868 0.371197 0.369192 0.366852 0.364176 0.361165 0.357818 0.354135 0.350116 0.345761 0.341071 0.336046 0.330687 0.324994 0.318971 0.312617 0.305936 0.298931 0.291604 0.283958 0.275999 0.267731 0.25916 0.25029 0.24113 0.231686 0.221966 0.211979 0.201734 0.19124 0.18051 0.169552 0.158381 0.147007 0.135444 0.123706 0.111807 0.0997606 0.0875831 0.0752896 0.0628959 0.0504182 0.037873 0.025277 0.012647 0 
0 0.0129987 0.0259805 0.0389284 0.0518255 0.0646552 0.0774011 0.090047 0.102577 0.114975 0.127227 0.139317 0.151231 0.162956 0.174479 0.185785 0.196865 0.207705 0.218295 0.228625 0.238684 0.248465 0.257959 0.267157 0.276053 0.28464 0.292912 0.300864 0.308491 0.315788 0.322752 0.32938 0.335669 0.341615 0.347218 0.352474 0.357384 0.361945 0.366157 0.370019 0.373531 0.376692 0.379502 0.38196 0.384068 0.385824 0.387228 0.388282 0.388984 0.389335 0.389335 0.388984 0.388282 0.387228 0.385824 0.384068 0.38196 0.379502 0.376692 0.373531 0.370019 0.366157 0.361945 0.357384 0.352474 0.347218 0.341615 0.335669 0.32938 0.322752 0.315788 0.308491 0.300864 0.292912 0.28464 0.276053 0.267157 0.257959 0.248465 0.238684 0.228625 0.218295 0.207705 0.196865 0.185785 0.174479 0.162956 0.151231 0.139317 0.127227 0.114975 0.102577 0.090047 0.0774011 0.0646552 0.0518255 0.0389284 0.0259805 0.0129987 0 
0 0.0133675 0.026718 0.0400345 0.0533003 0.0664985 0.0796128 0.0926268 0.105525 0.11829 0.130909 0.143366 0.155646 0.167735 0.179621 0.191289 0.202728 0.213926 0.224871 0.235553 0.245962 0.256088 0.265922 0.275457 0.284683 0.293595 0.302186 0.310449 0.31838 0.325973 0.333224 0.340129 0.346685 0.352888 0.358735 0.364225 0.369355 0.374124 0.37853 0.382572 0.386248 0.389559 0.392503 0.39508 0.397289 0.399131 0.400605 0.40171 0.402447 0.402815 0.402815 0.402447 0.40171 0.400605 0.399131 0.397289 0.39508 0.392503 0.389559 0.386248 0.382572 0.37853 0.374124 0.369355 0.364225 0.358735 0.352888 0.346685 0.340129 0.333224 0.325973 0.31838 0.310449 0.302186 0.293595 0.284683 0.275457 0.265922 0.256088 0.245962 0.235553 0.224871 0.213926 0.202728 0.191289 0.179621 0.167735 0.155646 0.143366 0.130909 0.11829 0.105525 0.0926268 0.0796128 0.0664985 0.0533003 0.0400345 0.026718 0.0133675 0 
0 0.0137532 0.0274894 0.0411914 0.0548425 0.0684259 0.0819248 0.095323 0.108604 0.121753 0.134754 0.147591 0.160251 0.172718 0.18498 0.197022 0.208833 0.2204 0.231711 0.242755 0.253523 0.264003 0.274186 0.284064 0.293629 0.302872 0.311787 0.320368 0.328607 0.3365 0.344042 0.351228 0.358053 0.364516 0.370611 0.376336 0.381688 0.386666 0.391267 0.395489 0.399331 0.402793 0.405872 0.408567 0.410879 0.412807 0.414349 0.415506 0.416278 0.416663 0.416663 0.416278 0.415506 0.414349 0.412807 0.410879 0.408567 0.405872 0.402793 0.399331 0.395489 0.391267 0.386666 0.381688 0.376336 0.370611 0.364516 0.358053 0.351228 0.344042 0.3365 0.328607 0.320368 0.311787 0.302872 0.293629 0.284064 0.274186 0.264003 0.253523 0.242755 0.231711 0.2204 0.208833 0.197022 0.18498 0.172718 0.160251 0.147591 0.134754 0.121753 0.108604 0.095323 0.0819248 0.0684259 0.0548425 0.0411914 0.0274894 0.0137532 0 
0 0.014156 0.0282948 0.0423994 0.0564526 0.0704376 0.0843376 0.0981361 0.111817 0.125364 0.138761 0.151994 0.165048 0.177907 0.190558 0.202987 0.215182 0.227129 0.238818 0.250235 0.26137 0.272214 0.282755 0.292985 0.302895 0.312477 0.321723 0.330627 0.33918 0.347379 0.355216 0.362686 0.369786 0.376511 0.382856 0.388819 0.394396 0.399584 0.404382 0.408786 0.412796 0.416409 0.419623 0.422438 0.424853 0.426867 0.428479 0.429688 0.430494 0.430898 0.430898 0.430494 0.429688 0.428479 0.426867 0.424853 0.422438 0.419623 0.416409 0.412796 0.408786 0.404382 0.399584 0.394396 0.388819 0.382856 0.376511 0.369786 0.362686 0.355216 0.347379 0.33918 0.330627 0.321723 0.312477 0.302895 0.292985 0.282755 0.272214 0.26137 0.250235 0.238818 0.227129 0.215182 0.202987 0.190558 0.177907 0.165048 0.151994 0.138761 0.125364 0.111817 0.0981361 0.0843376 0.0704376 0.0564526 0.0423994 0.0282948 0.014156 0 
0 0.014576 0.0291346 0.0436587 0.0581309 0.0725343 0.0868519 0.101067 0.115163 0.129124 0.142934 0.156577 0.170039 0.183304 0.196358 0.209187 0.221778 0.234118 0.246195 0.257996 0.26951 0.280727 0.291635 0.302226 0.31249 0.322418 0.332003 0.341235 0.35011 0.358618 0.366756 0.374516 0.381894 0.388885 0.395484 0.401688 0.407492 0.412894 0.41789 0.422479 0.426657 0.430423 0.433774 0.43671 0.439229 0.441329 0.443011 0.444273 0.445114 0.445535 0.445535 0.445114 0.444273 0.443011 0.441329 0.439229 0.43671 0.433774 0.430423 0.426657 0.422479 0.41789 0.412894 0.407492 0.401688 0.395484 0.388885 0.381894 0.374516 0.366756 0.358618 0.35011 0.341235 0.332003 0.322418 0.31249 0.302226 0.291635 0.280727 0.26951 0.257996 0.246195 0.234118 0.221778 0.209187 0.196358 0.183304 0.170039 0.156577 0.142934 0.129124 0.115163 0.101067 0.0868519 0.0725343 0.0581309 0.0436587 0.0291346 0.014576 0 
0 0.0150133 0.030009 0.0449698 0.0598782 0.0747169 0.0894688 0.104117 0.118645 0.133035 0.147273 0.161342 0.175227 0.188912 0.202383 0.215625 0.228626 0.241371 0.253848 0.266044 0.277948 0.289548 0.300834 0.311795 0.322421 0.332703 0.342633 0.352203 0.361404 0.37023 0.378673 0.386728 0.394389 0.401651 0.408508 0.414956 0.420991 0.426609 0.431807 0.436582 0.440931 0.444851 0.448341 0.451399 0.454022 0.456211 0.457963 0.459278 0.460155 0.460593 0.460593 0.460155 0.459278 0.457963 0.456211 0.454022 0.451399 0.448341 0.444851 0.440931 0.436582 0.431807 0.426609 0.420991 0.414956 0.408508 0.401651 0.394389 0.386728 0.378673 0.37023 0.361404 0.352203 0.342633 0.332703 0.322421 0.311795 0.300834 0.289548 0.277948 0.266044 0.253848 0.241371 0.228626 0.215625 0.202383 0.188912 0.175227 0.161342 0.147273 0.133035 0.118645 0.104117 0.0894688 0.0747169 0.0598782 0.0449698 0.030009 0.0150133 0 
0 0.0154681 0.0309185 0.0463334 0.0616951 0.0769863 0.0921894 0.107287 0.122263 0.1371 0.151781 0.166291 0.180614 0.194734 0.208636 0.222306 0.235729 0.248892 0.261782 0.274385 0.28669 0.298684 0.310357 0.321697 0.332695 0.343341 0.353625 0.363539 0.373074 0.382223 0.390979 0.399335 0.407284 0.414821 0.42194 0.428637 0.434906 0.440744 0.446147 0.451111 0.455633 0.45971 0.46334 0.466521 0.469251 0.471529 0.473352 0.474721 0.475633 0.47609 0.47609 0.475633 0.474721 0.473352 0.471529 0.469251 0.466521 0.46334 0.45971 0.455633 0.451111 0.446147 0.440744 0.434906 0.428637 0.42194 0.414821 0.407284 0.399335 0.390979 0.382223 0.373074 0.363539 0.353625 0.343341 0.332695 0.321697 0.310357 0.298684 0.28669 0.274385 0.261782 0.248892 0.235729 0.222306 0.208636 0.194734 0.180614 0.166291 0.151781 0.1371 0.122263 0.107287 0.0921894 0.0769863 0.0616951 0.0463334 0.0309185 0.0154681 0 
0 0.0159407 0.0318634 0.04775 0.0635827 0.0793437 0.0950153 0.11058 0.12602 0.14132 0.156461 0.171428 0.186204 0.200774 0.215122 0.229233 0.243092 0.256687 0.270002 0.283024 0.295742 0.308142 0.320213 0.331943 0.343322 0.35434 0.364987 0.375253 0.38513 0.39461 0.403685 0.412348 0.420591 0.428409 0.435796 0.442745 0.449253 0.455315 0.460925 0.466081 0.470779 0.475016 0.478789 0.482095 0.484933 0.487301 0.489197 0.49062 0.491569 0.492043 0.492043 0.491569 0.49062 0.489197 0.487301 0.484933 0.482095 0.478789 0.475016 0.470779 0.466081 0.460925 0.455315 0.449253 0.442745 0.435796 0.428409 0.420591 0.412348 0.403685 0.39461 0.38513 0.375253 0.364987 0.35434 0.343322 0.331943 0.320213 0.308142 0.295742 0.283024 0.270002 0.256687 0.243092 0.229233 0.215122 0.200774 0.186204 0.171428 0.156461 0.14132 0.12602 0.11058 0.0950153 0.0793437 0.0635827 0.04775 0.0318634 0.0159407 0 
0 0.0164313 0.0328443 0.0492206 0.0655421 0.0817906 0.0979481 0.113997 0.129919 0.145698 0.161315 0.176755 0.192 0.207035 0.221844 0.236411 0.250721 0.264761 0.278514 0.291969 0.305111 0.317929 0.330409 0.34254 0.354311 0.36571 0.376729 0.387357 0.397584 0.407402 0.416804 0.42578 0.434324 0.442429 0.450088 0.457296 0.464047 0.470336 0.476158 0.48151 0.486387 0.490786 0.494704 0.498138 0.501085 0.503545 0.505514 0.506992 0.507978 0.508471 0.508471 0.507978 0.506992 0.505514 0.503545 0.501085 0.498138 0.494704 0.490786 0.486387 0.48151 0.476158 0.470336 0.464047 0.457296 0.450088 0.442429 0.434324 0.42578 0.416804 0.407402 0.397584 0.387357 0.376729 0.36571 0.354311 0.34254 0.330409 0.317929 0.305111 0.291969 0.278514 0.264761 0.250721 0.236411 0.221844 0.207035 0.192 0.176755 0.161315 0.145698 0.129919 0.113997 0.0979481 0.0817906 0.0655421 0.0492206 0.0328443 0.0164313 0 
0 0.0169403 0.0338619 0.0507462 0.0675745 0.0843285 0.10099 0.11754 0.133962 0.150236 0.166347 0.182276 0.198007 0.213523 0.228808 0.243846 0.258622 0.27312 0.287326 0.301226 0.314806 0.328053 0.340954 0.353497 0.36567 0.377462 0.388862 0.39986 0.410447 0.420612 0.430347 0.439644 0.448496 0.456894 0.464832 0.472303 0.479303 0.485824 0.491863 0.497414 0.502473 0.507037 0.511103 0.514666 0.517725 0.520278 0.522323 0.523857 0.524881 0.525393 0.525393 0.524881 0.523857 0.522323 0.520278 0.517725 0.514666 0.511103 0.507037 0.502473 0.497414 0.491863 0.485824 0.479303 0.472303 0.464832 0.456894 0.448496 0.439644 0.430347 0.420612 0.410447 0.39986 0.388862 0.377462 0.36567 0.353497 0.340954 0.328053 0.314806 0.301226 0.287326 0.27312 0.258622 0.243846 0.228808 0.213523 0.198007 0.182276 0.166347 0.150236 0.133962 0.11754 0.10099 0.0843285 0.0675745 0.0507462 0.0338619 0.0169403 0 
0 0.0174679 0.0349168 0.0523276 0.0696813 0.0869592 0.104142 0.121212 0.138151 0.15494 0.171561 0.187996 0.204229 0.220243 0.23602 0.251544 0.2668 0.281771 0.296444 0.310803 0.324834 0.338523 0.351857 0.364824 0.377411 0.389606 0.401398 0.412776 0.423731 0.434251 0.444329 0.453955 0.463121 0.471819 0.480042 0.487783 0.495036 0.501795 0.508054 0.513809 0.519055 0.523787 0.528003 0.531699 0.534872 0.53752 0.539641 0.541233 0.542295 0.542826 0.542826 0.542295 0.541233 0.539641 0.53752 0.534872 0.531699 0.528003 0.523787 0.519055 0.513809 0.508054 0.501795 0.495036 0.487783 0.480042 0.471819 0.463121 0.453955 0.444329 0.434251 0.423731 0.412776 0.401398 0.389606 0.377411 0.364824 0.351857 0.338523 0.324834 0.310803 0.296444 0.281771 0.2668 0.251544 0.23602 0.220243 0.204229 0.187996 0.171561 0.15494 0.138151 0.121212 0.104142 0.0869592 0.0696813 0.0523276 0.0349168 0.0174679 0 
0 0.0180146 0.0360098 0.0539661 0.0718641 0.0896845 0.107408 0.125016 0.14249 0.15981 0.176959 0.193919 0.210671 0.227198 0.243484 0.25951 0.275262 0.290722 0.305876 0.320708 0.335203 0.349348 0.363128 0.376531 0.389543 0.402152 0.414347 0.426116 0.437448 0.448334 0.458763 0.468726 0.478214 0.487219 0.495734 0.503751 0.511264 0.518266 0.52475 0.530713 0.53615 0.541054 0.545424 0.549255 0.552545 0.55529 0.557488 0.559139 0.56024 0.560791 0.560791 0.56024 0.559139 0.557488 0.55529 0.552545 0.549255 0.545424 0.541054 0.53615 0.530713 0.52475 0.518266 0.511264 0.503751 0.495734 0.487219 0.478214 0.468726 0.458763 0.448334 0.437448 0.426116 0.414347 0.402152 0.389543 0.376531 0.363128 0.349348 0.335203 0.320708 0.305876 0.290722 0.275262 0.25951 0.243484 0.227198 0.210671 0.193919 0.176959 0.15981 0.14249 0.125016 0.107408 0.0896845 0.0718641 0.0539661 0.0360098 0.0180146 0 
0 0.0185808 0.0371417 0.0556628 0.0741243 0.0925065 0.11079 0.128955 0.146982 0.164853 0.182548 0.200049 0.217337 0.234396 0.251206 0.267752 0.284015 0.299979 0.31563 0.330949 0.345924 0.360538 0.374777 0.388628 0.402078 0.415114 0.427722 0.439892 0.451613 0.462873 0.473662 0.483971 0.49379 0.50311 0.511924 0.520224 0.528003 0.535253 0.541969 0.548145 0.553776 0.558857 0.563384 0.567353 0.570761 0.573606 0.575884 0.577594 0.578735 0.579306 0.579306 0.578735 0.577594 0.575884 0.573606 0.570761 0.567353 0.563384 0.558857 0.553776 0.548145 0.541969 0.535253 0.528003 0.520224 0.511924 0.50311 0.49379 0.483971 0.473662 0.462873 0.451613 0.439892 0.427722 0.415114 0.402078 0.388628 0.374777 0.360538 0.345924 0.330949 0.31563 0.299979 0.284015 0.267752 0.251206 0.234396 0.217337 0.200049 0.182548 0.164853 0.146982 0.128955 0.11079 0.0925065 0.0741243 0.0556628 0.0371417 0.0185808 0 
0 0.0191669 0.0383134 0.0574192 0.076464 0.0954275 0.11429 0.133031 0.151631 0.170071 0.18833 0.206391 0.224234 0.241841 0.259194 0.276275 0.293067 0.309552 0.325714 0.341536 0.357004 0.372102 0.386814 0.401128 0.415028 0.428502 0.441536 0.454119 0.466238 0.477883 0.489042 0.499706 0.509864 0.519508 0.528629 0.537219 0.545269 0.552774 0.559727 0.566121 0.571952 0.577213 0.581901 0.586012 0.589542 0.592488 0.594848 0.596619 0.597801 0.598392 0.598392 0.597801 0.596619 0.594848 0.592488 0.589542 0.586012 0.581901 0.577213 0.571952 0.566121 0.559727 0.552774 0.545269 0.537219 0.528629 0.519508 0.509864 0.499706 0.489042 0.477883 0.466238 0.454119 0.441536 0.428502 0.415028 0.401128 0.386814 0.372102 0.357004 0.341536 0.325714 0.309552 0.293067 0.276275 0.259194 0.241841 0.224234 0.206391 0.18833 0.170071 0.151631 0.133031 0.11429 0.0954275 0.076464 0.0574192 0.0383134 0.0191669 0 
0 0.0197734 0.0395258 0.0592366 0.0788848 0.0984498 0.117911 0.137248 0.15644 0.175468 0.194312 0.212951 0.231367 0.249541 0.267454 0.285088 0.302425 0.319447 0.336137 0.352478 0.368455 0.384051 0.399251 0.41404 0.428404 0.442329 0.455801 0.468809 0.481338 0.493378 0.504918 0.515946 0.526453 0.536429 0.545865 0.554752 0.563082 0.570849 0.578044 0.584662 0.590696 0.596143 0.600996 0.605251 0.608906 0.611956 0.614399 0.616234 0.617458 0.61807 0.61807 0.617458 0.616234 0.614399 0.611956 0.608906 0.605251 0.600996 0.596143 0.590696 0.584662 0.578044 0.570849 0.563082 0.554752 0.545865 0.536429 0.526453 0.515946 0.504918 0.493378 0.481338 0.468809 0.455801 0.442329 0.428404 0.41404 0.399251 0.384051 0.368455 0.352478 0.336137 0.319447 0.302425 0.285088 0.267454 0.249541 0.231367 0.212951 0.194312 0.175468 0.15644 0.137248 0.117911 0.0984498 0.0788848 0.0592366 0.0395258 0.0197734 0 
0 0.0204007 0.04078 0.0611165 0.0813889 0.101576 0.121657 0.14161 0.161414 0.18105 0.200497 0.219735 0.238743 0.257502 0.275994 0.294199 0.312098 0.329674 0.346909 0.363785 0.380287 0.396396 0.412099 0.427378 0.44222 0.456609 0.470532 0.483976 0.496928 0.509375 0.521305 0.532708 0.543573 0.55389 0.563649 0.572842 0.581459 0.589494 0.596938 0.603786 0.61003 0.615666 0.620688 0.625092 0.628875 0.632032 0.63456 0.636459 0.637726 0.638359 0.638359 0.637726 0.636459 0.63456 0.632032 0.628875 0.625092 0.620688 0.615666 0.61003 0.603786 0.596938 0.589494 0.581459 0.572842 0.563649 0.55389 0.543573 0.532708 0.521305 0.509375 0.496928 0.483976 0.470532 0.456609 0.44222 0.427378 0.412099 0.396396 0.380287 0.363785 0.346909 0.329674 0.312098 0.294199 0.275994 0.257502 0.238743 0.219735 0.200497 0.18105 0.161414 0.14161 0.121657 0.101576 0.0813889 0.0611165 0.04078 0.0204007 0 
0 0.0210495 0.042077 0.0630606 0.0839784 0.104809 0.125529 0.14612 0.166557 0.186822 0.206892 0.226747 0.246367 0.265731 0.28482 0.303614 0.322095 0.340242 0.358039 0.375468 0.39251 0.409149 0.425369 0.441154 0.456487 0.471355 0.485743 0.499636 0.513022 0.525887 0.53822 0.550009 0.561242 0.571909 0.582001 0.591507 0.600419 0.608729 0.616429 0.623512 0.629972 0.635803 0.640999 0.645555 0.649469 0.652735 0.655352 0.657316 0.658627 0.659283 0.659283 0.658627 0.657316 0.655352 0.652735 0.649469 0.645555 0.640999 0.635803 0.629972 0.623512 0.616429 0.608729 0.600419 0.591507 0.582001 0.571909 0.561242 0.550009 0.53822 0.525887 0.513022 0.499636 0.485743 0.471355 0.456487 0.441154 0.425369 0.409149 0.39251 0.375468 0.358039 0.340242 0.322095 0.303614 0.28482 0.265731 0.246367 0.226747 0.206892 0.186822 0.166557 0.14612 0.125529 0.104809 0.0839784 0.0630606 0.042077 0.0210495 0 
0 0.0217202 0.0434179 0.0650705 0.0866555 0.108151 0.129533 0.150782 0.171874 0.192788 0.213502 0.233995 0.254247 0.274235 0.293941 0.313344 0.332424 0.351162 0.369538 0.387536 0.405136 0.422322 0.439075 0.45538 0.471221 0.486582 0.501447 0.515803 0.529636 0.542932 0.555679 0.567864 0.579476 0.590504 0.600937 0.610766 0.619982 0.628575 0.636537 0.643863 0.650544 0.656574 0.661948 0.666662 0.67071 0.674089 0.676796 0.678828 0.680184 0.680862 0.680862 0.680184 0.678828 0.676796 0.674089 0.67071 0.666662 0.661948 0.656574 0.650544 0.643863 0.636537 0.628575 0.619982 0.610766 0.600937 0.590504 0.579476 0.567864 0.555679 0.542932 0.529636 0.515803 0.501447 0.486582 0.471221 0.45538 0.439075 0.422322 0.405136 0.387536 0.369538 0.351162 0.332424 0.313344 0.293941 0.274235 0.254247 0.233995 0.213502 0.192788 0.171874 0.150782 0.129533 0.108151 0.0866555 0.0650705 0.0434179 0.0217202 0 
0 0.0224136 0.044804 0.067148 0.0894226 0.111605 0.133672 0.1556 0.177368 0.198953 0.220333 0.241485 0.262389 0.283023 0.303365 0.323396 0.343095 0.362442 0.381417 0.400002 0.418178 0.435926 0.45323 0.470072 0.486435 0.502303 0.517661 0.532494 0.546787 0.560527 0.5737 0.586293 0.598295 0.609694 0.620479 0.630639 0.640166 0.64905 0.657283 0.664858 0.671766 0.678002 0.683559 0.688433 0.69262 0.696114 0.698914 0.701016 0.702418 0.70312 0.70312 0.702418 0.701016 0.698914 0.696114 0.69262 0.688433 0.683559 0.678002 0.671766 0.664858 0.657283 0.64905 0.640166 0.630639 0.620479 0.609694 0.598295 0.586293 0.5737 0.560527 0.546787 0.532494 0.517661 0.502303 0.486435 0.470072 0.45323 0.435926 0.418178 0.400002 0.381417 0.362442 0.343095 0.323396 0.303365 0.283023 0.262389 0.241485 0.220333 0.198953 0.177368 0.1556 0.133672 0.111605 0.0894226 0.067148 0.044804 0.0224136 0 
0 0.0231301 0.0462363 0.069295 0.0922822 0.115174 0.137948 0.16058 0.183046 0.205324 0.227391 0.249224 0.270802 0.292101 0.313101 0.333781 0.354118 0.374093 0.393686 0.412877 0.431646 0.449976 0.467847 0.485242 0.502143 0.518535 0.534401 0.549725 0.564492 0.578689 0.5923 0.605314 0.617717 0.629498 0.640644 0.651146 0.660994 0.670177 0.678688 0.686518 0.69366 0.700108 0.705854 0.710893 0.715222 0.718835 0.72173 0.723903 0.725353 0.726079 0.726079 0.725353 0.723903 0.72173 0.718835 0.715222 0.710893 0.705854 0.700108 0.69366 0.686518 0.678688 0.670177 0.660994 0.651146 0.640644 0.629498 0.617717 0.605314 0.5923 0.578689 0.564492 0.549725 0.534401 0.518535 0.502143 0.485242 0.467847 0.449976 0.431646 0.412877 0.393686 0.374093 0.354118 0.333781 0.313101 0.292101 0.270802 0.249224 0.227391 0.205324 0.183046 0.16058 0.137948 0.115174 0.0922822 0.069295 0.0462363 0.0231301 0 
0 0.0238704 0.0477164 0.0715133 0.0952368 0.118863 0.142366 0.165724 0.188912 0.211906 0.234683 0.257219 0.279492 0.30148 0.323158 0.344507 0.365504 0.386127 0.406357 0.426173 0.445555 0.464483 0.482939 0.500905 0.518362 0.535293 0.551682 0.567512 0.582768 0.597435 0.611499 0.624945 0.637762 0.649935 0.661454 0.672308 0.682485 0.691977 0.700774 0.708868 0.71625 0.722915 0.728854 0.734064 0.738539 0.742275 0.745267 0.747514 0.749013 0.749763 0.749763 0.749013 0.747514 0.745267 0.742275 0.738539 0.734064 0.728854 0.722915 0.71625 0.708868 0.700774 0.691977 0.682485 0.672308 0.661454 0.649935 0.637762 0.624945 0.611499 0.597435 0.582768 0.567512 0.551682 0.535293 0.518362 0.500905 0.482939 0.464483 0.445555 0.426173 0.406357 0.386127 0.365504 0.344507 0.323158 0.30148 0.279492 0.257219 0.234683 0.211906 0.188912 0.165724 0.142366 0.118863 0.0952368 0.0715133 0.0477164 0.0238704 0 
0 0.0246353 0.0492454 0.0738051 0.0982893 0.122673 0.146931 0.171039 0.194971 0.218705 0.242215 0.265478 0.288469 0.311166 0.333546 0.355585 0.377263 0.398555 0.419443 0.439904 0.459917 0.479463 0.498523 0.517077 0.535106 0.552594 0.569522 0.585874 0.601634 0.616785 0.631315 0.645207 0.658449 0.671027 0.68293 0.694145 0.704663 0.714472 0.723563 0.731928 0.739558 0.746446 0.752586 0.757971 0.762596 0.766457 0.76955 0.771873 0.773423 0.774198 0.774198 0.773423 0.771873 0.76955 0.766457 0.762596 0.757971 0.752586 0.746446 0.739558 0.731928 0.723563 0.714472 0.704663 0.694145 0.68293 0.671027 0.658449 0.645207 0.631315 0.616785 0.601634 0.585874 0.569522 0.552594 0.535106 0.517077 0.498523 0.479463 0.459917 0.439904 0.419443 0.398555 0.377263 0.355585 0.333546 0.311166 0.288469 0.265478 0.242215 0.218705 0.194971 0.171039 0.146931 0.122673 0.0982893 0.0738051 0.0492454 0.0246353 0 
0 0.0254254 0.0508249 0.0761725 0.101442 0.126609 0.151646 0.176528 0.20123 0.225728 0.249995 0.274007 0.29774 0.32117 0.344273 0.367026 0.389406 0.411389 0.432955 0.454081 0.474746 0.49493 0.514612 0.533773 0.552393 0.570454 0.587938 0.604828 0.621107 0.636758 0.651767 0.666119 0.6798 0.692795 0.705093 0.716681 0.727549 0.737685 0.747079 0.755723 0.763608 0.770726 0.777071 0.782637 0.787417 0.791407 0.794605 0.797005 0.798607 0.799408 0.799408 0.798607 0.797005 0.794605 0.791407 0.787417 0.782637 0.777071 0.770726 0.763608 0.755723 0.747079 0.737685 0.727549 0.716681 0.705093 0.692795 0.6798 0.666119 0.651767 0.636758 0.621107 0.604828 0.587938 0.570454 0.552393 0.533773 0.514612 0.49493 0.474746 0.454081 0.432955 0.411389 0.389406 0.367026 0.344273 0.32117 0.29774 0.274007 0.249995 0.225728 0.20123 0.176528 0.151646 0.126609 0.101442 0.0761725 0.0508249 0.0254254 0 
0 0.0262415 0.0524562 0.0786176 0.104699 0.130674 0.156515 0.182198 0.207695 0.23298 0.258029 0.282816 0.307314 0.331501 0.355351 0.37884 0.401944 0.424641 0.446907 0.46872 0.490058 0.510899 0.531223 0.55101 0.570239 0.588891 0.606949 0.624393 0.641207 0.657374 0.672878 0.687703 0.701835 0.715261 0.727966 0.739938 0.751166 0.761639 0.771346 0.780277 0.788425 0.79578 0.802337 0.808088 0.813028 0.817151 0.820455 0.822936 0.824591 0.825419 0.825419 0.824591 0.822936 0.820455 0.817151 0.813028 0.808088 0.802337 0.79578 0.788425 0.780277 0.771346 0.761639 0.751166 0.739938 0.727966 0.715261 0.701835 0.687703 0.672878 0.657374 0.641207 0.624393 0.606949 0.588891 0.570239 0.55101 0.531223 0.510899 0.490058 0.46872 0.446907 0.424641 0.401944 0.37884 0.355351 0.331501 0.307314 0.282816 0.258029 0.23298 0.207695 0.182198 0.156515 0.130674 0.104699 0.0786176 0.0524562 0.0262415 0 
0 0.0270843 0.054141 0.0811427 0.108062 0.134872 0.161544 0.188053 0.21437 0.24047 0.266326 0.291912 0.317201 0.342169 0.36679 0.391039 0.414891 0.438324 0.461312 0.483833 0.505865 0.527385 0.548372 0.568804 0.588661 0.607924 0.626572 0.644589 0.661955 0.678653 0.694666 0.70998 0.724578 0.738447 0.751572 0.76394 0.77554 0.786359 0.796388 0.805615 0.814033 0.821633 0.828408 0.83435 0.839454 0.843716 0.84713 0.849693 0.851403 0.852259 0.852259 0.851403 0.849693 0.84713 0.843716 0.839454 0.83435 0.828408 0.821633 0.814033 0.805615 0.796388 0.786359 0.77554 0.76394 0.751572 0.738447 0.724578 0.70998 0.694666 0.678653 0.661955 0.644589 0.626572 0.607924 0.588661 0.568804 0.548372 0.527385 0.505865 0.483833 0.461312 0.438324 0.414891 0.391039 0.36679 0.342169 0.317201 0.291912 0.266326 0.24047 0.21437 0.188053 0.161544 0.134872 0.108062 0.0811427 0.054141 0.0270843 0 
0 0.0279546 0.0558808 0.0837503 0.111535 0.139207 0.166737 0.194099 0.221263 0.248204 0.274893 0.301304 0.32741 0.353184 0.3786 0.403634 0.428259 0.45245 0.476184 0.499437 0.522185 0.544405 0.566075 0.587173 0.607678 0.62757 0.646829 0.665435 0.68337 0.700616 0.717156 0.732973 0.748051 0.762376 0.775934 0.78871 0.800693 0.81187 0.82223 0.831764 0.84046 0.848312 0.855311 0.861451 0.866724 0.871127 0.874654 0.877303 0.87907 0.879954 0.879954 0.87907 0.877303 0.874654 0.871127 0.866724 0.861451 0.855311 0.848312 0.84046 0.831764 0.82223 0.81187 0.800693 0.78871 0.775934 0.762376 0.748051 0.732973 0.717156 0.700616 0.68337 0.665435 0.646829 0.62757 0.607678 0.587173 0.566075 0.544405 0.522185 0.499437 0.476184 0.45245 0.428259 0.403634 0.3786 0.353184 0.32741 0.301304 0.274893 0.248204 0.221263 0.194099 0.166737 0.139207 0.111535 0.0837503 0.0558808 0.0279546 0 
0 0.0288532 0.0576772 0.0864429 0.115121 0.143683 0.172099 0.200341 0.228381 0.25619 0.283739 0.311002 0.33795 0.364556 0.390794 0.416637 0.442059 0.467034 0.491538 0.515545 0.539032 0.561974 0.584349 0.606135 0.627309 0.64785 0.667738 0.686952 0.705474 0.723285 0.740367 0.756704 0.772278 0.787074 0.801077 0.814275 0.826652 0.838198 0.8489 0.858748 0.867733 0.875844 0.883075 0.889417 0.894865 0.899414 0.903058 0.905794 0.90762 0.908533 0.908533 0.90762 0.905794 0.903058 0.899414 0.894865 0.889417 0.883075 0.875844 0.867733 0.858748 0.8489 0.838198 0.826652 0.814275 0.801077 0.787074 0.772278 0.756704 0.740367 0.723285 0.705474 0.686952 0.667738 0.64785 0.627309 0.606135 0.584349 0.561974 0.539032 0.515545 0.491538 0.467034 0.442059 0.416637 0.390794 0.364556 0.33795 0.311002 0.283739 0.25619 0.228381 0.200341 0.172099 0.143683 0.115121 0.0864429 0.0576772 0.0288532 0 
0 0.0297811 0.059532 0.0892229 0.118824 0.148304 0.177635 0.206787 0.235729 0.264434 0.292872 0.321014 0.348831 0.376297 0.403383 0.430062 0.456306 0.482091 0.507388 0.532174 0.556423 0.580111 0.603214 0.625709 0.647572 0.668783 0.68932 0.709162 0.72829 0.746684 0.764325 0.781197 0.797282 0.812564 0.827028 0.840659 0.853444 0.865369 0.876424 0.886597 0.895878 0.904257 0.911726 0.918278 0.923906 0.928605 0.93237 0.935197 0.937083 0.938026 0.938026 0.937083 0.935197 0.93237 0.928605 0.923906 0.918278 0.911726 0.904257 0.895878 0.886597 0.876424 0.865369 0.853444 0.840659 0.827028 0.812564 0.797282 0.781197 0.764325 0.746684 0.72829 0.709162 0.68932 0.668783 0.647572 0.625709 0.603214 0.580111 0.556423 0.532174 0.507388 0.482091 0.456306 0.430062 0.403383 0.376297 0.348831 0.321014 0.292872 0.264434 0.235729 0.206787 0.177635 0.148304 0.118824 0.0892229 0.059532 0.0297811 0 
0 0.030739 0.061447 0.092093 0.122646 0.153076 0.183351 0.213441 0.243316 0.272946 0.3023 0.33135 0.360065 0.388418 0.416379 0.44392 0.471014 0.497633 0.523751 0.54934 0.574376 0.598833 0.622687 0.645913 0.668489 0.690391 0.711598 0.732087 0.75184 0.770835 0.789053 0.806477 0.823089 0.838872 0.853811 0.867889 0.881094 0.893412 0.904831 0.915338 0.924924 0.93358 0.941295 0.948063 0.953877 0.958731 0.96262 0.96554 0.967488 0.968463 0.968463 0.967488 0.96554 0.96262 0.958731 0.953877 0.948063 0.941295 0.93358 0.924924 0.915338 0.904831 0.893412 0.881094 0.867889 0.853811 0.838872 0.823089 0.806477 0.789053 0.770835 0.75184 0.732087 0.711598 0.690391 0.668489 0.645913 0.622687 0.598833 0.574376 0.54934 0.523751 0.497633 0.471014 0.44392 0.416379 0.388418 0.360065 0.33135 0.3023 0.272946 0.243316 0.213441 0.183351 0.153076 0.122646 0.092093 0.061447 0.030739 0 
0 0.0317279 0.0634239 0.095056 0.126592 0.158001 0.189251 0.220311 0.251148 0.281733 0.312033 0.34202 0.371662 0.400931 0.429795 0.458227 0.486197 0.513677 0.540641 0.56706 0.592908 0.618159 0.642788 0.666769 0.690079 0.712694 0.734592 0.75575 0.776146 0.795762 0.814576 0.83257 0.849725 0.866025 0.881453 0.895994 0.909632 0.922354 0.934148 0.945001 0.954902 0.963842 0.971812 0.978802 0.984808 0.989821 0.993838 0.996855 0.998867 0.999874 0.999874 0.998867 0.996855 0.993838 0.989821 0.984808 0.978802 0.971812 0.963842 0.954902 0.945001 0.934148 0.922354 0.909632 0.895994 0.881453 0.866025 0.849725 0.83257 0.814576 0.795762 0.776146 0.75575 0.734592 0.712694 0.690079 0.666769 0.642788 0.618159 0.592908 0.56706 0.540641 0.513677 0.486197 0.458227 0.429795 0.400931 0.371662 0.34202 0.312033 0.281733 0.251148 0.220311 0.189251 0.158001 0.126592 0.095056 0.0634239 0.0317279 0 
