C h:0.0120482
C GRID SIZE:84
C N:82
0 0.000145159 0.000580636 0.00130643 0.00232254 0.00362897 0.00522572 0.00711279 0.00929017 0.0117579 0.0145159 0.0175642 0.0209029 0.0245319 0.0284512 0.0326608 0.0371607 0.0419509 0.0470315 0.0524024 0.0580636 0.0640151 0.0702569 0.0767891 0.0836116 0.0907243 0.0981274 0.105821 0.113805 0.122079 0.130643 0.139498 0.148643 0.158078 0.167804 0.17782 0.188126 0.198723 0.20961 0.220787 0.232254 0.244012 0.25606 0.268399 0.281028 0.293947 0.307156 0.320656 0.334446 0.348527 0.362897 0.377558 0.39251 0.407751 0.423283 0.439106 0.455218 0.471621 0.488315 0.505298 0.522572 0.540136 0.557991 0.576136 0.594571 0.613297 0.632312 0.651619 0.671215 0.691102 0.711279 0.731746 0.752504 0.773552 0.79489 0.816519 0.838438 0.860647 0.883147 0.905937 0.929017 0.952388 0.976049 1 
4 2.00077 1.21111 0.84048 0.638293 0.514522 0.432065 0.373832 0.330929 0.298373 0.273182 0.253404 0.237786 0.225433 0.215702 0.208149 0.202411 0.198225 0.195394 0.193745 0.193154 0.193518 0.194747 0.196774 0.199542 0.203 0.207108 0.211835 0.217147 0.223023 0.229441 0.236382 0.243832 0.251777 0.260207 0.269111 0.278483 0.288316 0.298604 0.309343 0.32053 0.332164 0.344242 0.356766 0.369735 0.383152 0.39702 0.411342 0.426123 0.44137 0.457091 0.473294 0.48999 0.507193 0.524918 0.543182 0.562005 0.581414 0.601435 0.622105 0.643462 0.665555 0.688442 0.712193 0.736892 0.762644 0.789578 0.817856 0.847684 0.879326 0.91313 0.949559 0.989245 1.03308 1.08233 1.13892 1.20586 1.28814 1.39459 1.5424 1.76856 2.16321 2.97684 5 
4 2.79197 2.00278 1.51128 1.19609 0.984188 0.834887 0.725361 0.642364 0.577793 0.526544 0.485228 0.451521 0.423807 0.400892 0.381905 0.366191 0.353233 0.342641 0.334103 0.327361 0.322217 0.318505 0.316085 0.314845 0.314692 0.315541 0.31733 0.319999 0.323499 0.327789 0.332834 0.338603 0.345071 0.352216 0.360018 0.368462 0.377536 0.387229 0.397532 0.408441 0.41995 0.432058 0.444765 0.458072 0.471983 0.486503 0.50164 0.517405 0.533809 0.550869 0.568601 0.587028 0.606175 0.626072 0.646754 0.668262 0.690645 0.713959 0.738271 0.763661 0.790223 0.81807 0.84734 0.878197 0.910844 0.945532 0.982573 1.02236 1.06541 1.11238 1.16413 1.22186 1.28719 1.36244 1.45099 1.55797 1.69145 1.86469 2.10053 2.43962 2.95505 3.76809 5 
4 3.16423 2.49679 2.00569 1.65058 1.39125 1.1979 1.0504 0.935383 0.843937 0.77004 0.7095 0.659359 0.617472 0.58225 0.552504 0.52732 0.50599 0.487956 0.472774 0.460085 0.4496 0.441078 0.434323 0.429169 0.425479 0.423136 0.422041 0.422112 0.423276 0.425473 0.428651 0.432764 0.437775 0.443652 0.450366 0.457895 0.46622 0.475326 0.4852 0.495833 0.507219 0.519357 0.532243 0.545883 0.560281 0.575444 0.591386 0.608119 0.625664 0.644042 0.66328 0.683409 0.704468 0.726501 0.749558 0.7737 0.798997 0.825534 0.853407 0.882733 0.913649 0.946318 0.980938 1.01775 1.05704 1.09916 1.14457 1.19382 1.24761 1.30686 1.37276 1.44689 1.53141 1.62927 1.74465 1.88359 2.05499 2.27221 2.55541 2.93434 3.44927 4.14048 5 
4 3.36825 2.81458 2.36415 2.00939 1.73239 1.51517 1.34301 1.20489 1.09259 1.00022 0.923431 0.858993 0.804525 0.758194 0.718601 0.684667 0.655526 0.630499 0.609042 0.590701 0.575118 0.561991 0.551067 0.542138 0.535031 0.529593 0.5257 0.523244 0.522132 0.522286 0.523639 0.526133 0.529717 0.534351 0.539999 0.546629 0.554219 0.562747 0.572198 0.582559 0.593825 0.605989 0.619052 0.633017 0.647891 0.663685 0.680414 0.698096 0.716757 0.736424 0.757134 0.778927 0.801852 0.825965 0.851335 0.878037 0.906165 0.935824 0.96714 1.00026 1.03536 1.07266 1.11239 1.15485 1.20043 1.24954 1.30276 1.36075 1.42437 1.49471 1.57317 1.66156 1.7623 1.87858 2.01475 2.17676 2.37273 2.61377 2.91455 3.29305 3.76723 4.34454 5 
4 3.49405 3.02923 2.62691 2.29049 2.01381 1.78739 1.60171 1.44861 1.32142 1.21493 1.12509 1.04877 0.983534 0.927492 0.879143 0.837308 0.80104 0.769568 0.742276 0.718652 0.698272 0.68079 0.66591 0.653386 0.643011 0.634609 0.628026 0.623137 0.61983 0.618009 0.617596 0.61852 0.620719 0.624145 0.628755 0.63451 0.641382 0.649346 0.658384 0.668479 0.679624 0.691814 0.705047 0.719328 0.734666 0.751072 0.768566 0.787171 0.806916 0.827836 0.849974 0.873379 0.89811 0.924236 0.951837 0.981007 1.01185 1.04451 1.07912 1.11586 1.15494 1.1966 1.24113 1.2889 1.3403 1.39586 1.4562 1.52207 1.59443 1.67446 1.76366 1.86391 1.97765 2.10801 2.25904 2.43596 2.6454 2.89558 3.19598 3.55608 3.98205 4.47046 5 
4 3.57877 3.18144 2.82383 2.51191 2.24503 2.01889 1.82789 1.66648 1.52961 1.41305 1.31331 1.22754 1.15345 1.08919 1.03328 0.984496 0.941865 0.904574 0.87196 0.84347 0.818645 0.797098 0.778507 0.762594 0.749128 0.737909 0.728767 0.721553 0.716145 0.712432 0.710322 0.709735 0.710602 0.712863 0.71647 0.72138 0.727558 0.734976 0.743613 0.753451 0.764479 0.776692 0.790089 0.804675 0.820459 0.837458 0.855691 0.875187 0.895978 0.918106 0.941618 0.966574 0.99304 1.02109 1.05083 1.08236 1.11579 1.15129 1.18901 1.22916 1.27197 1.3177 1.3667 1.41933 1.47606 1.53744 1.60413 1.67694 1.75685 1.84508 1.94311 2.05278 2.1764 2.31679 2.47745 2.66264 2.87735 3.12718 3.41771 3.75322 4.13443 4.55524 5 
4 3.63951 3.29408 2.97505 2.68837 2.43558 2.21533 2.0246 1.85987 1.71758 1.59445 1.48765 1.39471 1.31361 1.24264 1.18037 1.12563 1.07745 1.03501 0.997627 0.964737 0.935853 0.910571 0.888544 0.869477 0.85312 0.839255 0.827696 0.818284 0.810881 0.805366 0.801638 0.799608 0.799198 0.800343 0.802988 0.807086 0.812598 0.819491 0.827742 0.837331 0.848247 0.860483 0.874037 0.888916 0.905131 0.922698 0.941641 0.96199 0.983784 1.00707 1.03189 1.05833 1.08645 1.11634 1.1481 1.18185 1.21773 1.2559 1.29653 1.33985 1.38611 1.4356 1.48866 1.5457 1.6072 1.67373 1.74596 1.82472 1.91098 2.00591 2.11093 2.22773 2.35838 2.5053 2.67135 2.8598 3.07419 3.31809 3.59445 3.90467 4.24722 4.61607 5 
4 3.68517 3.38041 3.09396 2.83095 2.59369 2.38228 2.19539 2.03091 1.88646 1.75963 1.6482 1.55017 1.46376 1.38749 1.32004 1.26032 1.2074 1.16049 1.11891 1.08211 1.04957 1.0209 0.995737 0.97377 0.954737 0.938414 0.924601 0.913128 0.90385 0.896637 0.891378 0.887979 0.886357 0.88644 0.888168 0.89149 0.896364 0.902756 0.910637 0.919988 0.930795 0.943052 0.956757 0.971915 0.98854 1.00665 1.02627 1.04743 1.07018 1.09456 1.12064 1.14848 1.17816 1.20978 1.24344 1.27928 1.31744 1.35809 1.40142 1.44766 1.49707 1.54996 1.60668 1.66764 1.73334 1.80434 1.88131 1.96504 2.05646 2.15668 2.26697 2.38886 2.5241 2.67469 2.84286 3.03101 3.24154 3.47652 3.73731 4.0238 4.33369 4.6618 5 
4 3.72074 3.44853 3.18949 2.94786 2.72602 2.52481 2.34383 2.182 2.03779 1.9095 1.79546 1.69408 1.60389 1.52361 1.45209 1.38833 1.33147 1.28076 1.23556 1.19532 1.15956 1.12785 1.09985 1.07525 1.05377 1.03518 1.01929 1.0059 0.994874 0.986073 0.979381 0.974695 0.97193 0.971011 0.971871 0.974459 0.978728 0.984642 0.992171 1.0013 1.012 1.02427 1.03812 1.05354 1.07056 1.08918 1.10944 1.13138 1.15503 1.18045 1.2077 1.23685 1.268 1.30123 1.33667 1.37445 1.41472 1.45765 1.50345 1.55234 1.6046 1.66053 1.72049 1.7849 1.85422 1.92901 2.00992 2.09769 2.19317 2.29738 2.41144 2.53665 2.67448 2.8265 2.9944 3.17987 3.38442 3.60916 3.85447 4.11953 4.40194 4.69743 5 
4 3.7492 3.50356 3.26768 3.04503 2.83781 2.64716 2.47324 2.31558 2.17329 2.04523 1.93017 1.8269 1.73423 1.65109 1.57649 1.50955 1.4495 1.39564 1.34738 1.30419 1.2656 1.23123 1.2007 1.17373 1.15004 1.12939 1.11159 1.09644 1.0838 1.07353 1.0655 1.05961 1.05578 1.05392 1.05397 1.05586 1.05956 1.06503 1.07222 1.08113 1.09174 1.10403 1.11801 1.13368 1.15106 1.17017 1.19103 1.21369 1.23819 1.26458 1.29293 1.32331 1.35582 1.39055 1.42764 1.4672 1.50939 1.5544 1.60243 1.65371 1.7085 1.76712 1.82991 1.89727 1.96965 2.0476 2.1317 2.22264 2.32119 2.42824 2.54477 2.67186 2.81067 2.96244 3.12838 3.30964 3.5071 3.72124 3.95188 4.19791 4.45709 4.72597 5 
4 3.77252 3.5489 3.33273 3.12682 2.93312 2.75285 2.58647 2.43389 2.29466 2.16806 2.05322 1.94923 1.85516 1.77014 1.69335 1.62401 1.56145 1.50505 1.45425 1.40857 1.36757 1.33087 1.29814 1.26907 1.2434 1.22089 1.20136 1.18461 1.17049 1.15886 1.1496 1.1426 1.13778 1.13504 1.13433 1.13558 1.13875 1.14379 1.15068 1.15938 1.16989 1.1822 1.19631 1.21221 1.22993 1.24949 1.27092 1.29425 1.31954 1.34683 1.3762 1.40772 1.44149 1.4776 1.51618 1.55737 1.60131 1.64819 1.69822 1.75161 1.80863 1.86958 1.93479 2.00464 2.07957 2.16006 2.24666 2.33999 2.44074 2.54965 2.66756 2.79534 2.93392 3.08421 3.24706 3.4232 3.6131 3.81682 4.03389 4.26313 4.50255 4.74934 5 
4 3.79194 3.58688 3.38761 3.19646 3.01511 2.84475 2.68598 2.53895 2.4035 2.27922 2.16552 2.06173 1.96716 1.8811 1.80287 1.73183 1.66738 1.60899 1.55614 1.50841 1.46538 1.42669 1.39204 1.36113 1.33371 1.30956 1.28848 1.27028 1.25482 1.24196 1.23157 1.22356 1.21782 1.21427 1.21286 1.21351 1.21618 1.22083 1.22742 1.23594 1.24637 1.25869 1.27291 1.28903 1.30707 1.32705 1.349 1.37295 1.39897 1.42709 1.4574 1.48996 1.52488 1.56225 1.60219 1.64484 1.69035 1.7389 1.79069 1.84593 1.90488 1.96782 2.03507 2.10698 2.18396 2.26644 2.35493 2.44996 2.55213 2.66208 2.78048 2.90805 3.04547 3.19341 3.35246 3.52302 3.70527 3.89904 4.10373 4.31816 4.54063 4.76882 5 
4 3.80837 3.61911 3.43447 3.25635 3.08622 2.92515 2.77383 2.63253 2.5013 2.37992 2.26802 2.16514 2.07077 1.98435 1.90533 1.83318 1.76739 1.7075 1.65306 1.60367 1.55897 1.51862 1.48234 1.44985 1.42091 1.3953 1.37284 1.35336 1.33669 1.32272 1.31131 1.30236 1.29579 1.2915 1.28944 1.28954 1.29175 1.29604 1.30237 1.31071 1.32105 1.33338 1.34771 1.36403 1.38236 1.40273 1.42516 1.44969 1.47637 1.50526 1.53642 1.56993 1.60589 1.64439 1.68555 1.72951 1.77641 1.82643 1.87975 1.93659 1.99718 2.06179 2.13072 2.20429 2.28287 2.36685 2.45668 2.55281 2.65577 2.76607 2.88427 3.0109 3.1465 3.29153 3.44634 3.61114 3.78592 3.97036 4.1638 4.36516 4.57296 4.78531 5 
4 3.82245 3.64681 3.47491 3.30833 3.14834 2.99592 2.85174 2.71617 2.58935 2.47124 2.36161 2.26018 2.16656 2.08032 2.00105 1.9283 1.86165 1.8007 1.74506 1.69438 1.64834 1.60663 1.56899 1.53515 1.5049 1.47804 1.45437 1.43375 1.41601 1.40104 1.38871 1.37893 1.3716 1.36664 1.36399 1.36359 1.36538 1.36933 1.37541 1.38359 1.39386 1.4062 1.42062 1.43712 1.45572 1.47644 1.49931 1.52436 1.55165 1.58123 1.61316 1.64753 1.68442 1.72394 1.76619 1.8113 1.85942 1.91071 1.96535 2.02354 2.0855 2.15149 2.22176 2.29662 2.3764 2.46145 2.55213 2.64887 2.75208 2.86218 2.97962 3.10481 3.23812 3.37986 3.53024 3.6893 3.8569 4.03267 4.21594 4.40572 4.60074 4.79943 5 
4 3.83463 3.67084 3.51011 3.35381 3.20299 3.05855 2.92114 2.79115 2.66881 2.55418 2.44714 2.34753 2.25507 2.16947 2.09037 2.01745 1.95034 1.88871 1.83224 1.7806 1.73352 1.69072 1.65196 1.61701 1.58565 1.55771 1.533 1.51138 1.49271 1.47686 1.46371 1.45318 1.44517 1.4396 1.43642 1.43556 1.43697 1.44062 1.44647 1.4545 1.4647 1.47705 1.49155 1.50822 1.52706 1.5481 1.57136 1.59689 1.62473 1.65493 1.68756 1.72269 1.76041 1.80082 1.84402 1.89014 1.93931 1.99169 2.04745 2.10677 2.16986 2.23694 2.30826 2.38408 2.4647 2.55043 2.64157 2.73848 2.8415 2.95098 3.06724 3.1906 3.32132 3.45957 3.60545 3.7589 3.91972 4.08748 4.26155 4.44104 4.62485 4.81166 5 
4 3.84527 3.69187 3.54101 3.39386 3.25135 3.11426 2.98321 2.8586 2.7407 2.62963 2.52538 2.42784 2.33687 2.25223 2.17367 2.10092 2.0337 1.97172 1.91472 1.86242 1.81456 1.77092 1.73128 1.69541 1.66314 1.63429 1.60869 1.58622 1.56673 1.5501 1.53624 1.52504 1.51643 1.51032 1.50666 1.50538 1.50645 1.50982 1.51547 1.52337 1.5335 1.54585 1.56044 1.57725 1.59631 1.61763 1.64125 1.6672 1.69553 1.72628 1.75953 1.79534 1.83379 1.87498 1.91901 1.96599 2.01606 2.06936 2.12604 2.18628 2.25026 2.31819 2.39028 2.46678 2.54794 2.63401 2.72527 2.82201 2.92449 3.033 3.14778 3.26905 3.39698 3.53166 3.67308 3.82115 3.97559 4.13598 4.30172 4.47203 4.64593 4.82233 5 
4 3.85464 3.7104 3.56831 3.42937 3.29438 3.16405 3.03894 2.91946 2.80588 2.69839 2.59701 2.50174 2.41246 2.32904 2.25129 2.179 2.11195 2.0499 1.99264 1.93992 1.89154 1.84728 1.80695 1.77037 1.73735 1.70775 1.68141 1.65821 1.63802 1.62073 1.60624 1.59446 1.58531 1.57872 1.57464 1.57299 1.57375 1.57688 1.58234 1.59011 1.60018 1.61254 1.62719 1.64414 1.66339 1.68497 1.70891 1.73523 1.76399 1.79523 1.82902 1.86542 1.90451 1.94637 1.9911 2.03882 2.08964 2.1437 2.20113 2.26209 2.32676 2.39531 2.46794 2.54486 2.62628 2.71243 2.80352 2.8998 3.00148 3.10877 3.22184 3.34086 3.4659 3.59699 3.73409 3.87702 4.0255 4.17912 4.33732 4.4994 4.66452 4.83173 5 
4 3.86294 3.72684 3.59258 3.46101 3.33285 3.20872 3.08915 2.97451 2.86511 2.76114 2.66268 2.56976 2.48234 2.40033 2.32359 2.25199 2.18534 2.12345 2.06615 2.01324 1.96453 1.91986 1.87903 1.8419 1.8083 1.77809 1.75115 1.72734 1.70656 1.6887 1.67367 1.66138 1.65177 1.64476 1.6403 1.63833 1.63882 1.64172 1.64702 1.65468 1.6647 1.67706 1.69177 1.70883 1.72825 1.75005 1.77426 1.80092 1.83006 1.86172 1.89598 1.93289 1.97252 2.01495 2.06028 2.10861 2.16005 2.21471 2.27273 2.33425 2.39942 2.46839 2.54135 2.61847 2.69993 2.78592 2.87662 2.97222 3.07288 3.17876 3.28998 3.40664 3.52876 3.65633 3.78925 3.92733 4.07027 4.21768 4.36904 4.52372 4.681 4.84005 5 
4 3.87033 3.7415 3.61425 3.48934 3.36739 3.24896 3.13452 3.02446 2.91905 2.8185 2.72293 2.63241 2.54694 2.46646 2.39091 2.32016 2.2541 2.19257 2.13542 2.0825 2.03365 1.98873 1.94757 1.91004 1.876 1.84532 1.81789 1.79359 1.77232 1.75398 1.73849 1.72578 1.71576 1.70839 1.7036 1.70135 1.70159 1.7043 1.70945 1.71701 1.72698 1.73934 1.7541 1.77125 1.79082 1.81282 1.83727 1.86421 1.89368 1.92571 1.96037 1.99771 2.03779 2.08071 2.12653 2.17536 2.22728 2.28242 2.34088 2.4028 2.46831 2.53754 2.61064 2.68777 2.76908 2.85472 2.94484 3.03958 3.13907 3.24342 3.3527 3.46696 3.58619 3.71033 3.83926 3.97277 4.11057 4.25227 4.39742 4.54544 4.69569 4.84746 5 
4 3.87695 3.75463 3.6337 3.51481 3.39852 3.28531 3.17564 3.06986 2.96824 2.871 2.77827 2.69015 2.60667 2.52782 2.45356 2.3838 2.31847 2.25744 2.20061 2.14784 2.099 2.05398 2.01263 1.97484 1.94048 1.90945 1.88164 1.85695 1.83528 1.81655 1.80069 1.78761 1.77725 1.76957 1.76449 1.762 1.76203 1.76457 1.76959 1.77706 1.78698 1.79934 1.81414 1.83138 1.85107 1.87323 1.89789 1.92507 1.95482 1.98716 2.02215 2.05985 2.10032 2.14362 2.18984 2.23906 2.29136 2.34685 2.40563 2.46782 2.53351 2.60285 2.67594 2.75293 2.83393 2.91907 3.00847 3.10222 3.20043 3.30316 3.41045 3.52231 3.63871 3.75955 3.88469 4.01392 4.14695 4.28342 4.42291 4.56491 4.70884 4.85409 5 
4 3.88289 3.76644 3.65122 3.53778 3.42665 3.31825 3.213 3.11122 3.01318 2.91911 2.82914 2.74339 2.66192 2.58474 2.51183 2.44317 2.37867 2.31827 2.26188 2.20939 2.16069 2.11569 2.07428 2.03635 2.00179 1.97052 1.94243 1.91744 1.89545 1.87641 1.86023 1.84685 1.83621 1.82826 1.82295 1.82024 1.82009 1.82248 1.82738 1.83478 1.84466 1.85701 1.87184 1.88915 1.90895 1.93125 1.95608 1.98347 2.01344 2.04604 2.08131 2.11931 2.16008 2.20369 2.25022 2.29974 2.35232 2.40805 2.46703 2.52936 2.59512 2.66443 2.73739 2.8141 2.89467 2.97919 3.06775 3.16043 3.25728 3.35835 3.46364 3.57314 3.68678 3.80447 3.92603 4.05126 4.17988 4.31155 4.44589 4.58243 4.72066 4.86004 5 
4 3.88825 3.7771 3.66704 3.55856 3.45214 3.34816 3.24699 3.14895 3.0543 2.96323 2.87593 2.7925 2.71301 2.63751 2.56602 2.4985 2.43493 2.37525 2.31939 2.26729 2.21884 2.17398 2.1326 2.09463 2.05997 2.02855 2.00026 1.97505 1.95284 1.93355 1.91712 1.90349 1.89262 1.88445 1.87894 1.87605 1.87575 1.87801 1.88281 1.89013 1.89997 1.91232 1.92717 1.94454 1.96442 1.98684 2.01181 2.03936 2.06952 2.10233 2.13783 2.17605 2.21707 2.26092 2.30768 2.3574 2.41017 2.46606 2.52514 2.5875 2.65323 2.72241 2.79512 2.87145 2.95149 3.0353 3.12294 3.21447 3.30993 3.40932 3.51263 3.61983 3.73082 3.8455 3.9637 4.0852 4.20974 4.33702 4.46665 4.59823 4.73131 4.86541 5 
4 3.8931 3.78675 3.68137 3.57741 3.47529 3.37537 3.27798 3.18342 3.09194 3.00373 2.91898 2.83779 2.76025 2.68644 2.61636 2.55004 2.48745 2.42855 2.37331 2.32167 2.27356 2.22892 2.18768 2.14975 2.11508 2.08357 2.05518 2.02982 2.00743 1.98796 1.97134 1.95753 1.94646 1.93811 1.93243 1.92939 1.92896 1.93111 1.93583 1.94309 1.9529 1.96523 1.9801 1.99751 2.01746 2.03997 2.06505 2.09273 2.12305 2.15602 2.19169 2.23009 2.27128 2.31531 2.36223 2.41209 2.46497 2.52092 2.58002 2.64233 2.70793 2.77688 2.84926 2.92514 3.00456 3.08759 3.17426 3.26461 3.35866 3.45638 3.55776 3.66272 3.77119 3.88302 3.99806 4.1161 4.23688 4.3601 4.48545 4.61253 4.74094 4.87025 5 
4 3.8975 3.7955 3.69437 3.59453 3.49635 3.40016 3.30626 3.21494 3.12643 3.04092 2.95859 2.87955 2.80392 2.73176 2.66311 2.59799 2.53641 2.47835 2.42378 2.37267 2.32497 2.28062 2.23958 2.20177 2.16715 2.13565 2.1072 2.08176 2.05926 2.03966 2.0229 2.00894 1.99773 1.98924 1.98343 1.98026 1.97972 1.98178 1.98642 1.99363 2.0034 2.01572 2.0306 2.04804 2.06804 2.09061 2.11578 2.14357 2.17399 2.20709 2.24288 2.28142 2.32273 2.36687 2.41389 2.46382 2.51674 2.57269 2.63173 2.69391 2.75931 2.82797 2.89995 2.97529 3.05405 3.13625 3.22193 3.31108 3.40372 3.4998 3.59929 3.70212 3.80818 3.91734 4.02943 4.14424 4.26155 4.38107 4.50249 4.62548 4.74965 4.87463 5 
4 3.90149 3.80344 3.70619 3.6101 3.51553 3.42276 3.33209 3.24377 3.15804 3.07507 2.99503 2.91806 2.84426 2.77371 2.70646 2.64255 2.582 2.5248 2.47094 2.42041 2.37317 2.32917 2.28839 2.25076 2.21625 2.1848 2.15637 2.1309 2.10835 2.08866 2.07181 2.05774 2.04642 2.03782 2.0319 2.02863 2.028 2.02998 2.03456 2.04172 2.05146 2.06377 2.07865 2.0961 2.11613 2.13876 2.16399 2.19185 2.22236 2.25554 2.29142 2.33004 2.37143 2.41563 2.46269 2.51264 2.56553 2.62141 2.68033 2.74233 2.80747 2.87578 2.9473 3.02207 3.10012 3.18147 3.26613 3.35409 3.44534 3.53983 3.63751 3.73829 3.84207 3.94872 4.05806 4.16989 4.284 4.40012 4.51797 4.63722 4.75755 4.8786 5 
4 3.90512 3.81066 3.71694 3.62428 3.533 3.44338 3.35569 3.27016 3.187 3.10641 3.02854 2.95353 2.88149 2.8125 2.74662 2.6839 2.62438 2.56805 2.51493 2.46501 2.41826 2.37466 2.33418 2.29679 2.26244 2.23109 2.20272 2.17726 2.1547 2.13498 2.11806 2.10393 2.09253 2.08384 2.07784 2.0745 2.07379 2.07571 2.08024 2.08735 2.09706 2.10935 2.12423 2.14169 2.16174 2.1844 2.20967 2.23757 2.26813 2.30136 2.33729 2.37596 2.41738 2.4616 2.50865 2.55856 2.61139 2.66715 2.7259 2.78767 2.85249 2.9204 2.99143 3.0656 3.14292 3.2234 3.30705 3.39383 3.48372 3.57667 3.67262 3.77147 3.87311 3.9774 4.08419 4.19327 4.30443 4.41744 4.53202 4.64788 4.76471 4.8822 5 
4 3.90841 3.81723 3.72672 3.63719 3.54893 3.4622 3.37724 3.29428 3.21353 3.13517 3.05933 2.98618 2.91581 2.84831 2.78376 2.72221 2.6637 2.60825 2.55588 2.50658 2.46035 2.41718 2.37704 2.33991 2.30576 2.27457 2.24628 2.22089 2.19834 2.17862 2.16168 2.14751 2.13606 2.12732 2.12125 2.11785 2.11709 2.11895 2.12343 2.13051 2.14019 2.15246 2.16732 2.18478 2.20484 2.22751 2.2528 2.28073 2.31131 2.34456 2.38051 2.41918 2.4606 2.5048 2.5518 2.60164 2.65435 2.70996 2.76849 2.82998 2.89446 2.96194 3.03245 3.106 3.18258 3.2622 3.34484 3.43047 3.51906 3.61054 3.70484 3.80186 3.90149 4.00359 4.10801 4.21455 4.32302 4.43317 4.54477 4.65754 4.7712 4.88546 5 
4 3.91141 3.8232 3.73562 3.64894 3.56343 3.47935 3.39691 3.31633 3.23781 3.16151 3.08759 3.01617 2.94739 2.88132 2.81804 2.75762 2.7001 2.64552 2.59389 2.54523 2.49954 2.45681 2.41704 2.3802 2.34629 2.31526 2.28711 2.2618 2.23931 2.21961 2.20268 2.18849 2.17702 2.16824 2.16213 2.15868 2.15788 2.1597 2.16414 2.17118 2.18083 2.19307 2.20792 2.22537 2.24542 2.26809 2.29338 2.32131 2.35189 2.38514 2.42108 2.45973 2.50112 2.54526 2.59218 2.64191 2.69446 2.74988 2.80817 2.86936 2.93346 3.0005 3.07047 3.14338 3.21923 3.29799 3.37966 3.46418 3.55151 3.64159 3.73433 3.82964 3.9274 4.02747 4.1297 4.23391 4.3399 4.44745 4.55633 4.6663 4.77708 4.88841 5 
4 3.91413 3.82862 3.7437 3.65962 3.57663 3.49497 3.41485 3.33646 3.25999 3.18561 3.11346 3.04368 2.97639 2.91167 2.84961 2.79027 2.73372 2.67998 2.62909 2.58106 2.53591 2.49364 2.45425 2.41772 2.38406 2.35323 2.32523 2.30004 2.27762 2.25798 2.24107 2.22689 2.21541 2.20661 2.20048 2.197 2.19616 2.19794 2.20235 2.20936 2.21898 2.2312 2.24602 2.26345 2.28348 2.30613 2.33141 2.35932 2.38988 2.42311 2.45901 2.49762 2.53894 2.58299 2.6298 2.67939 2.73177 2.78697 2.84499 2.90586 2.96957 3.03614 3.10557 3.17786 3.25298 3.33091 3.41163 3.49509 3.58123 3.66998 3.76127 3.85498 3.951 4.04919 4.14941 4.25147 4.3552 4.46038 4.5668 4.67422 4.7824 4.89108 5 
4 3.9166 3.83354 3.75104 3.66932 3.58863 3.50917 3.43116 3.35478 3.2802 3.2076 3.1371 3.06885 3.00295 2.9395 2.87859 2.82029 2.76466 2.71173 2.66156 2.61415 2.56954 2.52773 2.48873 2.45253 2.41913 2.38852 2.36069 2.33562 2.31331 2.29373 2.27687 2.26271 2.25124 2.24244 2.2363 2.2328 2.23193 2.23369 2.23806 2.24504 2.25463 2.26682 2.28161 2.29901 2.31902 2.34164 2.36689 2.39477 2.42529 2.45847 2.49432 2.53285 2.57408 2.61803 2.66471 2.71414 2.76632 2.82128 2.87901 2.93954 3.00286 3.06897 3.13786 3.20952 3.28393 3.36107 3.44088 3.52333 3.60835 3.69586 3.78578 3.87801 3.97242 4.06889 4.16726 4.26737 4.36904 4.47207 4.57626 4.68137 4.7872 4.89349 5 
4 3.91884 3.83799 3.75768 3.6781 3.59949 3.52205 3.44596 3.37142 3.29858 3.2276 3.15863 3.09179 3.02719 2.96493 2.90511 2.84778 2.79303 2.74088 2.6914 2.6446 2.60051 2.55916 2.52054 2.48467 2.45155 2.42116 2.39352 2.3686 2.3464 2.3269 2.3101 2.29598 2.28453 2.27574 2.26959 2.26608 2.2652 2.26693 2.27127 2.27822 2.28778 2.29994 2.3147 2.33206 2.35203 2.37461 2.39982 2.42765 2.45812 2.49123 2.527 2.56545 2.60658 2.6504 2.69693 2.74617 2.79814 2.85285 2.91029 2.97047 3.03339 3.09903 3.1674 3.23846 3.31219 3.38856 3.46751 3.54901 3.63297 3.71933 3.80799 3.89885 3.99179 4.08668 4.18337 4.2817 4.38151 4.48259 4.58476 4.6878 4.79151 4.89565 5 
4 3.92085 3.84201 3.76367 3.68603 3.6093 3.53368 3.45935 3.38647 3.31521 3.24573 3.17816 3.11262 3.04922 2.98807 2.92926 2.87285 2.81892 2.76752 2.71869 2.67247 2.6289 2.58799 2.54976 2.51421 2.48136 2.45121 2.42375 2.39899 2.37691 2.35751 2.34078 2.32671 2.31529 2.30652 2.30037 2.29686 2.29596 2.29767 2.30199 2.30891 2.31843 2.33055 2.34527 2.36259 2.38252 2.40505 2.4302 2.45797 2.48837 2.52141 2.55709 2.59543 2.63644 2.68012 2.72648 2.77553 2.82728 2.88172 2.93886 2.9987 3.06122 3.12641 3.19427 3.26475 3.33783 3.41347 3.49163 3.57223 3.65522 3.74051 3.82801 3.91761 4.00921 4.10266 4.19783 4.29456 4.39268 4.49201 4.59237 4.69356 4.79537 4.89759 5 
4 3.92266 3.84561 3.76904 3.69315 3.61812 3.54414 3.47138 3.40002 3.3302 3.26208 3.19578 3.13143 3.06914 3.00901 2.95113 2.89558 2.84242 2.79171 2.74351 2.69785 2.65476 2.61428 2.57642 2.54119 2.50862 2.4787 2.45143 2.42683 2.40488 2.38558 2.36892 2.35491 2.34353 2.33478 2.32864 2.32513 2.32422 2.32591 2.33021 2.3371 2.34658 2.35866 2.37334 2.39061 2.41048 2.43296 2.45804 2.48574 2.51606 2.549 2.58458 2.62281 2.66368 2.7072 2.75339 2.80224 2.85376 2.90794 2.96478 3.02427 3.08641 3.15117 3.21853 3.28846 3.36093 3.4359 3.5133 3.59308 3.67517 3.75948 3.84592 3.93439 4.02476 4.11692 4.21072 4.30601 4.40262 4.5004 4.59914 4.69867 4.7988 4.89931 5 
4 3.92427 3.84883 3.77384 3.6995 3.62599 3.55348 3.48215 3.41214 3.34362 3.27672 3.21158 3.14832 3.08703 3.02784 2.97082 2.91605 2.86361 2.81355 2.76592 2.72078 2.67816 2.63808 2.60058 2.56566 2.53335 2.50366 2.47659 2.45214 2.43032 2.41112 2.39455 2.3806 2.36926 2.36053 2.35442 2.3509 2.34998 2.35166 2.35593 2.36279 2.37224 2.38427 2.3989 2.41611 2.43593 2.45833 2.48334 2.51096 2.54119 2.57403 2.6095 2.64759 2.68832 2.73169 2.77769 2.82634 2.87762 2.93154 2.98808 3.04724 3.10901 3.17335 3.24024 3.30966 3.38156 3.45589 3.5326 3.61163 3.6929 3.77632 3.86181 3.94925 4.03854 4.12954 4.22211 4.31612 4.4114 4.50779 4.60511 4.70318 4.80182 4.90082 5 
4 3.9257 3.85167 3.77809 3.70513 3.63297 3.56177 3.49169 3.4229 3.35554 3.28974 3.22563 3.16334 3.10297 3.04462 2.98838 2.93433 2.88254 2.83308 2.78599 2.74133 2.69914 2.65945 2.62228 2.58766 2.5556 2.52613 2.49924 2.47495 2.45326 2.43417 2.41768 2.40379 2.3925 2.3838 2.3777 2.37419 2.37326 2.37492 2.37916 2.38599 2.3954 2.40739 2.42196 2.43911 2.45886 2.48119 2.50612 2.53364 2.56377 2.5965 2.63185 2.66981 2.71039 2.75358 2.7994 2.84784 2.89889 2.95255 3.00881 3.06765 3.12905 3.193 3.25946 3.3284 3.39977 3.47353 3.54961 3.62795 3.70848 3.79111 3.87574 3.96227 4.05059 4.14057 4.23207 4.32495 4.41907 4.51424 4.61032 4.70711 4.80445 4.90214 5 
4 3.92695 3.85417 3.78182 3.71007 3.63908 3.56903 3.50007 3.43235 3.36601 3.30118 3.238 3.17657 3.11701 3.05942 3.00388 2.95048 2.89928 2.85036 2.80377 2.75955 2.71776 2.67842 2.64156 2.60722 2.57541 2.54614 2.51943 2.49529 2.47372 2.45473 2.43832 2.4245 2.41325 2.40459 2.3985 2.39499 2.39406 2.3957 2.39992 2.40671 2.41607 2.428 2.44252 2.45961 2.47928 2.50153 2.52636 2.55379 2.58381 2.61643 2.65164 2.68946 2.72988 2.77291 2.81854 2.86677 2.91759 2.971 3.02698 3.08551 3.14659 3.21017 3.27622 3.34472 3.41561 3.48885 3.56437 3.6421 3.72197 3.80389 3.88778 3.97351 4.06098 4.15007 4.24064 4.33255 4.42565 4.51978 4.61479 4.71048 4.80671 4.90327 5 
4 3.92804 3.85633 3.78504 3.71434 3.64437 3.57532 3.50732 3.44053 3.37508 3.3111 3.24872 3.18806 3.12921 3.07229 3.01737 2.96454 2.91388 2.86544 2.81929 2.77548 2.73405 2.69503 2.65847 2.62438 2.59279 2.56372 2.53718 2.51318 2.49173 2.47284 2.45651 2.44274 2.43154 2.4229 2.41683 2.41332 2.41238 2.414 2.41819 2.42494 2.43426 2.44614 2.46058 2.4776 2.49719 2.51935 2.54409 2.57142 2.60132 2.63381 2.66889 2.70657 2.74683 2.78968 2.83512 2.88315 2.93375 2.98691 3.04263 3.10088 3.16164 3.22488 3.29057 3.35867 3.42913 3.5019 3.57692 3.65411 3.73341 3.81473 3.89796 3.98301 4.06976 4.15808 4.24786 4.33894 4.43119 4.52444 4.61854 4.71332 4.8086 4.90422 5 
4 3.92895 3.85815 3.78777 3.71795 3.64886 3.58065 3.51348 3.44748 3.38279 3.31954 3.25786 3.19785 3.13962 3.08327 3.0289 2.97657 2.92637 2.87837 2.83261 2.78915 2.74804 2.70932 2.67302 2.63916 2.60778 2.57888 2.5525 2.52863 2.5073 2.4885 2.47224 2.45853 2.44737 2.43876 2.4327 2.42919 2.42824 2.42984 2.43399 2.4407 2.44997 2.46179 2.47617 2.4931 2.51261 2.53468 2.55931 2.58652 2.61631 2.64867 2.68361 2.72113 2.76123 2.80391 2.84917 2.89699 2.94738 3.00031 3.05578 3.11376 3.17423 3.23716 3.30252 3.37027 3.44035 3.51271 3.5873 3.66404 3.74285 3.82364 3.90633 3.9908 4.07695 4.16464 4.25376 4.34417 4.43571 4.52824 4.6216 4.71562 4.81015 4.905 5 
4 3.92971 3.85966 3.79002 3.72094 3.65257 3.58506 3.51857 3.45323 3.38917 3.32653 3.26543 3.20597 3.14827 3.09241 3.0385 2.9866 2.9368 2.88916 2.84375 2.8006 2.75978 2.72131 2.68524 2.65159 2.62039 2.59166 2.56542 2.54167 2.52044 2.50172 2.48554 2.47188 2.46075 2.45217 2.44612 2.44261 2.44164 2.44322 2.44734 2.454 2.46321 2.47496 2.48926 2.50612 2.52553 2.5475 2.57203 2.59912 2.62878 2.66101 2.6958 2.73317 2.77311 2.81562 2.86069 2.90832 2.9585 3.01121 3.06645 3.12418 3.18439 3.24705 3.31211 3.37955 3.4493 3.52132 3.59554 3.67189 3.7503 3.83067 3.91291 3.99692 4.08258 4.16977 4.25837 4.34824 4.43923 4.5312 4.62398 4.71742 4.81135 4.9056 5 
4 3.93031 3.86086 3.79181 3.72331 3.65551 3.58856 3.52261 3.4578 3.39425 3.3321 3.27147 3.21246 3.15518 3.09973 3.04619 2.99466 2.94519 2.89786 2.85273 2.80986 2.76928 2.73103 2.69516 2.6617 2.63066 2.60207 2.57595 2.55232 2.53118 2.51254 2.49641 2.4828 2.47171 2.46314 2.4571 2.45358 2.4526 2.45414 2.45822 2.46483 2.47398 2.48566 2.49989 2.51666 2.53597 2.55783 2.58224 2.60921 2.63874 2.67083 2.70548 2.74269 2.78247 2.8248 2.86969 2.91713 2.96711 3.01962 3.07464 3.13215 3.19213 3.25454 3.31935 3.38652 3.456 3.52774 3.60166 3.6777 3.75579 3.83583 3.91772 4.00138 4.08667 4.17349 4.26171 4.35118 4.44177 4.53332 4.62569 4.7187 4.81221 4.90603 5 
4 3.93076 3.86175 3.79313 3.72507 3.65769 3.59116 3.52562 3.46121 3.39805 3.33627 3.27599 3.21733 3.16038 3.10525 3.05201 3.00076 2.95156 2.90448 2.85959 2.81693 2.77655 2.73849 2.7028 2.66949 2.63859 2.61013 2.58412 2.56058 2.53952 2.52095 2.50487 2.4913 2.48024 2.47168 2.46564 2.46212 2.46111 2.46263 2.46666 2.47322 2.4823 2.49391 2.50805 2.52472 2.54393 2.56568 2.58997 2.61681 2.6462 2.67814 2.71264 2.74969 2.7893 2.83147 2.87618 2.92344 2.97324 3.02555 3.08037 3.13768 3.19745 3.25966 3.32425 3.39121 3.46046 3.53197 3.60567 3.68148 3.75933 3.83913 3.92078 4.00419 4.08924 4.17581 4.26377 4.35299 4.44332 4.53462 4.62673 4.71948 4.81273 4.90629 5 
4 3.93105 3.86233 3.794 3.72622 3.65913 3.59288 3.52761 3.46346 3.40056 3.33904 3.27902 3.2206 3.16388 3.10897 3.05596 3.00492 2.95592 2.90904 2.86432 2.82184 2.78162 2.74371 2.70816 2.67497 2.64419 2.61584 2.58992 2.56646 2.54547 2.52696 2.51093 2.49739 2.48635 2.47781 2.47177 2.46823 2.4672 2.46867 2.47266 2.47915 2.48816 2.49969 2.51374 2.53031 2.54941 2.57104 2.59521 2.62191 2.65116 2.68295 2.7173 2.75419 2.79363 2.83563 2.88017 2.92725 2.97687 3.02901 3.08365 3.14078 3.20037 3.26239 3.32682 3.3936 3.46269 3.53403 3.60756 3.68322 3.76092 3.84057 3.92209 4.00536 4.09029 4.17673 4.26458 4.35368 4.44391 4.5351 4.6271 4.71976 4.81291 4.90638 5 
4 3.93119 3.86261 3.79442 3.72677 3.65982 3.5937 3.52857 3.46457 3.40181 3.34043 3.28054 3.22226 3.16569 3.11092 3.05805 3.00714 2.95828 2.91153 2.86695 2.82458 2.78449 2.7467 2.71125 2.67817 2.64748 2.61921 2.59338 2.56999 2.54905 2.53059 2.5146 2.50109 2.49006 2.48152 2.47548 2.47192 2.47086 2.47229 2.47622 2.48265 2.49159 2.50303 2.51698 2.53345 2.55243 2.57393 2.59796 2.62453 2.65363 2.68526 2.71945 2.75618 2.79546 2.83728 2.88165 2.92856 2.97801 3.02998 3.08446 3.14143 3.20087 3.26275 3.32704 3.39369 3.46267 3.5339 3.60734 3.68292 3.76055 3.84016 3.92164 4.00489 4.0898 4.17625 4.26411 4.35324 4.44351 4.53475 4.62681 4.71954 4.81276 4.9063 5 
4 3.93117 3.86258 3.79438 3.72672 3.65976 3.59364 3.52852 3.46452 3.40178 3.34042 3.28057 3.22233 3.1658 3.11109 3.05827 3.00743 2.95864 2.91196 2.86746 2.82517 2.78516 2.74745 2.71208 2.67907 2.64846 2.62026 2.59448 2.57115 2.55027 2.53184 2.51588 2.50239 2.49138 2.48284 2.47678 2.4732 2.4721 2.47349 2.47736 2.48373 2.49258 2.50393 2.51778 2.53413 2.55298 2.57436 2.59824 2.62466 2.6536 2.68508 2.7191 2.75566 2.79477 2.83642 2.88063 2.92737 2.97666 3.02847 3.08281 3.13964 3.19895 3.26072 3.32491 3.39148 3.46039 3.53158 3.605 3.68057 3.75822 3.83786 3.91941 4.00274 4.08776 4.17434 4.26236 4.35166 4.44211 4.53356 4.62585 4.7188 4.81226 4.90605 5 
4 3.931 3.86224 3.79387 3.72606 3.65894 3.59268 3.52743 3.46331 3.40046 3.33901 3.27908 3.22078 3.1642 3.10945 3.05662 3.00577 2.95699 2.91033 2.86585 2.8236 2.78362 2.74596 2.71064 2.67769 2.64713 2.61897 2.59325 2.56996 2.54911 2.53072 2.51479 2.50131 2.4903 2.48176 2.47569 2.47208 2.47094 2.47228 2.47609 2.48238 2.49114 2.50239 2.51613 2.53236 2.55109 2.57232 2.59606 2.62231 2.65109 2.6824 2.71625 2.75264 2.79157 2.83305 2.87709 2.92367 2.9728 3.02447 3.07867 3.13539 3.1946 3.25629 3.32041 3.38694 3.45584 3.52704 3.6005 3.67614 3.7539 3.83367 3.91538 3.99891 4.08416 4.171 4.2593 4.34892 4.43972 4.53153 4.6242 4.71755 4.81142 4.90563 5 
4 3.93068 3.86159 3.7929 3.72477 3.65736 3.59082 3.52529 3.46092 3.39784 3.33618 3.27606 3.2176 3.16088 3.10601 3.05308 3.00216 2.95331 2.90661 2.86211 2.81985 2.77988 2.74223 2.70693 2.67401 2.64348 2.61536 2.58967 2.56642 2.5456 2.52723 2.51132 2.49786 2.48685 2.4783 2.4722 2.46857 2.46739 2.46867 2.47241 2.47862 2.48729 2.49844 2.51206 2.52815 2.54674 2.56782 2.5914 2.61749 2.6461 2.67723 2.7109 2.74711 2.78586 2.82717 2.87103 2.91746 2.96644 3.01797 3.07205 3.12866 3.18779 3.24942 3.31352 3.38006 3.44898 3.52026 3.59382 3.66961 3.74755 3.82755 3.90953 3.99337 4.07896 4.16619 4.25492 4.345 4.43629 4.52862 4.62184 4.71576 4.81022 4.90503 5 
4 3.93019 3.86062 3.79145 3.72285 3.65499 3.58802 3.52208 3.45732 3.39389 3.33191 3.27149 3.21276 3.15581 3.10074 3.04763 2.99656 2.9476 2.9008 2.85623 2.81392 2.77392 2.73625 2.70095 2.66803 2.63752 2.60942 2.58375 2.56052 2.53973 2.52138 2.50548 2.49202 2.48102 2.47246 2.46634 2.46267 2.46145 2.46267 2.46634 2.47246 2.48103 2.49206 2.50556 2.52152 2.53996 2.56088 2.58429 2.6102 2.63863 2.66957 2.70305 2.73907 2.77763 2.81876 2.86245 2.90871 2.95754 3.00894 3.06291 3.11943 3.1785 3.2401 3.30421 3.37078 3.43979 3.51119 3.58493 3.66093 3.73914 3.81946 3.9018 3.98606 4.07213 4.15988 4.24917 4.33986 4.4318 4.52483 4.61876 4.71343 4.80865 4.90424 5 
4 3.92953 3.85931 3.78951 3.72029 3.65182 3.58426 3.51777 3.4525 3.38858 3.32615 3.26533 3.20623 3.14895 3.09359 3.04023 2.98895 2.9398 2.89286 2.84817 2.80578 2.76571 2.728 2.69267 2.65974 2.62922 2.60114 2.57548 2.55227 2.5315 2.51316 2.49728 2.48383 2.47282 2.46424 2.45811 2.4544 2.45313 2.45429 2.45788 2.46391 2.47238 2.48329 2.49665 2.51246 2.53074 2.55149 2.57472 2.60044 2.62867 2.65942 2.69269 2.72851 2.76688 2.80782 2.85132 2.89742 2.9461 2.99737 3.05123 3.10768 3.1667 3.22829 3.29243 3.35908 3.42822 3.49979 3.57376 3.65005 3.72861 3.80934 3.89215 3.97695 4.06361 4.15201 4.24201 4.33347 4.42622 4.5201 4.61494 4.71053 4.80671 4.90326 5 
4 3.92871 3.85767 3.78705 3.71704 3.64781 3.57952 3.51234 3.44641 3.38188 3.31888 3.25754 3.19797 3.14027 3.08453 3.03085 2.97928 2.9299 2.88277 2.83792 2.79539 2.75523 2.71745 2.68207 2.64912 2.61859 2.59051 2.56486 2.54166 2.5209 2.50259 2.48671 2.47327 2.46225 2.45367 2.44751 2.44377 2.44244 2.44354 2.44705 2.45298 2.46134 2.47212 2.48534 2.50099 2.5191 2.53966 2.5627 2.58822 2.61624 2.64677 2.67983 2.71543 2.75359 2.79433 2.83764 2.88356 2.93208 2.98322 3.03698 3.09336 3.15235 3.21395 3.27815 3.34491 3.41421 3.48601 3.56027 3.63692 3.7159 3.79713 3.88052 3.96596 4.05334 4.14253 4.23339 4.32577 4.4195 4.51442 4.61033 4.70704 4.80436 4.90209 5 
4 3.9277 3.85566 3.78407 3.7131 3.64294 3.57376 3.50573 3.439 3.37372 3.31004 3.24806 3.18792 3.1297 3.07351 3.01943 2.96752 2.91785 2.87047 2.82542 2.78274 2.74245 2.70458 2.66914 2.63615 2.6056 2.57751 2.55187 2.52869 2.50794 2.48965 2.47378 2.46035 2.44933 2.44074 2.43456 2.43078 2.4294 2.43043 2.43386 2.43969 2.44793 2.45857 2.47164 2.48712 2.50504 2.52541 2.54824 2.57354 2.60133 2.63163 2.66446 2.69983 2.73776 2.77828 2.82139 2.86712 2.91547 2.96647 3.02013 3.07644 3.13541 3.19703 3.2613 3.3282 3.3977 3.46978 3.54438 3.62146 3.70094 3.78276 3.86682 3.95303 4.04125 4.13137 4.22324 4.3167 4.41159 4.50772 4.6049 4.70293 4.80161 4.9007 5 
4 3.92651 3.85329 3.78052 3.70842 3.63716 3.56692 3.49789 3.43022 3.36406 3.29956 3.23684 3.17602 3.1172 3.06047 3.00592 2.95361 2.90359 2.85593 2.81064 2.76777 2.72734 2.68937 2.65385 2.62081 2.59024 2.56214 2.53651 2.51334 2.49262 2.47434 2.4585 2.44507 2.43407 2.42546 2.41926 2.41545 2.41402 2.41498 2.41832 2.42405 2.43216 2.44266 2.45556 2.47086 2.48859 2.50874 2.53134 2.55641 2.58396 2.614 2.64658 2.68169 2.71938 2.75965 2.80254 2.84807 2.89624 2.94709 3.00063 3.05687 3.11582 3.17747 3.24184 3.3089 3.37863 3.45102 3.52602 3.60359 3.68365 3.76615 3.85099 3.93807 4.02726 4.11846 4.21149 4.30621 4.40243 4.49996 4.59862 4.69817 4.79841 4.89909 5 
4 3.92512 3.85051 3.77639 3.70296 3.63042 3.55896 3.48876 3.42 3.35282 3.28738 3.2238 3.1622 3.10268 3.04534 2.99025 2.93748 2.88707 2.83908 2.79353 2.75045 2.70986 2.67176 2.63617 2.60308 2.57249 2.54438 2.51876 2.49561 2.47492 2.45667 2.44085 2.42745 2.41646 2.40785 2.40163 2.39779 2.39631 2.3972 2.40045 2.40607 2.41405 2.42439 2.43712 2.45223 2.46974 2.48967 2.51202 2.53683 2.56411 2.59388 2.62618 2.66102 2.69843 2.73844 2.78108 2.82638 2.87436 2.92504 2.97845 3.03461 3.09353 3.15522 3.21968 3.28692 3.35692 3.42965 3.5051 3.58321 3.66393 3.74719 3.83291 3.92098 4.01128 4.10369 4.19805 4.29419 4.39193 4.49108 4.59141 4.69271 4.79474 4.89725 5 
4 3.92352 3.84732 3.77164 3.69669 3.62268 3.54981 3.47828 3.40826 3.33992 3.27341 3.20885 3.14637 3.08607 3.02804 2.97235 2.91905 2.86821 2.81986 2.77402 2.73071 2.68995 2.65173 2.61606 2.58292 2.55231 2.52421 2.49862 2.4755 2.45485 2.43664 2.42086 2.40749 2.39651 2.38792 2.38169 2.37782 2.3763 2.37712 2.38027 2.38577 2.39361 2.4038 2.41633 2.43124 2.44852 2.46819 2.49028 2.51481 2.5418 2.57127 2.60326 2.63779 2.6749 2.71462 2.75699 2.80203 2.84978 2.90027 2.95353 3.00959 3.06847 3.13019 3.19476 3.26219 3.33246 3.40558 3.48151 3.56023 3.64167 3.72578 3.81247 3.90164 3.99319 4.08696 4.18281 4.28056 4.38003 4.48099 4.58324 4.68651 4.79058 4.89516 5 
4 3.92169 3.84368 3.76622 3.68953 3.61385 3.53939 3.46635 3.39492 3.32527 3.25755 3.1919 3.12844 3.06726 3.00846 2.95211 2.89826 2.84694 2.7982 2.75205 2.70851 2.66756 2.62922 2.59347 2.5603 2.52969 2.50161 2.47605 2.45299 2.43239 2.41424 2.39851 2.38519 2.37425 2.36567 2.35944 2.35555 2.35398 2.35474 2.3578 2.36318 2.37087 2.38089 2.39323 2.4079 2.42494 2.44434 2.46614 2.49036 2.51703 2.54617 2.57782 2.61201 2.64879 2.68818 2.73024 2.77499 2.82248 2.87275 2.92583 2.98177 3.04059 3.10233 3.16699 3.2346 3.30517 3.37869 3.45515 3.53451 3.61674 3.70178 3.78954 3.87994 3.97285 4.06815 4.16566 4.26522 4.36661 4.46962 4.57401 4.67952 4.78587 4.8928 5 
4 3.91962 3.83956 3.76008 3.68144 3.60387 3.52761 3.45288 3.37986 3.30875 3.23969 3.17283 3.10828 3.04615 2.98652 2.92945 2.87498 2.82317 2.77402 2.72755 2.68376 2.64265 2.60419 2.56838 2.53519 2.50459 2.47655 2.45106 2.42806 2.40754 2.38947 2.37382 2.36056 2.34967 2.34112 2.33491 2.33101 2.3294 2.33009 2.33306 2.33832 2.34586 2.35569 2.36781 2.38225 2.39902 2.41813 2.43961 2.4635 2.48981 2.51858 2.54986 2.58367 2.62007 2.6591 2.7008 2.74522 2.79241 2.84242 2.89529 2.95107 3.00981 3.07153 3.13628 3.20407 3.27493 3.34887 3.42587 3.50593 3.589 3.67504 3.76398 3.85571 3.95013 4.04711 4.14646 4.24802 4.35157 4.45686 4.56365 4.67166 4.78059 4.89014 5 
4 3.91729 3.83491 3.75317 3.67232 3.59264 3.51437 3.43775 3.36297 3.29024 3.2197 3.15151 3.08578 3.02261 2.96207 2.90424 2.84913 2.79679 2.74722 2.70043 2.65641 2.61513 2.57658 2.54073 2.50754 2.47699 2.44902 2.42361 2.40072 2.38031 2.36234 2.34679 2.33362 2.32279 2.3143 2.30811 2.30421 2.30258 2.3032 2.30608 2.31121 2.31859 2.32823 2.34013 2.35431 2.37078 2.38958 2.41071 2.43423 2.46015 2.48852 2.51938 2.55277 2.58875 2.62736 2.66866 2.7127 2.75954 2.80924 2.86185 2.91743 2.97604 3.03772 3.10252 3.17048 3.24162 3.31598 3.39355 3.47433 3.5583 3.64541 3.7356 3.82879 3.92486 4.02367 4.12506 4.22883 4.33476 4.44259 4.55206 4.66286 4.77467 4.88717 5 
4 3.91467 3.8297 3.74541 3.6621 3.58006 3.49955 3.42083 3.34411 3.26959 3.19743 3.12779 3.06078 2.99649 2.935 2.87635 2.82058 2.7677 2.71771 2.67061 2.62636 2.58495 2.54634 2.51048 2.47733 2.44685 2.41899 2.39371 2.37095 2.35068 2.33285 2.31743 2.30437 2.29364 2.28522 2.27907 2.27518 2.27353 2.2741 2.27689 2.28189 2.2891 2.29853 2.31019 2.32409 2.34026 2.3587 2.37946 2.40257 2.42807 2.45599 2.48639 2.51931 2.55481 2.59295 2.63379 2.67739 2.72382 2.77315 2.82545 2.88077 2.9392 3.00079 3.0656 3.13369 3.2051 3.27987 3.35801 3.43954 3.52444 3.61269 3.70423 3.79898 3.89683 3.99765 4.10127 4.20747 4.31603 4.42669 4.53913 4.65304 4.76807 4.88385 5 
4 3.91173 3.82385 3.73672 3.65067 3.566 3.48301 3.40197 3.3231 3.24662 3.17271 3.1015 3.03312 2.96764 2.90514 2.84565 2.7892 2.73578 2.68538 2.63798 2.59355 2.55203 2.51339 2.47756 2.4445 2.41414 2.38644 2.36132 2.33875 2.31866 2.30101 2.28574 2.27283 2.26223 2.2539 2.24782 2.24395 2.24229 2.24282 2.24552 2.25039 2.25743 2.26665 2.27805 2.29165 2.30747 2.32554 2.34589 2.36856 2.39358 2.421 2.45089 2.48328 2.51825 2.55585 2.59617 2.63926 2.68522 2.73411 2.78602 2.84102 2.8992 2.96065 3.02542 3.09359 3.16523 3.24038 3.31908 3.40137 3.48724 3.57668 3.66964 3.76606 3.86584 3.96883 4.07487 4.18375 4.29521 4.40897 4.52472 4.64209 4.76069 4.88014 5 
4 3.90844 3.81732 3.72701 3.6379 3.55031 3.46457 3.38097 3.29976 3.22115 3.14533 3.07244 3.0026 2.93587 2.87232 2.81197 2.75483 2.70089 2.6501 2.60245 2.55786 2.51629 2.47767 2.44193 2.40901 2.37884 2.35134 2.32645 2.3041 2.28424 2.26681 2.25176 2.23902 2.22858 2.22037 2.21438 2.21056 2.20891 2.2094 2.21201 2.21675 2.22361 2.2326 2.24373 2.25701 2.27246 2.29012 2.31002 2.3322 2.3567 2.38358 2.41289 2.44469 2.47906 2.51606 2.55577 2.59829 2.64368 2.69205 2.74349 2.79809 2.85596 2.91717 2.98183 3.05002 3.12183 3.19733 3.27658 3.35961 3.44646 3.53713 3.63159 3.72978 3.83161 3.93695 4.04563 4.15742 4.27208 4.38927 4.50867 4.62988 4.75247 4.876 5 
4 3.90477 3.81001 3.71617 3.62364 3.53282 3.44405 3.35764 3.27387 3.19295 3.11508 3.0404 2.96901 2.90098 2.83635 2.77514 2.71733 2.66288 2.61175 2.56389 2.51921 2.47765 2.43912 2.40354 2.37083 2.3409 2.31367 2.28907 2.26702 2.24744 2.23028 2.21548 2.20298 2.19272 2.18467 2.17879 2.17505 2.17342 2.17388 2.17641 2.18102 2.18769 2.19644 2.20728 2.22021 2.23527 2.25249 2.2719 2.29354 2.31747 2.34374 2.37241 2.40355 2.43724 2.47356 2.51259 2.55443 2.59918 2.64694 2.69781 2.75191 2.80936 2.87025 2.93471 3.00284 3.07476 3.15054 3.23028 3.31404 3.40187 3.49379 3.5898 3.68985 3.79387 3.90173 4.01326 4.12824 4.24638 4.36737 4.49081 4.61628 4.74331 4.87139 5 
4 3.90065 3.80184 3.70405 3.60774 3.51333 3.42122 3.33173 3.24516 3.16175 3.08169 3.0051 2.9321 2.86273 2.79702 2.73495 2.6765 2.6216 2.57019 2.52219 2.4775 2.43602 2.39766 2.36233 2.3299 2.3003 2.27342 2.24918 2.22749 2.20827 2.19144 2.17694 2.16471 2.15469 2.14684 2.1411 2.13745 2.13586 2.13631 2.13877 2.14324 2.14973 2.15822 2.16874 2.18131 2.19594 2.21268 2.23155 2.25261 2.27591 2.30151 2.32947 2.35988 2.39281 2.42836 2.46661 2.50768 2.55167 2.59871 2.64891 2.7024 2.7593 2.81977 2.88392 2.95189 3.0238 3.09979 3.17995 3.26439 3.35317 3.44636 3.54396 3.64595 3.75228 3.86284 3.97744 4.09587 4.21784 4.34299 4.4709 4.60111 4.73307 4.86624 5 
4 3.89605 3.7927 3.6905 3.58997 3.49159 3.3958 3.30294 3.21335 3.12726 3.04486 2.96628 2.89161 2.82088 2.75409 2.6912 2.63216 2.57688 2.52527 2.47721 2.4326 2.39132 2.35323 2.31823 2.2862 2.25702 2.23058 2.20678 2.18553 2.16673 2.1503 2.13617 2.12427 2.11453 2.10691 2.10136 2.09783 2.0963 2.09674 2.09914 2.10348 2.10977 2.118 2.12819 2.14036 2.15453 2.17074 2.18904 2.20946 2.23206 2.25692 2.2841 2.31369 2.34577 2.38045 2.41782 2.45801 2.50113 2.54732 2.59672 2.64946 2.7057 2.7656 2.8293 2.89698 2.96878 3.04485 3.12535 3.21039 3.30008 3.3945 3.49371 3.59771 3.70647 3.81988 3.93779 4.05997 4.18611 4.31584 4.4487 4.58416 4.72163 4.86047 5 
4 3.89088 3.78244 3.67531 3.5701 3.46732 3.36747 3.27094 3.17807 3.08911 3.00424 2.92359 2.84721 2.77513 2.70729 2.64365 2.5841 2.52853 2.47683 2.42884 2.38443 2.34345 2.30575 2.27121 2.23968 2.21102 2.18512 2.16187 2.14114 2.12285 2.1069 2.0932 2.08169 2.07229 2.06494 2.0596 2.05623 2.05479 2.05524 2.05758 2.0618 2.06788 2.07583 2.08567 2.09742 2.1111 2.12675 2.1444 2.16413 2.18598 2.21002 2.23634 2.26502 2.29615 2.32985 2.36622 2.40541 2.44753 2.49273 2.54118 2.59302 2.64844 2.70761 2.77072 2.83794 2.90948 2.9855 3.0662 3.15173 3.24224 3.33786 3.43867 3.54471 3.65598 3.77241 3.89386 4.02008 4.15079 4.28555 4.42389 4.5652 4.70882 4.85401 5 
4 3.88506 3.7709 3.65826 3.54781 3.44017 3.33586 3.23533 3.13892 3.04691 2.95946 2.87667 2.79857 2.72516 2.65634 2.59203 2.53209 2.47637 2.4247 2.37692 2.33285 2.29232 2.25516 2.22121 2.19031 2.1623 2.13706 2.11445 2.09435 2.07666 2.06126 2.04807 2.03701 2.02801 2.02099 2.01591 2.01273 2.01139 2.01188 2.01418 2.01826 2.02413 2.0318 2.04127 2.05256 2.06571 2.08075 2.09772 2.11668 2.13771 2.16086 2.18622 2.21389 2.24397 2.27657 2.31183 2.34987 2.39084 2.43491 2.48224 2.53302 2.58743 2.6457 2.70801 2.7746 2.84568 2.92147 3.0022 3.08808 3.1793 3.27602 3.37838 3.48648 3.60034 3.71993 3.84513 3.97572 4.11139 4.25169 4.39609 4.54391 4.69442 4.84674 5 
4 3.87849 3.75789 3.63905 3.52276 3.40972 3.30051 3.19562 3.09543 3.00018 2.91004 2.82508 2.74529 2.67062 2.60093 2.53608 2.4759 2.42018 2.36873 2.32133 2.27777 2.23786 2.2014 2.16819 2.13806 2.11085 2.0864 2.06455 2.04519 2.02819 2.01344 2.00084 1.99031 1.98176 1.97513 1.97035 1.96739 1.96619 1.96673 1.96899 1.97295 1.97861 1.98597 1.99505 2.00586 2.01844 2.03282 2.04905 2.06719 2.08731 2.10949 2.1338 2.16036 2.18927 2.22065 2.25465 2.29139 2.33106 2.37382 2.41985 2.46937 2.52258 2.57972 2.64103 2.70675 2.77716 2.85251 2.93306 3.01909 3.11084 3.20853 3.31236 3.42247 3.53896 3.66183 3.791 3.92628 4.06734 4.21373 4.36485 4.51995 4.67818 4.83854 5 
4 3.87104 3.74315 3.61734 3.4945 3.37546 3.26087 3.15126 3.04701 2.94838 2.85548 2.76835 2.68694 2.61112 2.54071 2.4755 2.41527 2.35976 2.30872 2.26191 2.21908 2.17998 2.1444 2.11212 2.08293 2.05667 2.03314 2.0122 1.99369 1.9775 1.96349 1.95157 1.94164 1.93361 1.92742 1.923 1.92029 1.91926 1.91988 1.92212 1.92596 1.9314 1.93845 1.94711 1.95741 1.96937 1.98305 1.99848 2.01573 2.03487 2.05598 2.07915 2.10448 2.1321 2.16213 2.19471 2.23001 2.26819 2.30945 2.35398 2.40202 2.4538 2.50958 2.56963 2.63423 2.70369 2.77833 2.85845 2.94438 3.03643 3.13489 3.24004 3.35208 3.47119 3.59742 3.73076 3.87104 4.01796 4.17103 4.32961 4.49286 4.65979 4.82925 5 
4 3.86255 3.72637 3.59266 3.46249 3.33678 3.21628 3.10156 2.99301 2.89086 2.79518 2.70595 2.62303 2.54623 2.47531 2.40997 2.34994 2.29489 2.24453 2.19855 2.15667 2.11861 2.08412 2.05297 2.02491 1.99976 1.97732 1.95742 1.9399 1.92463 1.91148 1.90033 1.89108 1.88365 1.87796 1.87394 1.87154 1.87071 1.87142 1.87365 1.87738 1.8826 1.88931 1.89754 1.90729 1.9186 1.93152 1.9461 1.96238 1.98046 2.00041 2.02233 2.04632 2.07252 2.10104 2.13206 2.16573 2.20224 2.24179 2.28461 2.33093 2.38102 2.43516 2.49366 2.55684 2.62505 2.69865 2.77802 2.86354 2.9556 3.05457 3.16081 3.27463 3.39628 3.52591 3.66357 3.80916 3.96241 4.12282 4.28969 4.46209 4.63885 4.81865 5 
4 3.85281 3.70716 3.56448 3.42604 3.29291 3.16594 3.04573 2.93265 2.82689 2.72847 2.63725 2.55302 2.4755 2.40434 2.33918 2.27964 2.22536 2.17597 2.13111 2.09045 2.0537 2.02054 1.99073 1.96401 1.94016 1.91898 1.90028 1.88389 1.86967 1.85748 1.84719 1.83872 1.83196 1.82683 1.82327 1.82122 1.82062 1.82146 1.82369 1.82731 1.8323 1.83867 1.84644 1.85562 1.86624 1.87835 1.892 1.90725 1.92418 1.94288 1.96343 1.98596 2.0106 2.03747 2.06676 2.09862 2.13325 2.17087 2.21173 2.25607 2.30419 2.35639 2.41301 2.47442 2.54102 2.61321 2.69143 2.77616 2.86785 2.96698 3.07401 3.18935 3.31337 3.44635 3.58844 3.73963 3.89969 4.06814 4.24424 4.42693 4.61488 4.8065 5 
4 3.84156 3.68501 3.53208 3.3843 3.24292 3.10887 2.98278 2.865 2.75562 2.65456 2.56158 2.47634 2.39843 2.32739 2.26278 2.20412 2.15097 2.10289 2.05948 2.02037 1.98519 1.95364 1.92542 1.90025 1.87791 1.85817 1.84083 1.82572 1.81268 1.80157 1.79227 1.78466 1.77865 1.77415 1.7711 1.76944 1.76912 1.7701 1.77236 1.77587 1.78063 1.78665 1.79393 1.8025 1.81239 1.82364 1.8363 1.85044 1.86614 1.88348 1.90256 1.9235 1.94643 1.9715 1.99887 2.02872 2.06127 2.09673 2.13535 2.17743 2.22326 2.27318 2.32757 2.38682 2.45138 2.52172 2.59835 2.68181 2.77266 2.87149 2.97887 3.09537 3.2215 3.35768 3.50422 3.66122 3.82856 4.00581 4.19218 4.38651 4.58724 4.79246 5 
4 3.82846 3.65926 3.49455 3.33619 3.18561 3.04386 2.91155 2.78896 2.67606 2.5726 2.4782 2.39235 2.31449 2.24405 2.18044 2.12311 2.07152 2.02516 1.98358 1.94635 1.91308 1.88342 1.85705 1.83369 1.81307 1.79497 1.77917 1.7655 1.75378 1.74387 1.73565 1.729 1.72382 1.72003 1.71755 1.71633 1.71632 1.71747 1.71977 1.72318 1.72771 1.73336 1.74014 1.74807 1.75718 1.76751 1.77913 1.79208 1.80646 1.82234 1.83983 1.85905 1.88013 1.90322 1.9285 1.95614 1.98636 2.0194 2.05553 2.09503 2.13824 2.18551 2.23725 2.2939 2.35595 2.42393 2.49842 2.58005 2.66949 2.76744 2.87462 2.99177 3.11957 3.25865 3.40952 3.57246 3.74752 3.93434 4.13216 4.33969 4.5551 4.7761 5 
4 3.81303 3.62903 3.45071 3.2803 3.11951 2.96943 2.83063 2.70325 2.58706 2.48161 2.38628 2.30038 2.22316 2.15388 2.09185 2.03637 1.98684 1.94267 1.90334 1.86838 1.83737 1.80993 1.7857 1.76439 1.74573 1.72947 1.7154 1.70332 1.69307 1.6845 1.67747 1.67188 1.66762 1.6646 1.66276 1.66202 1.66235 1.66371 1.66606 1.66938 1.67368 1.67895 1.6852 1.69245 1.70074 1.71011 1.72061 1.7323 1.74526 1.75958 1.77537 1.79273 1.81181 1.83276 1.85575 1.88096 1.90863 1.93899 1.97232 2.00892 2.04914 2.09336 2.14202 2.19558 2.25458 2.31962 2.39135 2.47048 2.5578 2.65414 2.7604 2.8775 3.00635 3.14784 3.30273 3.47159 3.65469 3.85188 4.06243 4.28497 4.51737 4.75684 5 
4 3.79465 3.59315 3.39896 3.21483 3.04271 2.88373 2.73831 2.60636 2.48734 2.38051 2.28496 2.19974 2.12389 2.0565 1.9967 1.94371 1.89681 1.85535 1.81874 1.78648 1.75811 1.73322 1.71144 1.69246 1.67599 1.66179 1.64963 1.63932 1.63069 1.62358 1.61787 1.61343 1.61017 1.608 1.60685 1.60665 1.60736 1.60894 1.61137 1.61461 1.61867 1.62355 1.62925 1.6358 1.64322 1.65157 1.66089 1.67124 1.6827 1.69536 1.70932 1.7247 1.74163 1.76026 1.78076 1.80334 1.8282 1.85561 1.88583 1.91919 1.95604 1.99678 2.04187 2.09181 2.14718 2.20862 2.27687 2.35272 2.43707 2.53092 2.63534 2.75146 2.88049 3.02362 3.18196 3.35647 3.54778 3.75604 3.98071 4.22037 4.47258 4.73389 5 
4 3.77243 3.54999 3.33717 3.13737 2.95279 2.78447 2.63256 2.49653 2.37545 2.26813 2.17332 2.08973 2.01618 1.95152 1.89476 1.84497 1.80135 1.76317 1.72981 1.7007 1.67538 1.65339 1.63438 1.61801 1.60399 1.59207 1.58202 1.57365 1.56678 1.56127 1.55698 1.5538 1.55163 1.55038 1.54998 1.55037 1.5515 1.55334 1.55585 1.55902 1.56284 1.56732 1.57245 1.57826 1.58478 1.59206 1.60013 1.60907 1.61894 1.62984 1.64185 1.65511 1.66973 1.68587 1.7037 1.72341 1.74523 1.7694 1.7962 1.82596 1.85904 1.89585 1.93686 1.9826 2.03369 2.09082 2.15477 2.22645 2.30685 2.39713 2.49855 2.61252 2.74053 2.88417 3.04502 3.22455 3.42392 3.6438 3.884 4.1432 4.41867 4.70614 5 
4 3.74509 3.49723 3.26237 3.04471 2.84661 2.66882 2.51093 2.37179 2.24981 2.14327 2.05045 1.96971 1.89957 1.83867 1.78585 1.74008 1.70045 1.66618 1.63661 1.61116 1.5893 1.5706 1.55468 1.54121 1.52989 1.52047 1.51273 1.50647 1.50152 1.49774 1.49499 1.49316 1.49216 1.4919 1.49232 1.49334 1.49493 1.49705 1.49968 1.50278 1.50636 1.51042 1.51496 1.52001 1.52559 1.53174 1.53851 1.54595 1.55415 1.56318 1.57314 1.58414 1.5963 1.60978 1.62475 1.64138 1.6599 1.68055 1.70361 1.72941 1.7583 1.79071 1.82711 1.86805 1.91416 1.96618 2.02495 2.09143 2.16675 2.25219 2.34922 2.45952 2.58493 2.72751 2.8894 3.07276 3.27955 3.51122 3.76828 4.04977 4.35276 4.67198 5 
4 3.71071 3.43148 3.17037 2.93251 2.72013 2.53328 2.37058 2.22987 2.10873 2.0047 1.91551 1.83911 1.77371 1.71775 1.6699 1.62904 1.59418 1.56451 1.53932 1.51801 1.50006 1.48503 1.47254 1.46226 1.4539 1.4472 1.44196 1.43798 1.4351 1.43317 1.43207 1.4317 1.43195 1.43275 1.43403 1.43574 1.43783 1.44026 1.44301 1.44606 1.4494 1.45303 1.45696 1.46121 1.46581 1.47079 1.4762 1.48208 1.48852 1.49559 1.50338 1.51199 1.52156 1.53221 1.54411 1.55745 1.57243 1.58928 1.60828 1.62975 1.65404 1.68157 1.7128 1.74831 1.78872 1.8348 1.88741 1.94758 2.01652 2.09565 2.18663 2.29139 2.41217 2.55152 2.7123 2.89755 3.1103 3.35325 3.62811 3.93484 4.27061 4.62903 5 
4 3.66629 3.34763 3.05515 2.79482 2.56813 2.3736 2.20823 2.06841 1.95054 1.85129 1.76778 1.69752 1.63841 1.58872 1.54698 1.51199 1.48273 1.45835 1.43814 1.42149 1.4079 1.39692 1.38819 1.38139 1.37622 1.37247 1.36992 1.36838 1.36771 1.36776 1.36843 1.36959 1.37118 1.37311 1.37532 1.37776 1.38037 1.38314 1.38603 1.38903 1.39213 1.39533 1.39864 1.40207 1.40565 1.40941 1.41339 1.41765 1.42225 1.42727 1.43278 1.43889 1.44571 1.45338 1.46204 1.47187 1.48307 1.49585 1.51048 1.52726 1.54654 1.5687 1.59423 1.62365 1.65761 1.69686 1.74229 1.79495 1.8561 1.92726 2.01025 2.10723 2.22082 2.35411 2.51073 2.69481 2.91085 3.16335 3.45608 3.79086 4.16582 4.57352 5 
4 3.60684 3.23758 2.90779 2.62351 2.38396 2.18478 2.02035 1.88501 1.77372 1.68216 1.60681 1.54476 1.4937 1.45173 1.41731 1.38921 1.36639 1.34802 1.33339 1.32192 1.31312 1.30657 1.30191 1.29886 1.29714 1.29653 1.29685 1.29791 1.29959 1.30174 1.30426 1.30706 1.31006 1.31318 1.31637 1.31958 1.32276 1.32589 1.32894 1.3319 1.33476 1.33751 1.34018 1.34276 1.34529 1.34779 1.3503 1.35287 1.35556 1.35844 1.36157 1.36506 1.36901 1.37354 1.37879 1.38492 1.39211 1.40056 1.41052 1.42227 1.43613 1.45248 1.47174 1.49445 1.52121 1.55275 1.58993 1.63381 1.68567 1.74705 1.81986 1.90646 2.00976 2.13337 2.2817 2.46012 2.67495 2.93322 3.242 3.6067 4.02829 4.49921 5 
4 3.52351 3.08808 2.71494 2.40747 2.15941 1.96123 1.80337 1.67757 1.57715 1.49683 1.43252 1.38103 1.3399 1.30718 1.28133 1.26113 1.2456 1.23393 1.22547 1.21967 1.21607 1.2143 1.21403 1.21499 1.21693 1.21967 1.22302 1.22683 1.23097 1.23533 1.23981 1.24433 1.2488 1.25318 1.25739 1.26141 1.26519 1.2687 1.27193 1.27485 1.27747 1.27978 1.28178 1.2835 1.28494 1.28615 1.28714 1.28796 1.28867 1.28933 1.29 1.29077 1.29172 1.29298 1.29466 1.2969 1.29987 1.30375 1.30877 1.31517 1.32323 1.33332 1.34581 1.36119 1.38002 1.40297 1.43087 1.4647 1.5057 1.55539 1.61568 1.68898 1.7784 1.88789 2.02257 2.18901 2.39558 2.6526 2.97198 3.36565 3.84141 4.39504 5 
4 3.39911 2.87629 2.45643 2.13201 1.885 1.69734 1.55432 1.44476 1.36048 1.2955 1.2454 1.20695 1.17768 1.15574 1.13969 1.12839 1.12095 1.11664 1.11489 1.11521 1.1172 1.12053 1.12491 1.13011 1.13593 1.14218 1.14871 1.1554 1.16213 1.1688 1.17532 1.18162 1.18764 1.19331 1.1986 1.20346 1.20787 1.21178 1.2152 1.2181 1.22048 1.22233 1.22367 1.2245 1.22483 1.2247 1.22413 1.22316 1.22183 1.2202 1.21832 1.21627 1.21412 1.21198 1.20995 1.20814 1.20671 1.20581 1.20562 1.20637 1.20831 1.21174 1.21698 1.22448 1.2347 1.24825 1.26586 1.28842 1.31704 1.35312 1.39847 1.45539 1.52696 1.61722 1.73167 1.87777 2.06577 2.3096 2.62766 3.0425 3.57666 4.23954 5 
4 3.19666 2.56153 2.10248 1.77916 1.55122 1.38884 1.27179 1.18667 1.12452 1.07926 1.04664 1.02366 1.00813 0.998418 0.993283 0.991774 0.993141 0.996785 1.00222 1.00906 1.01697 1.02568 1.03496 1.04461 1.05447 1.06439 1.07424 1.08392 1.09333 1.10239 1.11103 1.11918 1.12679 1.13382 1.14022 1.14596 1.15101 1.15536 1.15898 1.16186 1.164 1.16539 1.16605 1.16597 1.16517 1.16368 1.16151 1.1587 1.15528 1.15129 1.1468 1.14185 1.13651 1.13086 1.12499 1.119 1.113 1.10713 1.10153 1.09639 1.0919 1.08832 1.08591 1.08502 1.08604 1.08947 1.0959 1.10606 1.1209 1.14159 1.16967 1.20716 1.25681 1.32237 1.40911 1.52463 1.68013 1.89236 2.18656 2.60004 3.1832 3.98646 5 
4 2.82599 2.07071 1.61281 1.33092 1.15189 1.03499 0.95734 0.905611 0.871677 0.850363 0.838234 0.832925 0.832757 0.836503 0.843244 0.852275 0.863047 0.875122 0.888146 0.901831 0.915935 0.930257 0.944626 0.958896 0.972939 0.986648 0.999926 1.01269 1.02487 1.03639 1.04721 1.05726 1.06652 1.07494 1.08248 1.08913 1.09485 1.09964 1.10347 1.10634 1.10824 1.10918 1.10914 1.10814 1.1062 1.10331 1.09952 1.09483 1.08927 1.08289 1.07572 1.0678 1.0592 1.04995 1.04015 1.02985 1.01916 1.00816 0.996974 0.985731 0.974584 0.963707 0.953308 0.943631 0.934969 0.927676 0.922185 0.919034 0.918901 0.922657 0.931442 0.946779 0.970758 1.00632 1.05776 1.13152 1.23776 1.39313 1.6262 1.98789 2.56962 3.5231 5 
4 2.03658 1.28251 0.947112 0.779824 0.690433 0.641887 0.616961 0.606745 0.606203 0.612276 0.622997 0.637035 0.653457 0.671582 0.690902 0.711023 0.731637 0.752495 0.773394 0.794164 0.814662 0.834767 0.854372 0.873385 0.891725 0.90932 0.926107 0.942029 0.957035 0.97108 0.984124 0.996129 1.00707 1.01691 1.02562 1.0332 1.03961 1.04486 1.04891 1.05178 1.05344 1.05391 1.05318 1.05125 1.04814 1.04385 1.0384 1.0318 1.02408 1.01526 1.00537 0.994437 0.982499 0.969599 0.955781 0.941096 0.925604 0.909369 0.892463 0.87497 0.856983 0.83861 0.819975 0.801222 0.782521 0.764075 0.746127 0.72898 0.713008 0.698692 0.686659 0.677746 0.673111 0.674404 0.684073 0.70593 0.746258 0.816184 0.937223 1.15568 1.58431 2.53631 5 
0 0.0378415 0.0756287 0.113308 0.150824 0.188125 0.225156 0.261864 0.298198 0.334104 0.369532 0.40443 0.438749 0.47244 0.505453 0.537743 0.569262 0.599966 0.629811 0.658753 0.686751 0.713766 0.739758 0.764691 0.788528 0.811236 0.832782 0.853134 0.872265 0.890146 0.906752 0.922059 0.936045 0.94869 0.959976 0.969887 0.978409 0.985529 0.991238 0.995526 0.998389 0.999821 0.999821 0.998389 0.995526 0.991238 0.985529 0.978409 0.969887 0.959976 0.94869 0.936045 0.922059 0.906752 0.890146 0.872265 0.853134 0.832782 0.811236 0.788528 0.764691 0.739758 0.713766 0.686751 0.658753 0.629811 0.599966 0.569262 0.537743 0.505453 0.47244 0.438749 0.40443 0.369532 0.334104 0.298198 0.261864 0.225156 0.188125 0.150824 0.113308 0.0756287 0.0378415 0 
