C h:0.010989
C GRID SIZE:92
C N:90
0 0.000120758 0.000483033 0.00108683 0.00193213 0.00301896 0.0043473 0.00591716 0.00772854 0.00978143 0.0120758 0.0146118 0.0173892 0.0204082 0.0236686 0.0271706 0.0309141 0.0348992 0.0391257 0.0435938 0.0483033 0.0532544 0.058447 0.0638812 0.0695568 0.075474 0.0816327 0.0880328 0.0946746 0.101558 0.108683 0.116049 0.123657 0.131506 0.139597 0.147929 0.156503 0.165318 0.174375 0.183673 0.193213 0.202995 0.213018 0.223282 0.233788 0.244536 0.255525 0.266755 0.278227 0.289941 0.301896 0.314093 0.326531 0.33921 0.352131 0.365294 0.378698 0.392344 0.406231 0.42036 0.43473 0.449342 0.464195 0.47929 0.494626 0.510204 0.526023 0.542084 0.558387 0.574931 0.591716 0.608743 0.626011 0.643521 0.661273 0.679266 0.6975 0.715976 0.734694 0.753653 0.772854 0.792296 0.811979 0.831904 0.852071 0.872479 0.893129 0.91402 0.935153 0.956527 0.978143 1 
4 2.00069 1.21089 0.840046 0.637657 0.513578 0.430811 0.37219 0.328858 0.295828 0.270095 0.249741 0.233483 0.220437 0.209969 0.201614 0.195026 0.189937 0.186143 0.183479 0.181816 0.18105 0.181094 0.181877 0.183342 0.18544 0.188128 0.191373 0.195145 0.199417 0.204169 0.209381 0.215038 0.221125 0.227629 0.234542 0.241852 0.249554 0.257639 0.266102 0.274938 0.284143 0.293715 0.303649 0.313945 0.324601 0.335617 0.346992 0.358726 0.370822 0.38328 0.396103 0.409295 0.422858 0.436799 0.451122 0.465834 0.480943 0.496457 0.512387 0.528746 0.545546 0.562804 0.580539 0.598772 0.617528 0.636838 0.656736 0.677263 0.698467 0.720408 0.743156 0.766795 0.791432 0.817196 0.844249 0.872797 0.903107 0.935526 0.970519 1.00872 1.05101 1.09867 1.15363 1.21888 1.29942 1.4041 1.55009 1.77437 2.16712 2.9788 5 
4 2.79175 2.00236 1.51057 1.19509 0.982846 0.833157 0.723205 0.639715 0.574615 0.522776 0.480815 0.446413 0.417938 0.394208 0.374347 0.357694 0.343741 0.332089 0.322425 0.314497 0.308099 0.303066 0.29926 0.296565 0.294885 0.29414 0.29426 0.295187 0.296871 0.299269 0.302344 0.306064 0.3104 0.315329 0.320831 0.326886 0.33348 0.340598 0.348231 0.356367 0.364999 0.374121 0.383727 0.393813 0.404378 0.415419 0.426936 0.438931 0.451405 0.464363 0.477808 0.491748 0.50619 0.521143 0.536618 0.552629 0.56919 0.586319 0.604038 0.622369 0.64134 0.660982 0.681334 0.702436 0.72434 0.747104 0.770796 0.795496 0.821301 0.848325 0.876706 0.906611 0.938243 0.971854 1.00776 1.04635 1.08815 1.1338 1.18419 1.2405 1.30436 1.37809 1.46506 1.57042 1.70223 1.87377 2.10785 2.44515 2.95876 3.76995 5 
4 3.16396 2.49624 2.00479 1.64933 1.38959 1.1958 1.04779 0.932225 0.840182 0.765627 0.704377 0.653466 0.610747 0.574634 0.543931 0.517725 0.495306 0.476114 0.459704 0.445716 0.433856 0.423886 0.415605 0.408846 0.403472 0.399362 0.396417 0.394551 0.393691 0.393773 0.394743 0.396553 0.399163 0.402538 0.406646 0.411461 0.41696 0.423123 0.429934 0.437378 0.445442 0.454119 0.463399 0.473278 0.483751 0.494817 0.506474 0.518726 0.531574 0.545025 0.559086 0.573764 0.589073 0.605026 0.621639 0.638931 0.656926 0.675648 0.695129 0.715403 0.736511 0.7585 0.781423 0.805344 0.830335 0.856482 0.883885 0.912662 0.942951 0.974919 1.00876 1.04473 1.0831 1.12424 1.1686 1.21673 1.26935 1.32736 1.39197 1.46475 1.54786 1.64426 1.75813 1.89552 2.06532 2.28089 2.5624 2.93962 3.45281 4.14225 5 
4 3.36787 2.81389 2.36304 2.00788 1.73041 1.51268 1.33999 1.20125 1.08831 0.995225 0.917655 0.852386 0.797012 0.749711 0.709083 0.674036 0.643713 0.617429 0.594634 0.574881 0.557802 0.543094 0.530506 0.519826 0.510875 0.503502 0.497578 0.492993 0.489652 0.487473 0.486386 0.486328 0.487248 0.489098 0.49184 0.495437 0.499861 0.505085 0.511087 0.51785 0.525356 0.533594 0.542553 0.552227 0.562609 0.573699 0.585494 0.597997 0.611214 0.625149 0.639813 0.655218 0.671379 0.688313 0.706043 0.724593 0.743992 0.764275 0.785482 0.807657 0.830853 0.855132 0.880562 0.907226 0.935218 0.964647 0.995641 1.02835 1.06296 1.09967 1.13874 1.18046 1.22522 1.27345 1.3257 1.38265 1.44517 1.51435 1.59158 1.67869 1.77808 1.89297 2.0277 2.1882 2.38263 2.62209 2.92126 3.29811 3.77062 4.34624 5 
4 3.49363 3.02842 2.62564 2.28875 2.01155 1.78456 1.59829 1.44453 1.31663 1.20937 1.11869 1.04147 0.975268 0.918184 0.868723 0.825697 0.788156 0.755332 0.726601 0.701451 0.679457 0.660267 0.643585 0.629162 0.616788 0.606281 0.59749 0.590281 0.584541 0.580172 0.577089 0.575216 0.574491 0.574858 0.576267 0.578676 0.58205 0.586357 0.591569 0.597664 0.604624 0.612432 0.621077 0.630549 0.640843 0.651954 0.663884 0.676633 0.690209 0.704618 0.719872 0.735987 0.752979 0.770872 0.789691 0.809467 0.830236 0.852038 0.874923 0.898945 0.924167 0.950663 0.978517 1.00783 1.03871 1.07129 1.10572 1.14219 1.1809 1.2221 1.26608 1.31321 1.36389 1.41865 1.47811 1.54303 1.61436 1.6933 1.78133 1.88036 1.99282 2.12185 2.27149 2.44697 2.65493 2.90359 3.20243 3.56094 3.9853 4.47209 5 
4 3.57828 3.18053 2.8224 2.50997 2.24253 2.01578 1.82413 1.662 1.52436 1.40698 1.30634 1.2196 1.14448 1.07911 1.022 0.97195 0.927961 0.889225 0.855073 0.824951 0.798397 0.775021 0.754495 0.736542 0.720924 0.707439 0.695912 0.686194 0.678154 0.671681 0.666675 0.663052 0.660739 0.659669 0.659787 0.661045 0.6634 0.666814 0.671258 0.676705 0.683132 0.690522 0.69886 0.708136 0.718342 0.729475 0.741535 0.754524 0.768448 0.783318 0.799146 0.81595 0.833751 0.852574 0.87245 0.893414 0.915509 0.938781 0.963286 0.989088 1.01626 1.04489 1.07507 1.10691 1.14054 1.17612 1.21381 1.25382 1.29638 1.34177 1.39032 1.44241 1.49852 1.55918 1.62508 1.69701 1.77597 1.86317 1.9601 2.06862 2.19101 2.33012 2.48945 2.67325 2.88654 3.1349 3.42392 3.75791 4.13757 4.55681 5 
4 3.63898 3.29307 2.97349 2.68623 2.43285 2.21194 2.02051 1.85502 1.71191 1.58791 1.48015 1.3862 1.304 1.23184 1.16831 1.11222 1.0626 1.01862 0.979603 0.944975 0.91425 0.887017 0.862927 0.841681 0.823024 0.806735 0.792624 0.780527 0.7703 0.76182 0.754978 0.749679 0.74584 0.743391 0.742267 0.742415 0.743786 0.74634 0.750041 0.75486 0.760771 0.767755 0.775796 0.784881 0.795003 0.806156 0.818342 0.831562 0.845824 0.861139 0.877522 0.894992 0.913573 0.933294 0.95419 0.976299 0.999669 1.02435 1.05041 1.07792 1.10696 1.13762 1.17 1.20425 1.24048 1.27888 1.31962 1.36294 1.40907 1.45832 1.51105 1.56765 1.62861 1.69451 1.76603 1.84399 1.92936 2.02333 2.12731 2.24301 2.37249 2.51818 2.68295 2.87006 3.08308 3.32555 3.60046 3.90921 4.25025 4.61759 5 
4 3.6846 3.37932 3.09229 2.82867 2.59076 2.37866 2.19102 2.02574 1.88042 1.75266 1.64023 1.54112 1.45356 1.37604 1.30726 1.24612 1.19168 1.14314 1.09984 1.06119 1.02671 0.995969 0.968614 0.944333 0.922857 0.903955 0.887426 0.873093 0.860804 0.850425 0.841841 0.834948 0.829657 0.82589 0.823578 0.822663 0.82309 0.824817 0.827804 0.832019 0.837435 0.844028 0.851782 0.860682 0.870722 0.881895 0.894201 0.907643 0.92223 0.937974 0.95489 0.973001 0.992331 1.01291 1.03479 1.05799 1.08258 1.10861 1.13615 1.16528 1.19609 1.22867 1.26314 1.29964 1.33831 1.37934 1.42291 1.46927 1.51868 1.57144 1.62793 1.68855 1.7538 1.82425 1.90057 1.98357 2.07417 2.17349 2.2828 2.40364 2.53776 2.68717 2.85411 3.04097 3.25016 3.48377 3.74315 4.02821 4.33664 4.66327 5 
4 3.72012 3.44736 3.18772 2.94544 2.72292 2.52097 2.33923 2.17655 2.03143 1.90217 1.78708 1.68456 1.59317 1.51158 1.43866 1.3734 1.31494 1.26253 1.21552 1.17334 1.13552 1.10164 1.07133 1.04428 1.02022 0.99891 0.980137 0.963721 0.949504 0.937344 0.927119 0.918722 0.912056 0.90704 0.9036 0.901672 0.9012 0.902138 0.904443 0.90808 0.91302 0.919238 0.926717 0.935441 0.945401 0.956592 0.969013 0.982668 0.997566 1.01372 1.03115 1.04987 1.06992 1.09132 1.11412 1.13837 1.16412 1.19143 1.22037 1.25103 1.2835 1.31788 1.35431 1.39291 1.43384 1.47729 1.52346 1.5726 1.62497 1.68088 1.7407 1.80485 1.87381 1.94813 2.02847 2.11557 2.2103 2.31366 2.42679 2.55101 2.68776 2.83864 3.00535 3.18956 3.39282 3.61623 3.86016 4.12382 4.40481 4.69887 5 
4 3.74857 3.50234 3.26583 3.0425 2.83457 2.64315 2.46842 2.30989 2.16666 2.03758 1.92143 1.81698 1.72305 1.63854 1.56249 1.49399 1.43226 1.37662 1.32646 1.28124 1.2405 1.20384 1.1709 1.14136 1.11495 1.09144 1.0706 1.05226 1.03626 1.02244 1.01068 1.00087 0.992917 0.986724 0.982218 0.979333 0.978009 0.978198 0.979854 0.982941 0.987429 0.99329 1.00051 1.00906 1.01895 1.03015 1.04268 1.05654 1.07174 1.08828 1.10619 1.12549 1.14622 1.16841 1.19209 1.21732 1.24417 1.27268 1.30294 1.33503 1.36906 1.40512 1.44335 1.48389 1.5269 1.57257 1.6211 1.67273 1.72775 1.78645 1.84919 1.91638 1.98848 2.06603 2.14962 2.23996 2.33781 2.44407 2.55972 2.68585 2.82363 2.9743 3.13908 3.31912 3.51532 3.72815 3.95745 4.20211 4.45991 4.72738 5 
4 3.77186 3.54763 3.33082 3.1242 2.92978 2.74872 2.58149 2.428 2.2878 2.16014 2.04417 1.93896 1.84359 1.75716 1.67885 1.60789 1.5436 1.48534 1.43256 1.38477 1.34152 1.30244 1.26717 1.23541 1.2069 1.18139 1.15868 1.13859 1.12094 1.10559 1.09241 1.08129 1.07213 1.06483 1.05933 1.05554 1.05342 1.0529 1.05394 1.05651 1.06057 1.06609 1.07306 1.08145 1.09126 1.10249 1.11512 1.12917 1.14465 1.16156 1.17993 1.19978 1.22115 1.24407 1.26858 1.29474 1.32261 1.35225 1.38374 1.41717 1.45263 1.49025 1.53014 1.57245 1.61735 1.66502 1.71567 1.76953 1.82688 1.88801 1.95326 2.02303 2.09774 2.17791 2.26406 2.35684 2.45694 2.5651 2.68218 2.80904 2.94662 3.09584 3.25757 3.43252 3.62118 3.82362 4.03937 4.26727 4.50532 4.75072 5 
4 3.79127 3.58558 3.38565 3.19378 3.01169 2.84052 2.68087 2.53292 2.39647 2.27111 2.15624 2.0512 1.95527 1.86776 1.78796 1.71524 1.649 1.58868 1.53378 1.48385 1.43849 1.39733 1.36004 1.32634 1.29596 1.26867 1.24428 1.22258 1.20344 1.18668 1.1722 1.15987 1.14959 1.14127 1.13483 1.13021 1.12733 1.12615 1.12662 1.1287 1.13235 1.13756 1.14429 1.15253 1.16227 1.17351 1.18624 1.20047 1.21621 1.23347 1.25227 1.27264 1.29461 1.31822 1.34351 1.37053 1.39936 1.43004 1.46267 1.49733 1.53412 1.57315 1.61456 1.65849 1.70509 1.75455 1.80708 1.8629 1.92227 1.98548 2.05285 2.12476 2.20159 2.28381 2.37191 2.46644 2.56801 2.67725 2.79486 2.92153 3.05799 3.20489 3.36283 3.53223 3.71326 3.90577 4.10915 4.32226 4.54337 4.77019 5 
4 3.8077 3.6178 3.43249 3.25364 3.08274 2.92086 2.76865 2.62641 2.49415 2.37166 2.25857 2.15441 2.05865 1.97073 1.89011 1.81623 1.74859 1.68671 1.63015 1.57849 1.53138 1.48846 1.44945 1.41406 1.38204 1.35318 1.32728 1.30416 1.28366 1.26563 1.24996 1.23652 1.22521 1.21595 1.20865 1.20324 1.19967 1.19787 1.1978 1.19942 1.2027 1.2076 1.21411 1.22221 1.23189 1.24314 1.25596 1.27036 1.28634 1.30393 1.32313 1.34398 1.36651 1.39076 1.41678 1.4446 1.47431 1.50596 1.53963 1.57542 1.61342 1.65375 1.69653 1.7419 1.79002 1.84106 1.89523 1.95275 2.01385 2.07882 2.14795 2.22158 2.30008 2.38386 2.47335 2.56903 2.67142 2.78105 2.89848 3.02426 3.15891 3.30292 3.45664 3.62029 3.79386 3.97705 4.16919 4.36924 4.57569 4.78667 5 
4 3.82178 3.64549 3.47292 3.30561 3.14485 2.9916 2.84653 2.71 2.58215 2.46291 2.35207 2.24933 2.15429 2.06653 1.9856 1.91108 1.84253 1.77954 1.72172 1.66871 1.62018 1.57582 1.53535 1.49852 1.46509 1.43486 1.40763 1.38324 1.36153 1.34235 1.3256 1.31115 1.29891 1.28878 1.28069 1.27456 1.27034 1.26797 1.26741 1.2686 1.27153 1.27615 1.28246 1.29042 1.30004 1.3113 1.32421 1.33876 1.35497 1.37286 1.39244 1.41374 1.43679 1.46163 1.48831 1.51687 1.54739 1.57993 1.61456 1.65137 1.69047 1.73195 1.77596 1.82261 1.87207 1.9245 1.98009 2.03906 2.10162 2.16804 2.23859 2.31357 2.39333 2.47821 2.56861 2.66493 2.7676 2.87707 2.99376 3.11811 3.2505 3.39123 3.54052 3.69844 3.86484 4.03936 4.22134 4.4098 4.60347 4.8008 5 
4 3.83397 3.66953 3.50814 3.3511 3.19951 3.05425 2.91595 2.785 2.66162 2.54585 2.43758 2.33664 2.24274 2.15558 2.07481 2.00008 1.93103 1.86731 1.8086 1.75457 1.70493 1.65941 1.61774 1.5797 1.54507 1.51366 1.48528 1.45977 1.43698 1.41679 1.39907 1.38371 1.37061 1.3597 1.35089 1.3441 1.33929 1.33639 1.33537 1.33617 1.33877 1.34314 1.34925 1.35709 1.36665 1.37793 1.39091 1.40561 1.42203 1.44019 1.46012 1.48183 1.50536 1.53074 1.55803 1.58727 1.61853 1.65187 1.68736 1.7251 1.76518 1.8077 1.85279 1.90057 1.9512 2.00482 2.06163 2.12181 2.18557 2.25316 2.32482 2.40082 2.48147 2.56708 2.65797 2.7545 2.85702 2.96587 3.08141 3.20394 3.33374 3.47099 3.61579 3.7681 3.92771 4.09421 4.26698 4.44514 4.6276 4.81303 5 
4 3.84463 3.69058 3.53907 3.39121 3.24793 3.11003 2.97809 2.85252 2.73358 2.62137 2.51588 2.41701 2.32458 2.23836 2.1581 2.08351 2.01431 1.95021 1.89091 1.83617 1.7857 1.73927 1.69664 1.65761 1.62197 1.58955 1.56018 1.5337 1.50997 1.48888 1.4703 1.45413 1.44027 1.42865 1.41918 1.4118 1.40644 1.40307 1.40162 1.40206 1.40436 1.40849 1.41443 1.42215 1.43166 1.44294 1.456 1.47083 1.48744 1.50586 1.5261 1.54819 1.57216 1.59804 1.62588 1.65574 1.68767 1.72173 1.758 1.79656 1.83751 1.88095 1.92699 1.97575 2.02737 2.08201 2.13983 2.20101 2.26574 2.33424 2.40674 2.48347 2.56469 2.65069 2.74173 2.83811 2.94011 3.04801 3.16207 3.28252 3.40953 3.5432 3.68355 3.83045 3.98368 4.1428 4.30723 4.47619 4.64872 4.82373 5 
4 3.85402 3.70916 3.56643 3.4268 3.29106 3.15993 3.03394 2.91351 2.7989 2.69027 2.58766 2.49104 2.4003 2.3153 2.23582 2.16167 2.09261 2.02841 1.96881 1.9136 1.86255 1.81544 1.77207 1.73224 1.69579 1.66253 1.63231 1.605 1.58047 1.55859 1.53925 1.52236 1.50782 1.49556 1.48551 1.47759 1.47175 1.46793 1.4661 1.46622 1.46824 1.47215 1.47793 1.48555 1.49501 1.50629 1.51941 1.53436 1.55115 1.5698 1.59033 1.61276 1.63713 1.66346 1.69181 1.72221 1.75474 1.78945 1.82641 1.86571 1.90742 1.95166 1.99852 2.04812 2.10059 2.15608 2.21473 2.2767 2.34219 2.41137 2.48445 2.56164 2.64317 2.72927 2.82017 2.91611 3.01731 3.124 3.23636 3.35455 3.47866 3.60874 3.74474 3.8865 4.03375 4.18608 4.34294 4.50364 4.66736 4.83316 5 
4 3.86235 3.72565 3.59078 3.45855 3.32967 3.20476 3.08433 2.96876 2.85834 2.75324 2.65356 2.5593 2.47041 2.38681 2.30835 2.23487 2.16619 2.10211 2.04246 1.98701 1.9356 1.88801 1.84409 1.80365 1.76653 1.73259 1.70168 1.67367 1.64844 1.62588 1.60589 1.58837 1.57323 1.56041 1.54983 1.54143 1.53515 1.53094 1.52876 1.52858 1.53036 1.53407 1.53969 1.54722 1.55663 1.56792 1.5811 1.59616 1.61311 1.63197 1.65276 1.67549 1.70022 1.72695 1.75575 1.78665 1.81971 1.85499 1.89256 1.9325 1.97488 2.0198 2.06736 2.11767 2.17085 2.22702 2.28634 2.34893 2.41498 2.48464 2.55809 2.63551 2.71711 2.80307 2.89359 2.98886 3.08905 3.19433 3.30483 3.42065 3.54184 3.66838 3.80017 3.93705 4.07873 4.22481 4.3748 4.52808 4.68392 4.84152 5 
4 3.86978 3.74039 3.61257 3.48703 3.36439 3.24521 3.12995 3.01897 2.91256 2.81091 2.71414 2.62229 2.53536 2.4533 2.37601 2.30338 2.23527 2.17154 2.11201 2.05653 2.00493 1.95706 1.91275 1.87186 1.83424 1.79975 1.76828 1.73969 1.71388 1.69074 1.67019 1.65212 1.63647 1.62315 1.6121 1.60327 1.5966 1.59204 1.58955 1.5891 1.59066 1.59419 1.59968 1.60711 1.61648 1.62778 1.641 1.65616 1.67325 1.6923 1.71332 1.73634 1.76138 1.78847 1.81767 1.84901 1.88254 1.91832 1.95642 1.99691 2.03986 2.08537 2.13352 2.18441 2.23816 2.29489 2.35471 2.41776 2.48419 2.55415 2.62778 2.70525 2.78671 2.87234 2.96229 3.0567 3.15572 3.25946 3.368 3.4814 3.59967 3.72275 3.85053 3.9828 4.1193 4.25964 4.40337 4.54993 4.6987 4.84897 5 
4 3.87645 3.75362 3.63216 3.51268 3.39574 3.28183 3.17137 3.06471 2.96213 2.86381 2.7699 2.68047 2.59555 2.51512 2.43913 2.3675 2.30012 2.23688 2.17765 2.12229 2.07068 2.02267 1.97814 1.93694 1.89895 1.86405 1.83213 1.80307 1.77678 1.75316 1.73213 1.7136 1.69749 1.68375 1.6723 1.66309 1.65607 1.6512 1.64844 1.64774 1.6491 1.65247 1.65784 1.66519 1.67452 1.68582 1.69909 1.71433 1.73155 1.75076 1.77199 1.79525 1.82057 1.84799 1.87753 1.90925 1.94319 1.97941 2.01797 2.05893 2.10236 2.14835 2.19698 2.24835 2.30255 2.3597 2.41989 2.48326 2.54992 2.62001 2.69367 2.77101 2.85218 2.93732 3.02654 3.11996 3.21768 3.31979 3.42632 3.5373 3.6527 3.77244 3.89638 4.02433 4.15601 4.29107 4.42909 4.56958 4.71197 4.85566 5 
4 3.88245 3.76554 3.64984 3.53587 3.42414 3.31508 3.20909 3.10648 3.00752 2.91241 2.82129 2.73426 2.65138 2.57264 2.49802 2.42748 2.36095 2.29833 2.23954 2.18445 2.13296 2.08495 2.04032 1.99894 1.9607 1.92551 1.89325 1.86382 1.83715 1.81314 1.79171 1.77278 1.75629 1.74218 1.73038 1.72085 1.71353 1.70838 1.70537 1.70447 1.70564 1.70887 1.71413 1.72141 1.7307 1.742 1.75531 1.77062 1.78795 1.80731 1.82872 1.8522 1.87776 1.90545 1.9353 1.96735 2.00165 2.03823 2.07718 2.11853 2.16237 2.20876 2.25778 2.30951 2.36406 2.4215 2.48195 2.5455 2.61227 2.68236 2.75589 2.83298 2.91372 2.99824 3.08661 3.17894 3.27529 3.3757 3.4802 3.58878 3.70138 3.81792 3.93823 4.06213 4.18934 4.31954 4.45234 4.5873 4.72393 4.86168 5 
4 3.88788 3.77634 3.66585 3.55691 3.44995 3.34537 3.24352 3.1447 3.04917 2.95712 2.86871 2.78403 2.70317 2.62615 2.55296 2.48359 2.418 2.35611 2.29785 2.24314 2.19189 2.144 2.09938 2.05793 2.01956 1.98416 1.95166 1.92197 1.895 1.87067 1.84892 1.82967 1.81286 1.79843 1.78633 1.77652 1.76894 1.76355 1.76033 1.75924 1.76025 1.76335 1.76851 1.77573 1.78499 1.79629 1.80963 1.825 1.84243 1.86192 1.88348 1.90714 1.93292 1.96085 1.99096 2.02329 2.05788 2.09478 2.13405 2.17573 2.21988 2.26659 2.31591 2.36792 2.42271 2.48035 2.54094 2.60457 2.67132 2.7413 2.8146 2.89131 2.97152 3.05531 3.14276 3.23392 3.32884 3.42754 3.53002 3.63624 3.74615 3.85962 3.9765 4.09661 4.21967 4.34539 4.47342 4.60335 4.73474 4.86713 5 
4 3.89281 3.78613 3.68041 3.57606 3.47348 3.37302 3.27502 3.17975 3.08744 2.99831 2.91249 2.83011 2.75124 2.67594 2.60421 2.53606 2.47147 2.41038 2.35275 2.29851 2.24759 2.19992 2.15541 2.11399 2.07557 2.04007 2.00742 1.97753 1.95034 1.92577 1.90376 1.88425 1.86718 1.85249 1.84014 1.83009 1.82228 1.81669 1.81328 1.81203 1.8129 1.81589 1.82097 1.82812 1.83735 1.84865 1.86201 1.87744 1.89495 1.91454 1.93624 1.96006 1.98602 2.01415 2.04448 2.07705 2.11189 2.14904 2.18857 2.23051 2.27492 2.32187 2.37141 2.42362 2.47856 2.53631 2.59695 2.66055 2.7272 2.79696 2.86993 2.94617 3.02576 3.10875 3.1952 3.28515 3.37862 3.47561 3.57609 3.68003 3.78734 3.8979 4.01156 4.12812 4.24734 4.36893 4.49258 4.61792 4.74455 4.87206 5 
4 3.8973 3.79506 3.69367 3.59352 3.49496 3.39831 3.30388 3.21192 3.12266 3.03629 2.95296 2.87279 2.79588 2.72227 2.65201 2.58511 2.52155 2.46133 2.40439 2.35069 2.30019 2.25281 2.2085 2.16719 2.1288 2.09328 2.06054 2.03054 2.00319 1.97845 1.95624 1.93653 1.91924 1.90435 1.89179 1.88154 1.87354 1.86778 1.86421 1.86282 1.86357 1.86646 1.87146 1.87856 1.88776 1.89905 1.91243 1.92791 1.94548 1.96517 1.98698 2.01093 2.03704 2.06534 2.09585 2.12861 2.16365 2.20101 2.24074 2.28289 2.32749 2.37461 2.4243 2.47663 2.53165 2.58943 2.65003 2.71353 2.77998 2.84946 2.92202 2.99772 3.07662 3.15876 3.24418 3.33288 3.42489 3.52019 3.61873 3.72046 3.82529 3.93309 4.04372 4.15697 4.27262 4.39041 4.51004 4.63118 4.75348 4.87655 5 
4 3.90139 3.8032 3.70578 3.60948 3.51462 3.42149 3.33037 3.2415 3.1551 3.07134 2.99038 2.91235 2.83733 2.76539 2.69659 2.63094 2.56845 2.50912 2.45292 2.39983 2.3498 2.30278 2.25873 2.2176 2.17931 2.14383 2.11108 2.08102 2.05358 2.02872 2.00638 1.98651 1.96906 1.954 1.94128 1.93086 1.92271 1.91679 1.91309 1.91158 1.91223 1.91503 1.91996 1.92702 1.93619 1.94748 1.96087 1.97638 1.99401 2.01377 2.03567 2.05973 2.08596 2.1144 2.14505 2.17797 2.21317 2.25069 2.29058 2.33287 2.37761 2.42484 2.47462 2.527 2.58203 2.63977 2.70027 2.76359 2.82979 2.8989 2.97099 3.0461 3.12427 3.20552 3.28987 3.37733 3.4679 3.56153 3.65819 3.7578 3.86027 3.96546 4.07324 4.18341 4.29576 4.41004 4.52598 4.64328 4.76161 4.88064 5 
4 3.90512 3.81064 3.71686 3.62409 3.53263 3.44275 3.35471 3.26872 3.18499 3.1037 3.025 2.949 2.87581 2.8055 2.73813 2.67373 2.61232 2.55391 2.49849 2.44603 2.39652 2.34992 2.30619 2.26529 2.22717 2.19178 2.15908 2.12902 2.10155 2.07662 2.05418 2.0342 2.01664 2.00145 1.98859 1.97804 1.96976 1.96373 1.95992 1.9583 1.95886 1.96159 1.96646 1.97348 1.98262 1.9939 2.0073 2.02284 2.04051 2.06033 2.0823 2.10644 2.13277 2.16132 2.19209 2.22512 2.26044 2.29808 2.33808 2.38047 2.42529 2.47259 2.5224 2.57478 2.62976 2.6874 2.74774 2.81082 2.8767 2.94541 3.01698 3.09146 3.16886 3.2492 3.33248 3.4187 3.50784 3.59986 3.6947 3.79228 3.89251 3.99526 4.10037 4.20767 4.31696 4.42801 4.54055 4.65433 4.76903 4.88436 5 
4 3.90855 3.81745 3.727 3.63748 3.54916 3.46228 3.37709 3.29378 3.21256 3.1336 3.05702 2.98297 2.91154 2.8428 2.77683 2.71366 2.65333 2.59585 2.54122 2.48944 2.44048 2.39433 2.35097 2.31034 2.27243 2.23719 2.20459 2.17457 2.14711 2.12215 2.09967 2.07963 2.06198 2.04669 2.03374 2.02308 2.01471 2.00857 2.00467 2.00297 2.00346 2.00612 2.01094 2.01792 2.02704 2.0383 2.05171 2.06726 2.08497 2.10483 2.12685 2.15106 2.17747 2.20609 2.23695 2.27007 2.30547 2.34319 2.38326 2.42571 2.47057 2.51788 2.56767 2.61999 2.67488 2.73237 2.7925 2.85531 2.92082 2.98908 3.0601 3.13392 3.21053 3.28995 3.37217 3.45717 3.54492 3.63538 3.72848 3.82413 3.92224 4.02268 4.12531 4.22994 4.3364 4.44446 4.55388 4.66443 4.77582 4.88777 5 
4 3.91168 3.82369 3.7363 3.64977 3.56434 3.48023 3.39768 3.31687 3.238 3.16121 3.08665 3.01444 2.94469 2.87747 2.81286 2.7509 2.69163 2.63507 2.58124 2.53015 2.48177 2.43611 2.39313 2.35283 2.31516 2.28011 2.24764 2.21771 2.1903 2.16536 2.14287 2.12279 2.10509 2.08974 2.07672 2.06599 2.05753 2.05132 2.04734 2.04557 2.046 2.0486 2.05338 2.06032 2.06942 2.08068 2.09408 2.10965 2.12737 2.14726 2.16932 2.19358 2.22004 2.24871 2.27963 2.3128 2.34826 2.38603 2.42613 2.46859 2.51345 2.56074 2.61047 2.6627 2.71745 2.77475 2.83463 2.89712 2.96224 3.03002 3.10047 3.1736 3.24942 3.32792 3.40909 3.4929 3.57931 3.66827 3.7597 3.85353 3.94965 4.04793 4.14823 4.25039 4.35422 4.45953 4.56609 4.67367 4.78202 4.89089 5 
4 3.91455 3.82942 3.74484 3.66105 3.57827 3.49673 3.41662 3.33814 3.26145 3.1867 3.11404 3.04358 2.97542 2.90966 2.84635 2.78557 2.72734 2.6717 2.61868 2.56827 2.52049 2.47533 2.43277 2.39281 2.35543 2.32059 2.28829 2.25848 2.23115 2.20626 2.18379 2.1637 2.14599 2.1306 2.11753 2.10675 2.09824 2.09197 2.08793 2.08611 2.08648 2.08904 2.09378 2.10069 2.10977 2.121 2.1344 2.14997 2.1677 2.18761 2.2097 2.23398 2.26047 2.28918 2.32013 2.35334 2.38882 2.4266 2.4667 2.50915 2.55398 2.6012 2.65084 2.70294 2.75752 2.81459 2.87419 2.93633 3.00104 3.06832 3.13818 3.21063 3.28566 3.36325 3.44339 3.52604 3.61116 3.69868 3.78854 3.88064 3.97489 4.07115 4.16929 4.26915 4.37056 4.47333 4.57726 4.68212 4.78769 4.89373 5 
4 3.91719 3.83466 3.75266 3.67139 3.59107 3.51189 3.43405 3.35772 3.28307 3.21023 3.13935 3.07054 3.0039 2.93952 2.87747 2.81781 2.76059 2.70586 2.65362 2.60391 2.55673 2.51208 2.46996 2.43036 2.39328 2.35869 2.32657 2.29691 2.26969 2.24488 2.22245 2.2024 2.18468 2.16929 2.15619 2.14538 2.13683 2.13051 2.12643 2.12456 2.12489 2.12742 2.13212 2.139 2.14806 2.15928 2.17267 2.18823 2.20596 2.22587 2.24797 2.27227 2.29877 2.3275 2.35846 2.39167 2.42715 2.46492 2.505 2.54741 2.59217 2.6393 2.68882 2.74076 2.79513 2.85195 2.91125 2.97303 3.0373 3.10406 3.17333 3.2451 3.31935 3.39606 3.4752 3.55674 3.64062 3.72678 3.81514 3.90562 3.99811 4.09249 4.18862 4.28636 4.38554 4.48598 4.58748 4.68986 4.79288 4.89634 5 
4 3.9196 3.83948 3.75984 3.68089 3.60282 3.52582 3.45007 3.37574 3.30297 3.23192 3.1627 3.09544 3.03023 2.96717 2.90631 2.84774 2.79151 2.73764 2.68618 2.63715 2.59057 2.54644 2.50476 2.46554 2.42877 2.39445 2.36254 2.33305 2.30596 2.28125 2.25889 2.23888 2.22119 2.20581 2.19271 2.18188 2.1733 2.16696 2.16284 2.16094 2.16124 2.16373 2.1684 2.17526 2.18429 2.19549 2.20886 2.22441 2.24214 2.26205 2.28414 2.30844 2.33494 2.36366 2.39461 2.42781 2.46327 2.501 2.54103 2.58337 2.62804 2.67506 2.72443 2.77619 2.83034 2.88689 2.94587 3.00726 3.07109 3.13734 3.20602 3.27711 3.3506 3.42645 3.50463 3.5851 3.6678 3.75267 3.83963 3.92859 4.01944 4.11207 4.20635 4.30212 4.39924 4.49754 4.59683 4.69692 4.79762 4.89871 5 
4 3.92181 3.84388 3.76641 3.68959 3.61359 3.5386 3.46478 3.39229 3.32128 3.25189 3.18423 3.11841 3.05455 2.99273 2.93301 2.87548 2.82018 2.76715 2.71645 2.66809 2.62209 2.57847 2.53725 2.49841 2.46197 2.42792 2.39624 2.36694 2.33999 2.31539 2.29313 2.27318 2.25553 2.24017 2.22708 2.21625 2.20766 2.20131 2.19717 2.19524 2.19551 2.19797 2.20262 2.20945 2.21846 2.22964 2.24299 2.25852 2.27623 2.29613 2.31821 2.34249 2.36898 2.39768 2.4286 2.46177 2.49718 2.53486 2.57482 2.61707 2.66163 2.70851 2.75772 2.80928 2.86319 2.91946 2.9781 3.03911 3.10249 3.16823 3.23633 3.30676 3.3795 3.45452 3.53179 3.61124 3.69283 3.77649 3.86213 3.94967 4.039 4.13001 4.22257 4.31654 4.41177 4.5081 4.60535 4.70336 4.80194 4.90088 5 
4 3.92383 3.84791 3.77242 3.69755 3.62345 3.5503 3.47826 3.40748 3.33809 3.27023 3.20402 3.13956 3.07696 3.0163 2.95766 2.90111 2.8467 2.79449 2.74451 2.69679 2.65137 2.60826 2.56748 2.52903 2.49292 2.45914 2.42771 2.3986 2.37182 2.34735 2.32518 2.30531 2.28772 2.27239 2.25933 2.24851 2.23992 2.23356 2.22941 2.22746 2.22771 2.23015 2.23477 2.24157 2.25056 2.26171 2.27504 2.29055 2.30824 2.32811 2.35017 2.37442 2.40088 2.42955 2.46043 2.49355 2.5289 2.56651 2.60639 2.64853 2.69296 2.73969 2.78872 2.84006 2.89372 2.9497 3.008 3.06862 3.13156 3.1968 3.26433 3.33412 3.40615 3.48038 3.55677 3.63526 3.71581 3.79833 3.88274 3.96896 4.05688 4.14639 4.23737 4.32968 4.42318 4.51771 4.61312 4.70923 4.80587 4.90285 5 
4 3.92567 3.85159 3.77791 3.70482 3.63246 3.561 3.49059 3.42137 3.35348 3.28704 3.22217 3.15897 3.09754 3.03797 2.98034 2.92472 2.87116 2.81971 2.77043 2.72334 2.67848 2.63586 2.59551 2.55744 2.52166 2.48817 2.45698 2.42807 2.40146 2.37713 2.35507 2.33529 2.31776 2.30249 2.28946 2.27866 2.27008 2.26372 2.25956 2.2576 2.25783 2.26025 2.26485 2.27163 2.28059 2.29172 2.30502 2.3205 2.33816 2.358 2.38002 2.40424 2.43066 2.45928 2.49011 2.52316 2.55845 2.59597 2.63574 2.67776 2.72205 2.76861 2.81745 2.86857 2.92197 2.97766 3.03562 3.09586 3.15836 3.22311 3.29009 3.35926 3.43061 3.50409 3.57966 3.65725 3.73682 3.81828 3.90155 3.98655 4.07317 4.16131 4.25084 4.34163 4.43355 4.52644 4.62016 4.71455 4.80943 4.90464 5 
4 3.92735 3.85493 3.78291 3.71143 3.64066 3.57075 3.50183 3.43405 3.36753 3.30239 3.23876 3.17672 3.11639 3.05784 3.00115 2.94639 2.89363 2.84291 2.79429 2.7478 2.70347 2.66133 2.6214 2.58371 2.54825 2.51504 2.48409 2.45539 2.42895 2.40477 2.38283 2.36314 2.34569 2.33048 2.31748 2.30671 2.29815 2.29179 2.28763 2.28567 2.28589 2.28829 2.29287 2.29962 2.30855 2.31965 2.33292 2.34837 2.36599 2.38579 2.40778 2.43195 2.45831 2.48687 2.51764 2.55062 2.58582 2.62324 2.6629 2.70479 2.74893 2.79532 2.84396 2.89485 2.94799 3.00338 3.06101 3.12087 3.18295 3.24722 3.31367 3.38226 3.45297 3.52574 3.60053 3.67729 3.75594 3.83642 3.91864 4.00252 4.08795 4.17483 4.26303 4.35245 4.44293 4.53434 4.62653 4.71936 4.81265 4.90625 5 
4 3.92887 3.85797 3.78744 3.71744 3.64811 3.5796 3.51204 3.44556 3.3803 3.31636 3.25386 3.1929 3.13357 3.07596 3.02015 2.9662 2.91419 2.86415 2.81615 2.77022 2.7264 2.68472 2.6452 2.60786 2.57272 2.53979 2.50908 2.48059 2.45432 2.43029 2.40847 2.38889 2.37152 2.35636 2.34342 2.33268 2.32414 2.31779 2.31364 2.31166 2.31187 2.31426 2.31881 2.32554 2.33444 2.34551 2.35875 2.37416 2.39174 2.41149 2.43343 2.45754 2.48385 2.51234 2.54303 2.57593 2.61103 2.64835 2.68788 2.72964 2.77362 2.81983 2.86826 2.91892 2.9718 3.0269 3.0842 3.1437 3.20536 3.26919 3.33513 3.40318 3.47327 3.54538 3.61946 3.69543 3.77324 3.85282 3.93408 4.01693 4.10128 4.18701 4.27402 4.36218 4.45137 4.54144 4.63226 4.72368 4.81554 4.9077 5 
4 3.93024 3.8607 3.79153 3.72286 3.65483 3.58759 3.52126 3.45598 3.39185 3.32901 3.26754 3.20756 3.14916 3.09241 3.03741 2.98421 2.93289 2.88349 2.83607 2.79067 2.74733 2.70608 2.66695 2.62995 2.59512 2.56246 2.53198 2.50369 2.4776 2.45371 2.43202 2.41254 2.39525 2.38016 2.36727 2.35657 2.34805 2.34172 2.33757 2.3356 2.33579 2.33816 2.3427 2.3494 2.35827 2.3693 2.3825 2.39787 2.4154 2.4351 2.45698 2.48104 2.50727 2.53569 2.5663 2.5991 2.6341 2.6713 2.7107 2.75231 2.79613 2.84216 2.89039 2.94082 2.99344 3.04826 3.10524 3.16438 3.22566 3.28905 3.35453 3.42205 3.49159 3.56308 3.63649 3.71175 3.78879 3.86755 3.94793 4.02985 4.11322 4.19792 4.28385 4.37089 4.45891 4.54778 4.63737 4.72754 4.81813 4.909 5 
4 3.93147 3.86316 3.79519 3.72772 3.66086 3.59476 3.52955 3.46533 3.40224 3.34038 3.27986 3.22077 3.1632 3.10725 3.05298 3.00047 2.94978 2.90097 2.85409 2.80919 2.7663 2.72545 2.68669 2.65002 2.61548 2.58307 2.55282 2.52473 2.49881 2.47506 2.4535 2.43411 2.41691 2.40189 2.38905 2.37839 2.3699 2.36359 2.35944 2.35747 2.35765 2.36001 2.36452 2.3712 2.38003 2.39103 2.40418 2.4195 2.43698 2.45663 2.47844 2.50243 2.52859 2.55692 2.58744 2.62014 2.65503 2.69211 2.73138 2.77284 2.81649 2.86233 2.91036 2.96057 3.01294 3.06748 3.12416 3.18296 3.24387 3.30686 3.3719 3.43894 3.50796 3.57889 3.65169 3.7263 3.80264 3.88065 3.96024 4.04133 4.12381 4.2076 4.29256 4.3786 4.46559 4.5534 4.6419 4.73095 4.82041 4.91014 5 
4 3.93257 3.86534 3.79846 3.73204 3.66623 3.60115 3.53692 3.47367 3.4115 3.35052 3.29084 3.23256 3.17575 3.12051 3.06692 3.01503 2.96493 2.91666 2.87027 2.82582 2.78334 2.74288 2.70445 2.66809 2.63382 2.60166 2.57162 2.54372 2.51796 2.49436 2.47292 2.45363 2.43652 2.42156 2.40877 2.39815 2.38969 2.3834 2.37926 2.37728 2.37746 2.3798 2.38429 2.39093 2.39973 2.41069 2.4238 2.43906 2.45649 2.47607 2.49782 2.52173 2.5478 2.57605 2.60647 2.63907 2.67384 2.71079 2.74992 2.79123 2.83472 2.88038 2.9282 2.97819 3.03032 3.08459 3.14098 3.19947 3.26004 3.32265 3.38728 3.45388 3.52242 3.59284 3.6651 3.73911 3.81483 3.89218 3.97107 4.05141 4.13312 4.21608 4.3002 4.38536 4.47144 4.55831 4.64586 4.73393 4.82241 4.91114 5 
4 3.93353 3.86727 3.80133 3.73586 3.67096 3.60678 3.54343 3.48102 3.41967 3.35948 3.30055 3.24298 3.18685 3.13225 3.07926 3.02794 2.97836 2.93058 2.88464 2.84061 2.79851 2.75839 2.72028 2.6842 2.65019 2.61825 2.58842 2.56069 2.53509 2.51163 2.4903 2.47111 2.45407 2.43919 2.42645 2.41587 2.40744 2.40116 2.39703 2.39505 2.39522 2.39754 2.402 2.40861 2.41738 2.42829 2.44135 2.45655 2.47392 2.49343 2.5151 2.53893 2.56492 2.59308 2.6234 2.65588 2.69054 2.72736 2.76635 2.8075 2.85082 2.8963 2.94393 2.9937 3.0456 3.09962 3.15574 3.21393 3.27418 3.33645 3.40071 3.46691 3.53502 3.60498 3.67675 3.75024 3.82541 3.90216 3.98043 4.06013 4.14115 4.22341 4.30679 4.39119 4.47648 4.56255 4.64927 4.7365 4.82413 4.91201 5 
4 3.93437 3.86894 3.80383 3.73917 3.67508 3.61168 3.54909 3.48742 3.42678 3.36728 3.30901 3.25207 3.19654 3.14251 3.09005 3.03923 2.99011 2.94277 2.89724 2.85357 2.81182 2.77202 2.73419 2.69838 2.6646 2.63287 2.60323 2.57567 2.55021 2.52687 2.50565 2.48656 2.4696 2.45478 2.44209 2.43155 2.42314 2.41688 2.41276 2.41077 2.41093 2.41323 2.41767 2.42425 2.43297 2.44383 2.45683 2.47198 2.48928 2.50872 2.53031 2.55406 2.57996 2.60801 2.63822 2.67059 2.70512 2.74181 2.78066 2.82166 2.86482 2.91012 2.95756 3.00712 3.05881 3.11259 3.16845 3.22638 3.28633 3.34829 3.41221 3.47806 3.54578 3.61534 3.68667 3.75971 3.83439 3.91064 3.98838 4.06751 4.14796 4.22961 4.31236 4.39611 4.48074 4.56612 4.65214 4.73867 4.82558 4.91273 5 
4 3.93509 3.87036 3.80596 3.74199 3.67859 3.61586 3.55392 3.49289 3.43287 3.37396 3.31626 3.25986 3.20484 3.1513 3.09931 3.04892 3.00022 2.95326 2.90809 2.86476 2.82331 2.78379 2.74622 2.71064 2.67707 2.64554 2.61607 2.58866 2.56334 2.54012 2.519 2.5 2.48311 2.46835 2.45571 2.4452 2.43682 2.43057 2.42645 2.42446 2.4246 2.42688 2.43129 2.43783 2.44651 2.45732 2.47027 2.48535 2.50257 2.52194 2.54345 2.5671 2.5929 2.62085 2.65095 2.68321 2.71761 2.75417 2.79287 2.83372 2.87671 2.92184 2.9691 3.01847 3.06995 3.12351 3.17914 3.23681 3.29651 3.35818 3.42181 3.48734 3.55473 3.62394 3.6949 3.76755 3.84182 3.91764 3.99493 4.07359 4.15355 4.2347 4.31693 4.40014 4.48422 4.56904 4.65449 4.74044 4.82676 4.91333 5 
4 3.93568 3.87155 3.80773 3.74435 3.68151 3.61934 3.55795 3.49745 3.43794 3.37953 3.3223 3.26636 3.21179 3.15867 3.10707 3.05706 3.00871 2.96208 2.91722 2.87417 2.833 2.79372 2.75638 2.72101 2.68763 2.65627 2.62695 2.59969 2.57449 2.55138 2.53036 2.51143 2.49461 2.4799 2.46731 2.45683 2.44847 2.44223 2.43811 2.43612 2.43625 2.4385 2.44288 2.44938 2.45801 2.46876 2.48165 2.49666 2.51381 2.53309 2.55451 2.57807 2.60377 2.63161 2.6616 2.69373 2.72801 2.76443 2.80299 2.84369 2.88652 2.93149 2.97857 3.02776 3.07904 3.1324 3.18782 3.24526 3.30472 3.36615 3.42951 3.49478 3.56189 3.63079 3.70144 3.77377 3.8477 3.92317 4.00009 4.07838 4.15795 4.2387 4.32052 4.40331 4.48695 4.57133 4.65633 4.74183 4.82769 4.91379 5 
4 3.93616 3.8725 3.80915 3.74623 3.68385 3.62213 3.56118 3.50111 3.44202 3.38401 3.32717 3.27161 3.2174 3.16462 3.11334 3.06365 3.01559 2.96924 2.92464 2.88185 2.8409 2.80183 2.76469 2.7295 2.69629 2.66509 2.6359 2.60876 2.58368 2.56066 2.53972 2.52087 2.50411 2.48946 2.4769 2.46645 2.45811 2.45188 2.44776 2.44575 2.44586 2.44809 2.45243 2.45889 2.46746 2.47816 2.49098 2.50592 2.52299 2.54219 2.56351 2.58697 2.61257 2.6403 2.67016 2.70217 2.73632 2.7726 2.81102 2.85157 2.89425 2.93905 2.98597 3.03498 3.08609 3.13926 3.19449 3.25174 3.31099 3.3722 3.43535 3.50038 3.56726 3.63592 3.70632 3.77839 3.85206 3.92725 4.00389 4.0819 4.16117 4.24161 4.32313 4.4056 4.48893 4.57299 4.65766 4.74282 4.82835 4.91412 5 
4 3.93652 3.87322 3.81022 3.74765 3.68562 3.62424 3.56363 3.50388 3.44511 3.38741 3.33088 3.27561 3.22167 3.16917 3.11815 3.06871 3.02089 2.97476 2.93038 2.88779 2.84703 2.80814 2.77117 2.73613 2.70307 2.67199 2.64293 2.6159 2.59091 2.56798 2.54712 2.52833 2.51163 2.49701 2.48449 2.47407 2.46574 2.45951 2.45539 2.45337 2.45346 2.45565 2.45996 2.46637 2.47489 2.48552 2.49827 2.51314 2.53012 2.54922 2.57045 2.59381 2.61929 2.6469 2.67665 2.70853 2.74254 2.77869 2.81697 2.85737 2.8999 2.94455 2.99131 3.04016 3.0911 3.14411 3.19916 3.25624 3.31531 3.37635 3.43931 3.50416 3.57085 3.63933 3.70954 3.78141 3.85489 3.92989 4.00633 4.08414 4.16321 4.24346 4.32477 4.40704 4.49016 4.57402 4.65848 4.74344 4.82877 4.91433 5 
4 3.93676 3.8737 3.81095 3.74862 3.68682 3.62568 3.56529 3.50577 3.44722 3.38974 3.33343 3.27836 3.22464 3.17233 3.12151 3.07225 3.02461 2.97866 2.93444 2.892 2.85139 2.81265 2.77581 2.74091 2.70796 2.677 2.64804 2.6211 2.59619 2.57334 2.55254 2.53381 2.51716 2.50258 2.49009 2.47968 2.47137 2.46515 2.46102 2.45898 2.45904 2.4612 2.46546 2.47182 2.48028 2.49085 2.50353 2.51831 2.5352 2.55421 2.57534 2.59858 2.62395 2.65144 2.68106 2.71281 2.74669 2.7827 2.82083 2.8611 2.90348 2.94798 2.99459 3.04329 3.09408 3.14693 3.20184 3.25877 3.31769 3.37859 3.44141 3.50612 3.57267 3.64102 3.71109 3.78285 3.8562 3.93108 4.00742 4.08511 4.16408 4.24422 4.32544 4.40762 4.49065 4.57442 4.6588 4.74368 4.82892 4.91441 5 
4 3.93689 3.87396 3.81133 3.74913 3.68746 3.62644 3.56618 3.50679 3.44837 3.39101 3.33482 3.27989 3.22629 3.1741 3.12341 3.07427 3.02676 2.98092 2.93682 2.8945 2.85401 2.81538 2.77864 2.74383 2.71098 2.68011 2.65123 2.62437 2.59954 2.57675 2.55601 2.53733 2.52071 2.50617 2.4937 2.48331 2.47501 2.46878 2.46464 2.46259 2.46262 2.46474 2.46895 2.47526 2.48366 2.49415 2.50675 2.52144 2.53824 2.55715 2.57817 2.6013 2.62655 2.65391 2.6834 2.71502 2.74876 2.78463 2.82262 2.86274 2.90498 2.94934 2.9958 3.04437 3.09502 3.14774 3.20252 3.25932 3.31813 3.37891 3.44163 3.50625 3.57271 3.64098 3.71099 3.78268 3.85599 3.93083 4.00713 4.08481 4.16377 4.24391 4.32514 4.40734 4.49039 4.57419 4.65861 4.74353 4.82882 4.91436 5 
4 3.9369 3.87398 3.81137 3.74918 3.68753 3.62653 3.56629 3.50692 3.44853 3.39121 3.33506 3.28017 3.22662 3.17449 3.12385 3.07478 3.02733 2.98156 2.93753 2.89529 2.85486 2.81631 2.77965 2.74491 2.71213 2.68133 2.65252 2.62572 2.60095 2.57821 2.55752 2.53888 2.5223 2.50778 2.49534 2.48496 2.47665 2.47042 2.46627 2.46419 2.46419 2.46628 2.47044 2.47668 2.48502 2.49544 2.50794 2.52255 2.53925 2.55805 2.57895 2.60196 2.62708 2.65432 2.68368 2.71515 2.74875 2.78448 2.82233 2.86231 2.90441 2.94863 2.99496 3.0434 3.09392 3.14653 3.2012 3.2579 3.31662 3.37732 3.43997 3.50454 3.57096 3.63921 3.70921 3.78091 3.85424 3.92912 4.00548 4.08323 4.16227 4.24252 4.32386 4.40618 4.48938 4.57333 4.65791 4.743 4.82847 4.91418 5 
4 3.9368 3.87377 3.81106 3.74877 3.68702 3.62593 3.56561 3.50617 3.44771 3.39034 3.33414 3.27921 3.22563 3.17348 3.12283 3.07376 3.02632 2.98057 2.93656 2.89435 2.85396 2.81545 2.77883 2.74415 2.71141 2.68066 2.6519 2.62515 2.60042 2.57773 2.55708 2.53847 2.52192 2.50743 2.49499 2.48462 2.47632 2.47008 2.46591 2.46381 2.46377 2.46581 2.46992 2.4761 2.48436 2.4947 2.50712 2.52163 2.53822 2.5569 2.57769 2.60057 2.62556 2.65266 2.68188 2.71321 2.74667 2.78225 2.81996 2.8598 2.90176 2.94584 2.99205 3.04036 3.09078 3.14328 3.19786 3.25449 3.31314 3.3738 3.43642 3.50098 3.56741 3.63569 3.70574 3.77751 3.85093 3.92593 4.00243 4.08034 4.15957 4.24002 4.32158 4.40415 4.48761 4.57183 4.6567 4.74208 4.82785 4.91386 5 
4 3.93657 3.87333 3.8104 3.74789 3.68594 3.62465 3.56414 3.50452 3.4459 3.38838 3.33204 3.27699 3.2233 3.17106 3.12034 3.07121 3.02372 2.97794 2.93391 2.89168 2.8513 2.81279 2.77619 2.74152 2.70882 2.6781 2.64937 2.62266 2.59796 2.5753 2.55468 2.53611 2.51958 2.5051 2.49268 2.48232 2.47401 2.46776 2.46357 2.46144 2.46137 2.46336 2.46741 2.47352 2.48171 2.49196 2.50428 2.51868 2.53516 2.55373 2.57439 2.59714 2.62199 2.64895 2.67802 2.7092 2.74251 2.77794 2.8155 2.8552 2.89702 2.94097 2.98705 3.03525 3.08557 3.13799 3.19249 3.24906 3.30769 3.36833 3.43096 3.49554 3.56204 3.63039 3.70055 3.77246 3.84606 3.92125 3.99798 4.07614 4.15565 4.2364 4.3183 4.40122 4.48505 4.56967 4.65495 4.74076 4.82696 4.91342 5 
4 3.93623 3.87264 3.80937 3.74654 3.68426 3.62266 3.56186 3.50196 3.44308 3.38531 3.32875 3.2735 3.21963 3.16722 3.11636 3.0671 3.01951 2.97364 2.92955 2.88727 2.84685 2.80832 2.77171 2.73704 2.70435 2.67364 2.64493 2.61824 2.59357 2.57094 2.55034 2.53178 2.51528 2.50082 2.4884 2.47804 2.46973 2.46347 2.45925 2.45709 2.45698 2.45892 2.46291 2.46895 2.47705 2.48721 2.49944 2.51373 2.53009 2.54853 2.56905 2.59166 2.61636 2.64317 2.67209 2.70312 2.73627 2.77155 2.80896 2.8485 2.89019 2.93401 2.97997 3.02806 3.07829 3.13063 3.18508 3.24162 3.30023 3.36088 3.42356 3.48821 3.55481 3.6233 3.69363 3.76574 3.83957 3.91504 3.99208 4.07059 4.15047 4.23164 4.31398 4.39737 4.4817 4.56684 4.65266 4.73902 4.82579 4.91283 5 
4 3.93576 3.87171 3.80798 3.7447 3.68198 3.61996 3.55875 3.49847 3.43923 3.38112 3.32425 3.2687 3.21457 3.16194 3.11086 3.06143 3.01368 2.96768 2.92347 2.8811 2.84061 2.80202 2.76538 2.73069 2.69798 2.66727 2.63857 2.61189 2.58724 2.56462 2.54404 2.52551 2.50902 2.49457 2.48216 2.4718 2.46348 2.4572 2.45297 2.45077 2.45061 2.4525 2.45642 2.46239 2.47041 2.48047 2.49259 2.50676 2.523 2.5413 2.56168 2.58414 2.60869 2.63534 2.66409 2.69496 2.72795 2.76306 2.80032 2.83971 2.88125 2.92494 2.97078 3.01877 3.06891 3.12119 3.17559 3.23212 3.29074 3.35144 3.41419 3.47895 3.5457 3.61437 3.68493 3.75731 3.83145 3.90727 3.9847 4.06365 4.14401 4.2257 4.30859 4.39257 4.47752 4.56331 4.64981 4.73687 4.82435 4.91211 5 
4 3.93517 3.87053 3.80621 3.74235 3.67908 3.61652 3.5548 3.49403 3.43432 3.37578 3.3185 3.26259 3.20812 3.15517 3.10383 3.05415 3.00619 2.96001 2.91565 2.87315 2.83255 2.79389 2.75718 2.72245 2.68971 2.65899 2.63028 2.6036 2.57896 2.55636 2.5358 2.51728 2.5008 2.48636 2.47396 2.4636 2.45527 2.44898 2.44472 2.44249 2.44229 2.44411 2.44797 2.45386 2.46178 2.47174 2.48375 2.49779 2.51389 2.53205 2.55228 2.57458 2.59897 2.62545 2.65403 2.68472 2.71754 2.75248 2.78957 2.82881 2.8702 2.91375 2.95947 3.00736 3.05742 3.10964 3.16401 3.22054 3.27919 3.33996 3.40281 3.46772 3.53466 3.60357 3.67441 3.74712 3.82164 3.8979 3.97581 4.05529 4.13623 4.21854 4.3021 4.3868 4.4725 4.55907 4.64638 4.73427 4.82261 4.91124 5 
4 3.93444 3.86908 3.80405 3.73949 3.67554 3.61232 3.54997 3.4886 3.42832 3.36925 3.31148 3.25511 3.20022 3.1469 3.09522 3.04523 2.99701 2.9506 2.90605 2.86339 2.82266 2.78389 2.7471 2.7123 2.67952 2.64877 2.62005 2.59337 2.56873 2.54614 2.52559 2.50709 2.49062 2.4762 2.46381 2.45345 2.44511 2.4388 2.43452 2.43225 2.432 2.43377 2.43755 2.44336 2.45119 2.46104 2.47292 2.48683 2.50279 2.5208 2.54086 2.56299 2.5872 2.6135 2.64189 2.6724 2.70503 2.7398 2.77671 2.81578 2.85702 2.90043 2.94603 2.99381 3.04379 3.09595 3.15031 3.20684 3.26554 3.3264 3.38939 3.45448 3.52165 3.59084 3.66202 3.73513 3.81011 3.88687 3.96535 4.04545 4.12708 4.21013 4.29448 4.38001 4.46659 4.55409 4.64235 4.73122 4.82056 4.91021 5 
4 3.93358 3.86736 3.80148 3.73609 3.67133 3.60734 3.54423 3.48215 3.4212 3.36149 3.30313 3.24622 3.19084 3.13707 3.08499 3.03465 2.98611 2.93943 2.89464 2.85179 2.8109 2.77199 2.7351 2.70023 2.6674 2.63661 2.60787 2.58118 2.55655 2.53396 2.51343 2.49494 2.47849 2.46408 2.4517 2.44134 2.433 2.42668 2.42237 2.42006 2.41976 2.42147 2.42518 2.4309 2.43862 2.44836 2.46011 2.47389 2.48969 2.50753 2.52743 2.54937 2.57339 2.5995 2.62769 2.658 2.69043 2.72501 2.76173 2.80062 2.84169 2.88495 2.93042 2.97809 3.02798 3.0801 3.13444 3.19099 3.24976 3.31073 3.37387 3.43918 3.50662 3.57614 3.64771 3.72128 3.79677 3.87413 3.95326 4.03409 4.1165 4.2004 4.28566 4.37216 4.45976 4.54832 4.63768 4.7277 4.8182 4.90902 5 
4 3.93257 3.86535 3.79848 3.73213 3.66643 3.60152 3.53755 3.47463 3.4129 3.35246 3.29343 3.23589 3.17993 3.12564 3.07309 3.02234 2.97344 2.92644 2.88139 2.8383 2.79723 2.75817 2.72116 2.6862 2.65331 2.62248 2.59371 2.56702 2.54239 2.51982 2.4993 2.48083 2.4644 2.45001 2.43764 2.42729 2.41894 2.41261 2.40828 2.40594 2.40559 2.40723 2.41087 2.41649 2.42411 2.43373 2.44534 2.45897 2.47461 2.49227 2.51198 2.53373 2.55755 2.58344 2.61142 2.64151 2.67373 2.70809 2.74461 2.78331 2.8242 2.8673 2.91262 2.96018 3.00998 3.06204 3.11636 3.17295 3.23179 3.29288 3.35621 3.42176 3.4895 3.5594 3.63141 3.70549 3.78158 3.8596 3.93948 4.02113 4.10444 4.18931 4.2756 4.36321 4.45197 4.54174 4.63236 4.72367 4.8155 4.90767 5 
4 3.93141 3.86304 3.79504 3.72757 3.66079 3.59485 3.52987 3.46601 3.40338 3.34211 3.28229 3.22404 3.16743 3.11255 3.05947 3.00825 2.95894 2.91159 2.86624 2.8229 2.78162 2.7424 2.70525 2.6702 2.63723 2.60636 2.57757 2.55087 2.52625 2.50369 2.4832 2.46476 2.44835 2.43398 2.42163 2.41129 2.40295 2.39661 2.39226 2.38988 2.38949 2.39107 2.39462 2.40015 2.40766 2.41714 2.42862 2.44208 2.45755 2.47503 2.49453 2.51607 2.53966 2.56533 2.59308 2.62294 2.65492 2.68905 2.72535 2.76383 2.80453 2.84744 2.89261 2.94004 2.98974 3.04174 3.09605 3.15266 3.21158 3.27281 3.33634 3.40215 3.47023 3.54054 3.61305 3.68771 3.76445 3.84322 3.92393 4.0065 4.09082 4.17677 4.26424 4.35308 4.44315 4.53429 4.62634 4.71911 4.81244 4.90613 5 
4 3.9301 3.86041 3.79113 3.7224 3.65439 3.58726 3.52116 3.45622 3.39258 3.33036 3.26968 3.21062 3.15328 3.09774 3.04407 2.99233 2.94257 2.89483 2.84914 2.80553 2.76402 2.72462 2.68734 2.65218 2.61914 2.58823 2.55942 2.53272 2.50811 2.48558 2.46512 2.44671 2.43034 2.41601 2.40368 2.39336 2.38503 2.37869 2.37432 2.37191 2.37147 2.37299 2.37646 2.38189 2.38928 2.39863 2.40995 2.42324 2.43852 2.4558 2.47508 2.4964 2.51975 2.54517 2.57267 2.60227 2.634 2.66788 2.70393 2.74218 2.78265 2.82537 2.87036 2.91764 2.96723 3.01916 3.07344 3.13007 3.18907 3.25045 3.31419 3.38029 3.44873 3.5195 3.59254 3.66783 3.7453 3.82489 3.90653 3.99011 4.07555 4.16272 4.25148 4.34171 4.43325 4.52593 4.61957 4.71399 4.80901 4.90441 5 
4 3.92861 3.85745 3.78671 3.71655 3.64717 3.57871 3.51134 3.4452 3.38043 3.31716 3.2555 3.19555 3.1374 3.08114 3.02682 2.97451 2.92425 2.87609 2.83004 2.78613 2.74438 2.70479 2.66737 2.63211 2.59901 2.56806 2.53924 2.51255 2.48796 2.46547 2.44505 2.42669 2.41038 2.39608 2.3838 2.3735 2.36519 2.35885 2.35447 2.35204 2.35156 2.35301 2.3564 2.36172 2.36899 2.3782 2.38935 2.40246 2.41754 2.4346 2.45365 2.47472 2.49782 2.52297 2.55019 2.57951 2.61096 2.64456 2.68034 2.71833 2.75855 2.80104 2.84583 2.89295 2.94241 2.99424 3.04848 3.10513 3.16421 3.22573 3.28969 3.35609 3.42492 3.49617 3.5698 3.64577 3.72403 3.80452 3.88717 3.97188 4.05854 4.14705 4.23726 4.32903 4.4222 4.51659 4.61201 4.70827 4.80517 4.90248 5 
4 3.92694 3.85413 3.78175 3.71001 3.63907 3.56913 3.50034 3.43287 3.36685 3.30241 3.23967 3.17874 3.11971 3.06265 3.00763 2.9547 2.90391 2.85529 2.80887 2.76465 2.72265 2.68287 2.64531 2.60995 2.5768 2.54582 2.51701 2.49034 2.4658 2.44336 2.423 2.4047 2.38845 2.37421 2.36198 2.35173 2.34345 2.33712 2.33273 2.33028 2.32975 2.33114 2.33445 2.33967 2.34681 2.35586 2.36684 2.37976 2.39463 2.41145 2.43025 2.45105 2.47387 2.49872 2.52564 2.55466 2.5858 2.61909 2.65456 2.69226 2.73221 2.77445 2.819 2.86592 2.91522 2.96695 3.02112 3.07777 3.13691 3.19857 3.26275 3.32947 3.39871 3.47046 3.54471 3.62141 3.70053 3.782 3.86574 3.95168 4.03969 4.12967 4.22148 4.31495 4.40992 4.5062 4.6036 4.7019 4.80089 4.90033 5 
4 3.92508 3.85041 3.77622 3.7027 3.63005 3.55846 3.4881 3.41915 3.35174 3.28602 3.22211 3.16011 3.10011 3.04219 2.98641 2.93283 2.88147 2.83238 2.78556 2.74102 2.69877 2.65881 2.62111 2.58567 2.55247 2.52149 2.49269 2.46607 2.44159 2.41922 2.39895 2.38073 2.36456 2.3504 2.33823 2.32804 2.3198 2.3135 2.30912 2.30665 2.30608 2.30741 2.31064 2.31575 2.32275 2.33165 2.34244 2.35515 2.36979 2.38636 2.40489 2.4254 2.44791 2.47244 2.49903 2.52771 2.55851 2.59146 2.6266 2.66396 2.7036 2.74555 2.78984 2.83652 2.88563 2.93721 2.9913 3.04792 3.10711 3.1689 3.23329 3.30032 3.36998 3.44226 3.51716 3.59465 3.67467 3.75719 3.84212 3.92939 4.01888 4.11047 4.20401 4.29935 4.39631 4.49469 4.59427 4.69484 4.79615 4.89795 5 
4 3.923 3.84628 3.77007 3.69457 3.62002 3.5466 3.47452 3.40393 3.33501 3.26789 3.20269 3.13953 3.07849 3.01965 2.96307 2.90878 2.85684 2.80725 2.76002 2.71517 2.67268 2.63253 2.59472 2.55921 2.52599 2.49502 2.46628 2.43972 2.41533 2.39306 2.37289 2.35478 2.33871 2.32465 2.31257 2.30245 2.29427 2.288 2.28364 2.28117 2.28057 2.28184 2.28498 2.28998 2.29684 2.30557 2.31617 2.32866 2.34305 2.35935 2.37759 2.39778 2.41995 2.44414 2.47037 2.49867 2.52909 2.56166 2.59642 2.63342 2.6727 2.71431 2.7583 2.80471 2.85359 2.90499 2.95895 3.01551 3.07472 3.13661 3.20121 3.26855 3.33863 3.41146 3.48703 3.56533 3.64633 3.72996 3.81617 3.90487 3.99596 4.0893 4.18475 4.28214 4.38128 4.48196 4.58395 4.68702 4.7909 4.89531 5 
4 3.9207 3.8417 3.76324 3.68556 3.6089 3.53347 3.45948 3.38711 3.31653 3.24789 3.1813 3.11689 3.05474 2.99491 2.93748 2.88247 2.82991 2.77982 2.73219 2.68702 2.64429 2.60399 2.56608 2.53053 2.49732 2.46639 2.43773 2.41127 2.387 2.36486 2.34482 2.32685 2.31091 2.29697 2.285 2.27498 2.26687 2.26066 2.25632 2.25385 2.25323 2.25445 2.2575 2.26239 2.2691 2.27766 2.28806 2.30031 2.31443 2.33044 2.34836 2.36821 2.39002 2.41382 2.43965 2.46754 2.49754 2.52969 2.56403 2.60061 2.63949 2.68072 2.72435 2.77044 2.81904 2.87021 2.924 2.98047 3.03966 3.10163 3.16641 3.23403 3.30452 3.37791 3.45418 3.53333 3.61534 3.70016 3.78773 3.87797 3.97077 4.06601 4.16353 4.26316 4.36469 4.46791 4.57256 4.67838 4.78509 4.8924 5 
4 3.91815 3.83661 3.75567 3.67558 3.5966 3.51896 3.44288 3.36856 3.29618 3.22588 3.1578 3.09205 3.02871 2.96785 2.90952 2.85376 2.80058 2.74998 2.70195 2.65648 2.61354 2.57311 2.53513 2.49958 2.46641 2.43557 2.40702 2.3807 2.35658 2.33461 2.31474 2.29694 2.28117 2.26738 2.25554 2.24564 2.23762 2.23148 2.22719 2.22473 2.22409 2.22526 2.22824 2.233 2.23957 2.24794 2.25812 2.27012 2.28396 2.29965 2.31723 2.3367 2.35812 2.3815 2.40689 2.43433 2.46387 2.49554 2.52941 2.56553 2.60395 2.64474 2.68796 2.73367 2.78193 2.83282 2.88639 2.94271 3.00184 3.06384 3.12876 3.19665 3.26754 3.34146 3.41844 3.49847 3.58153 3.6676 3.75661 3.84849 3.94314 4.04043 4.1402 4.24227 4.34642 4.45241 4.55998 4.66883 4.77867 4.88917 5 
4 3.91532 3.83098 3.74729 3.66454 3.583 3.50294 3.42457 3.34813 3.27378 3.2017 3.13202 3.06484 3.00025 2.93831 2.87906 2.82253 2.76871 2.71761 2.66921 2.62347 2.58035 2.53982 2.50182 2.46631 2.43322 2.40251 2.37412 2.34799 2.32407 2.30231 2.28265 2.26506 2.24948 2.23588 2.22421 2.21444 2.20655 2.2005 2.19627 2.19384 2.19319 2.19432 2.19721 2.20186 2.20827 2.21645 2.22639 2.23813 2.25166 2.26702 2.28422 2.30329 2.32427 2.3472 2.37211 2.39905 2.42807 2.45922 2.49257 2.52816 2.56607 2.60635 2.64909 2.69435 2.74222 2.79275 2.84603 2.90214 2.96115 3.02313 3.08814 3.15626 3.22752 3.30197 3.37965 3.46057 3.54472 3.63208 3.72262 3.81625 3.91287 4.01237 4.11457 4.21928 4.32629 4.43532 4.5461 4.6583 4.77159 4.88561 5 
4 3.91219 3.82475 3.73803 3.65234 3.56798 3.48525 3.40439 3.32564 3.24918 3.17518 3.10379 3.0351 2.96919 2.90613 2.84594 2.78863 2.73419 2.68261 2.63386 2.58788 2.54463 2.50405 2.46608 2.43066 2.39771 2.36719 2.33901 2.31312 2.28945 2.26794 2.24855 2.2312 2.21586 2.20248 2.19101 2.18142 2.17367 2.16773 2.16358 2.16119 2.16055 2.16164 2.16446 2.16899 2.17524 2.18321 2.19292 2.20436 2.21757 2.23256 2.24936 2.268 2.28851 2.31093 2.33532 2.36171 2.39016 2.42073 2.45349 2.48849 2.52581 2.56552 2.60771 2.65245 2.69983 2.74994 2.80286 2.85869 2.9175 2.97939 3.04444 3.11272 3.18431 3.25926 3.33762 3.41943 3.50469 3.5934 3.68552 3.781 3.87973 3.98159 4.08641 4.19401 4.30412 4.41648 4.53078 4.64666 4.76376 4.88168 5 
4 3.90871 3.81784 3.72776 3.63883 3.55139 3.46574 3.38216 3.30089 3.22215 3.14611 3.0729 3.00262 2.93535 2.87113 2.80998 2.7519 2.69686 2.64484 2.59577 2.54961 2.50628 2.46572 2.42784 2.39257 2.35984 2.32956 2.30166 2.27607 2.25271 2.23152 2.21243 2.19539 2.18033 2.16721 2.15598 2.1466 2.13902 2.13322 2.12917 2.12684 2.12622 2.12728 2.13002 2.13443 2.14051 2.14828 2.15772 2.16886 2.18172 2.19632 2.21268 2.23085 2.25085 2.27273 2.29654 2.32232 2.35015 2.38008 2.41217 2.44651 2.48317 2.52223 2.56378 2.60792 2.65473 2.70432 2.75679 2.81224 2.87077 2.93249 2.9975 3.06588 3.13773 3.21314 3.29215 3.37484 3.46122 3.5513 3.64507 3.74248 3.84345 3.94784 4.05549 4.16619 4.2797 4.3957 4.51386 4.6338 4.7551 4.87732 5 
4 3.90486 3.81019 3.71639 3.62389 3.53304 3.44419 3.35765 3.27367 3.19248 3.11425 3.03912 2.96718 2.8985 2.8331 2.771 2.71217 2.65657 2.60415 2.55484 2.50855 2.46522 2.42474 2.38703 2.352 2.31955 2.28959 2.26205 2.23682 2.21384 2.19303 2.17431 2.15762 2.1429 2.13009 2.11914 2.11 2.10263 2.097 2.09307 2.09082 2.09022 2.09126 2.09394 2.09823 2.10414 2.11168 2.12085 2.13167 2.14416 2.15834 2.17423 2.19188 2.21133 2.23262 2.25579 2.28092 2.30805 2.33726 2.36863 2.40222 2.43814 2.47646 2.51728 2.56072 2.60686 2.65584 2.70775 2.76272 2.82087 2.88231 2.94718 3.01557 3.08761 3.1634 3.24301 3.32654 3.41403 3.50551 3.60098 3.70041 3.80373 3.91081 4.0215 4.13558 4.25277 4.37276 4.49516 4.61957 4.74551 4.8725 5 
4 3.90058 3.80168 3.70378 3.60732 3.51273 3.42039 3.33062 3.24371 3.15989 3.07933 3.00218 2.92852 2.8584 2.79183 2.72879 2.66925 2.61315 2.56039 2.51091 2.46459 2.42134 2.38104 2.34359 2.30888 2.27681 2.24726 2.22015 2.19538 2.17285 2.15248 2.1342 2.11793 2.1036 2.09115 2.08052 2.07167 2.06454 2.05911 2.05533 2.05317 2.05262 2.05365 2.05626 2.06043 2.06617 2.07348 2.08236 2.09284 2.10493 2.11865 2.13405 2.15114 2.16999 2.19063 2.21312 2.23751 2.26389 2.29231 2.32286 2.35563 2.39071 2.42819 2.46818 2.51081 2.55618 2.60441 2.65565 2.71002 2.76766 2.82872 2.89332 2.96162 3.03374 3.10982 3.18996 3.27428 3.36285 3.45572 3.55293 3.65445 3.76024 3.87018 3.98412 4.10183 4.22304 4.34738 4.47445 4.60379 4.73487 4.86714 5 
4 3.89581 3.79221 3.68975 3.58892 3.49021 3.39404 3.30076 3.21069 3.12406 3.04105 2.9618 2.88637 2.81479 2.74706 2.68313 2.62294 2.56641 2.51341 2.46386 2.41761 2.37454 2.33453 2.29745 2.26317 2.23157 2.20254 2.17595 2.15172 2.12973 2.10989 2.09211 2.07633 2.06245 2.05041 2.04016 2.03164 2.02479 2.01959 2.01598 2.01394 2.01345 2.01449 2.01704 2.0211 2.02665 2.03372 2.0423 2.05242 2.06408 2.07732 2.09217 2.10867 2.12687 2.14681 2.16854 2.19215 2.21769 2.24524 2.27489 2.30674 2.34088 2.37741 2.41647 2.45816 2.50262 2.54999 2.60042 2.65405 2.71105 2.77157 2.83578 2.90384 2.97592 3.05217 3.13274 3.21777 3.30735 3.4016 3.50055 3.60422 3.71259 3.82555 3.94296 4.06459 4.19015 4.31926 4.45147 4.58626 4.72304 4.86118 5 
4 3.89049 3.78165 3.67411 3.56844 3.46519 3.36483 3.26775 3.17427 3.08465 2.99906 2.91763 2.84039 2.76737 2.69852 2.63377 2.57302 2.51615 2.46304 2.41353 2.36747 2.32472 2.28513 2.24854 2.21481 2.18381 2.15539 2.12945 2.10585 2.08448 2.06526 2.04807 2.03284 2.01948 2.00792 1.9981 1.98996 1.98343 1.97849 1.97509 1.9732 1.97279 1.97384 1.97634 1.98028 1.98565 1.99247 2.00073 2.01046 2.02167 2.03439 2.04867 2.06453 2.08202 2.10119 2.12212 2.14486 2.16948 2.19608 2.22474 2.25556 2.28865 2.32413 2.36211 2.40274 2.44616 2.49252 2.54199 2.59472 2.65091 2.71073 2.77438 2.84205 2.91393 2.9902 3.07106 3.15668 3.2472 3.34276 3.44344 3.5493 3.66033 3.77647 3.89757 4.02342 4.15371 4.28804 4.4259 4.56673 4.70984 4.85453 5 
4 3.88452 3.76982 3.65662 3.54558 3.43732 3.33237 3.23115 3.13402 3.04123 2.95296 2.86928 2.79024 2.71581 2.64591 2.58044 2.51925 2.46219 2.40909 2.35978 2.31407 2.27179 2.23275 2.1968 2.16376 2.13348 2.10581 2.08062 2.05777 2.03714 2.01862 2.00211 1.98751 1.97474 1.96373 1.95439 1.94667 1.94052 1.93588 1.93272 1.93099 1.93068 1.93176 1.93422 1.93804 1.94323 1.94978 1.95771 1.96703 1.97776 1.98994 2.00359 2.01876 2.03549 2.05385 2.07389 2.09569 2.11932 2.14487 2.17243 2.20212 2.23405 2.26834 2.30512 2.34454 2.38676 2.43195 2.48028 2.53194 2.58714 2.64607 2.70897 2.77604 2.84753 2.92365 3.00463 3.09069 3.18201 3.27879 3.38115 3.4892 3.60296 3.72241 3.84743 3.97781 4.11323 4.25326 4.39737 4.54489 4.69507 4.84708 5 
4 3.87781 3.75653 3.63699 3.51997 3.40618 3.2962 3.19051 3.08947 2.99334 2.90227 2.81634 2.73552 2.65975 2.58892 2.52285 2.46138 2.40429 2.35139 2.30245 2.25727 2.21563 2.17733 2.14217 2.10998 2.08057 2.05379 2.02948 2.00749 1.98771 1.97 1.95425 1.94038 1.92828 1.91787 1.90908 1.90185 1.89611 1.89181 1.88892 1.88739 1.8872 1.88833 1.89075 1.89446 1.89945 1.90573 1.91331 1.9222 1.93242 1.94401 1.957 1.97143 1.98735 2.00483 2.02391 2.04469 2.06723 2.09164 2.11801 2.14645 2.17709 2.21005 2.24549 2.28355 2.3244 2.36824 2.41524 2.46563 2.51962 2.57745 2.63937 2.70563 2.77649 2.85223 2.93312 3.01941 3.11138 3.20923 3.31318 3.42337 3.5399 3.66277 3.79192 3.92714 4.06812 4.21441 4.36541 4.52039 4.67847 4.83869 5 
4 3.87023 3.74151 3.61486 3.49117 3.37126 3.25577 3.14524 3.04003 2.94041 2.84649 2.7583 2.67578 2.5988 2.52718 2.4607 2.39914 2.34224 2.28975 2.2414 2.19695 2.15616 2.11878 2.08461 2.05344 2.02507 1.99932 1.97603 1.95504 1.93622 1.91943 1.90456 1.89149 1.88014 1.87042 1.86224 1.85555 1.85027 1.84636 1.84378 1.84247 1.84243 1.84361 1.846 1.8496 1.8544 1.8604 1.86761 1.87605 1.88573 1.8967 1.90898 1.92262 1.93768 1.9542 1.97226 1.99193 2.0133 2.03646 2.06152 2.08859 2.11781 2.1493 2.18323 2.21976 2.25906 2.30135 2.34682 2.39572 2.44827 2.50475 2.56543 2.6306 2.70057 2.77566 2.85619 2.94247 3.03484 3.13357 3.23896 3.35121 3.47048 3.59686 3.73032 3.87071 4.0177 4.17084 4.32947 4.49277 4.65973 4.82922 5 
4 3.8616 3.72447 3.58979 3.45863 3.33193 3.21041 3.09466 2.98505 2.8818 2.78501 2.69462 2.61052 2.5325 2.46031 2.39367 2.33227 2.27582 2.22399 2.17648 2.133 2.09329 2.05706 2.02408 1.99412 1.96696 1.94242 1.9203 1.90045 1.88272 1.86697 1.85307 1.84091 1.8304 1.82143 1.81394 1.80784 1.80308 1.79961 1.79736 1.79632 1.79643 1.79769 1.80007 1.80356 1.80816 1.81386 1.82069 1.82865 1.83777 1.84808 1.85961 1.87241 1.88653 1.90204 1.91899 1.93747 1.95757 1.97938 2.00302 2.02859 2.05624 2.08612 2.11837 2.15319 2.19075 2.23127 2.27499 2.32214 2.37299 2.42784 2.48699 2.55077 2.61953 2.69365 2.77349 2.85945 2.95192 3.05127 3.15786 3.272 3.39395 3.52387 3.6618 3.80765 3.96113 4.12177 4.28886 4.46147 4.63845 4.81845 5 
4 3.85173 3.70499 3.56122 3.42167 3.28742 3.15932 3.03796 2.92372 2.81677 2.71714 2.62469 2.53921 2.4604 2.38792 2.32141 2.26049 2.20478 2.15392 2.10754 2.06532 2.02694 1.99211 1.96055 1.93201 1.90626 1.8831 1.86232 1.84376 1.82726 1.81267 1.79985 1.78871 1.77912 1.77099 1.76425 1.75882 1.75463 1.75163 1.74977 1.749 1.74931 1.75066 1.75303 1.75642 1.76081 1.76622 1.77265 1.78011 1.78863 1.79824 1.80898 1.82088 1.83401 1.84843 1.8642 1.88141 1.90013 1.92049 1.94257 1.96652 1.99246 2.02055 2.05096 2.08386 2.11947 2.15801 2.19971 2.24485 2.29371 2.34662 2.40391 2.46595 2.53314 2.6059 2.68467 2.76992 2.86211 2.96172 3.06921 3.18499 3.30945 3.44286 3.58536 3.73695 3.8974 4.06624 4.24273 4.4258 4.61413 4.80613 5 
4 3.84035 3.68258 3.52843 3.37942 3.2368 3.10151 2.97416 2.85511 2.74445 2.6421 2.54781 2.46124 2.38198 2.30959 2.24359 2.18352 2.12893 2.07938 2.03447 1.99382 1.95707 1.9239 1.89401 1.86712 1.843 1.82141 1.80215 1.78503 1.7699 1.7566 1.74499 1.73495 1.72638 1.71918 1.71327 1.70856 1.705 1.70252 1.70108 1.70063 1.70115 1.70261 1.70499 1.70827 1.71246 1.71756 1.72357 1.73051 1.7384 1.74728 1.75717 1.76813 1.78021 1.79347 1.80798 1.82382 1.84107 1.85985 1.88027 1.90245 1.92653 1.95267 1.98104 2.01184 2.04527 2.08157 2.121 2.16383 2.21039 2.26102 2.31608 2.37599 2.44118 2.51214 2.58938 2.67344 2.76488 2.86429 2.97224 3.08931 3.216 3.35274 3.49983 3.65738 3.82527 4.00307 4.18999 4.38487 4.58615 4.79192 5 
4 3.82712 3.65658 3.49052 3.33081 3.17888 3.03577 2.90209 2.77813 2.66385 2.55902 2.46323 2.37598 2.29672 2.22487 2.15985 2.10108 2.04804 2.00022 1.95717 1.91843 1.88364 1.85243 1.82448 1.7995 1.77721 1.7574 1.73984 1.72434 1.71072 1.69884 1.68856 1.67974 1.67229 1.6661 1.66108 1.65717 1.65429 1.65238 1.6514 1.65131 1.65206 1.65365 1.65604 1.65923 1.66322 1.66799 1.67357 1.67996 1.6872 1.6953 1.70431 1.71427 1.72523 1.73726 1.75043 1.76481 1.78049 1.79759 1.8162 1.83647 1.85853 1.88255 1.9087 1.93717 1.96819 2.002 2.03887 2.07909 2.12301 2.17097 2.2234 2.28073 2.34345 2.4121 2.48726 2.56956 2.65968 2.7583 2.86617 2.984 3.11249 3.25226 3.40382 3.56747 3.74323 3.93076 4.12929 4.33753 4.55367 4.77539 5 
4 3.81156 3.6261 3.4463 3.27442 3.11216 2.9606 2.82033 2.69148 2.57382 2.46691 2.37012 2.28275 2.20407 2.13335 2.06986 2.01293 1.96195 1.91632 1.87554 1.83912 1.80664 1.77771 1.75199 1.72917 1.70897 1.69115 1.67548 1.66176 1.64982 1.63951 1.63067 1.62318 1.61694 1.61185 1.60781 1.60475 1.60261 1.60132 1.60084 1.60113 1.60215 1.60388 1.6063 1.6094 1.61318 1.61762 1.62275 1.62858 1.63512 1.64242 1.65049 1.6594 1.66919 1.67992 1.69166 1.70449 1.7185 1.73379 1.75048 1.7687 1.78859 1.8103 1.83402 1.85996 1.88832 1.91937 1.95338 1.99066 2.03156 2.07647 2.12581 2.18007 2.23978 2.30554 2.378 2.45788 2.54595 2.64307 2.75012 2.86802 2.99768 3.14 3.29573 3.46544 3.6494 3.84746 4.05888 4.2823 4.51559 4.75595 5 
4 3.79305 3.58996 3.39417 3.20845 3.03473 2.87417 2.72717 2.59364 2.47307 2.36468 2.26759 2.18085 2.10349 2.0346 1.97332 1.91886 1.8705 1.82759 1.78956 1.75588 1.7261 1.6998 1.67662 1.65624 1.63837 1.62275 1.60917 1.59741 1.58731 1.57869 1.57143 1.56539 1.56046 1.55654 1.55355 1.55142 1.55007 1.54945 1.54952 1.55022 1.55153 1.55343 1.55589 1.5589 1.56246 1.56657 1.57123 1.57647 1.5823 1.58874 1.59585 1.60365 1.6122 1.62156 1.6318 1.64299 1.65522 1.6686 1.68324 1.69926 1.7168 1.73604 1.75714 1.78031 1.80577 1.83378 1.86462 1.89861 1.9361 1.97751 2.02329 2.07395 2.13006 2.19227 2.26131 2.33798 2.42318 2.5179 2.62321 2.74026 2.87023 3.01432 3.17364 3.34915 3.54148 3.75077 3.97648 4.21718 4.47045 4.73283 5 
4 3.7707 3.54654 3.33199 3.13048 2.94418 2.77417 2.62057 2.48287 2.36013 2.25117 2.15474 2.06957 1.99444 1.92825 1.86997 1.81869 1.77361 1.734 1.69923 1.66875 1.64208 1.61877 1.59845 1.5808 1.56551 1.55233 1.54104 1.53142 1.52331 1.51654 1.51097 1.50648 1.50296 1.50031 1.49845 1.4973 1.49681 1.49691 1.49755 1.4987 1.50033 1.50241 1.50492 1.50785 1.5112 1.51496 1.51915 1.52377 1.52885 1.53442 1.5405 1.54715 1.5544 1.56232 1.57097 1.58044 1.59079 1.60214 1.6146 1.62828 1.64333 1.6599 1.67818 1.69836 1.72066 1.74535 1.7727 1.80304 1.83673 1.87419 1.91589 1.96237 2.01424 2.07218 2.13699 2.20955 2.29089 2.38214 2.48457 2.59957 2.72865 2.87339 3.03537 3.21605 3.41659 3.63766 3.87907 4.1395 4.41619 4.7049 5 
4 3.74323 3.49351 3.2568 3.0373 2.83736 2.65776 2.49807 2.35715 2.23341 2.12515 2.03064 1.94824 1.87647 1.81399 1.75962 1.71234 1.67125 1.63557 1.60462 1.57783 1.55469 1.53475 1.51763 1.50299 1.49055 1.48003 1.47123 1.46393 1.45796 1.45318 1.44943 1.4466 1.44458 1.44329 1.44263 1.44254 1.44295 1.44381 1.44507 1.44671 1.44867 1.45095 1.45353 1.45638 1.45951 1.46292 1.46661 1.47061 1.47491 1.47956 1.48459 1.49003 1.49593 1.50234 1.50934 1.51699 1.52537 1.53458 1.54473 1.55593 1.56832 1.58206 1.59731 1.61427 1.63317 1.65424 1.67778 1.7041 1.73358 1.76662 1.80371 1.84541 1.89233 1.94521 2.00489 2.07235 2.14869 2.23519 2.33334 2.44479 2.57141 2.71523 2.87839 3.06306 3.27118 3.50421 3.76264 4.04553 4.34993 4.67056 5 
4 3.70872 3.4275 3.1644 2.92456 2.71022 2.52144 2.35682 2.21424 2.09124 1.98539 1.89443 1.8163 1.74921 1.69162 1.6422 1.5998 1.56348 1.5324 1.50586 1.48327 1.4641 1.44791 1.43432 1.423 1.41365 1.40603 1.39991 1.39511 1.39144 1.38877 1.38697 1.3859 1.38549 1.38562 1.38624 1.38726 1.38863 1.3903 1.39223 1.39437 1.3967 1.3992 1.40184 1.40463 1.40754 1.41059 1.41378 1.41712 1.42063 1.42433 1.42826 1.43244 1.43693 1.44178 1.44705 1.4528 1.45911 1.46607 1.47379 1.48238 1.49196 1.50269 1.51473 1.52825 1.54349 1.56067 1.58008 1.60202 1.62685 1.655 1.68693 1.7232 1.76445 1.81144 1.86503 1.92625 1.9963 2.0766 2.16881 2.27485 2.39696 2.5377 2.69991 2.88661 3.10087 3.34534 3.62176 3.93006 4.26741 4.62743 5 
4 3.66416 3.34336 3.04876 2.78632 2.55754 2.36096 2.19356 2.05174 1.93191 1.83076 1.74539 1.67332 1.61247 1.56109 1.51774 1.4812 1.45047 1.42469 1.40316 1.38528 1.37052 1.35847 1.34874 1.34102 1.33502 1.33051 1.32728 1.32513 1.32392 1.3235 1.32375 1.32456 1.32583 1.32748 1.32944 1.33163 1.33402 1.33654 1.33916 1.34184 1.34456 1.34729 1.35002 1.35274 1.35544 1.35812 1.36079 1.36346 1.36614 1.36886 1.37165 1.37454 1.37757 1.38079 1.38426 1.38803 1.39219 1.39681 1.40198 1.40783 1.41446 1.42201 1.43064 1.44052 1.45185 1.46487 1.47983 1.49702 1.51681 1.53958 1.5658 1.59601 1.63084 1.67105 1.71752 1.77131 1.83366 1.9061 1.99043 2.08883 2.20389 2.33871 2.49691 2.68262 2.90032 3.15452 3.44898 3.78552 4.16225 4.57173 5 
4 3.60456 3.23303 2.90097 2.61444 2.37267 2.1713 2.00471 1.86727 1.75391 1.66035 1.58304 1.51912 1.46625 1.42254 1.38647 1.3568 1.3325 1.31274 1.29681 1.28415 1.27425 1.2667 1.26116 1.25731 1.25491 1.25372 1.25355 1.25423 1.25561 1.25756 1.25997 1.26275 1.26579 1.26902 1.27238 1.27581 1.27925 1.28267 1.28601 1.28926 1.29239 1.29537 1.2982 1.30085 1.30334 1.30565 1.30779 1.30977 1.31161 1.31332 1.31494 1.31649 1.31802 1.31955 1.32115 1.32288 1.32479 1.32697 1.3295 1.33248 1.33602 1.34024 1.34529 1.35132 1.35853 1.36712 1.37733 1.38944 1.40377 1.4207 1.44067 1.46418 1.49185 1.5244 1.5627 1.60779 1.66094 1.72371 1.79799 1.88613 1.99105 2.11633 2.2664 2.44662 2.66329 2.92344 3.23413 3.60078 4.02433 4.49723 5 
4 3.52107 3.08322 2.70767 2.3978 2.14738 1.94687 1.78673 1.6587 1.55611 1.47368 1.40732 1.35387 1.31086 1.27635 1.2488 1.22701 1.20999 1.19694 1.1872 1.18025 1.17562 1.17293 1.17187 1.17216 1.17357 1.17589 1.17896 1.18261 1.18671 1.19115 1.19583 1.20065 1.20554 1.21043 1.21525 1.21996 1.22451 1.22885 1.23296 1.2368 1.24036 1.2436 1.24653 1.24913 1.2514 1.25333 1.25493 1.25621 1.25719 1.25787 1.25829 1.25846 1.25843 1.25823 1.25791 1.25752 1.25712 1.25677 1.25656 1.25657 1.25689 1.25764 1.25894 1.26095 1.26382 1.26773 1.27292 1.27962 1.28813 1.29879 1.31198 1.32819 1.34797 1.37199 1.40107 1.4362 1.4786 1.52979 1.59167 1.66666 1.75784 1.86917 2.00575 2.17416 2.38275 2.64183 2.96332 3.35913 3.83705 4.39286 5 
4 3.39652 2.87111 2.44868 2.12172 1.8722 1.68208 1.53663 1.42471 1.33814 1.27093 1.2187 1.17819 1.14697 1.12318 1.10538 1.09245 1.0835 1.07781 1.07481 1.07401 1.07503 1.07752 1.08122 1.08588 1.09131 1.09732 1.10377 1.11052 1.11746 1.1245 1.13153 1.13848 1.14529 1.15189 1.15823 1.16427 1.16995 1.17526 1.18016 1.18461 1.18861 1.19214 1.19518 1.19773 1.19978 1.20133 1.20239 1.20295 1.20304 1.20267 1.20186 1.20063 1.19901 1.19703 1.19474 1.19217 1.18938 1.18643 1.18339 1.18032 1.17732 1.17447 1.17189 1.1697 1.16804 1.16708 1.16699 1.16799 1.17034 1.17432 1.18028 1.18862 1.19984 1.21452 1.23339 1.25734 1.28746 1.32517 1.37224 1.43099 1.50448 1.59674 1.71327 1.86152 2.05172 2.29781 2.61818 3.03536 3.57189 4.23715 5 
4 3.1939 2.55602 2.09424 1.76821 1.53761 1.3726 1.25299 1.16538 1.10081 1.0532 1.01834 0.993214 0.975645 0.96401 0.957079 0.953903 0.953741 0.956 0.960203 0.965961 0.972952 0.980906 0.989597 0.998833 1.00845 1.0183 1.02827 1.03824 1.04812 1.05783 1.06729 1.07644 1.08523 1.09359 1.1015 1.1089 1.11577 1.12207 1.12777 1.13287 1.13733 1.14115 1.14432 1.14682 1.14865 1.14982 1.15032 1.15016 1.14935 1.1479 1.14583 1.14317 1.13992 1.13613 1.13181 1.12702 1.1218 1.11618 1.11023 1.104 1.09758 1.09102 1.08444 1.07791 1.07156 1.06553 1.05995 1.05501 1.0509 1.04787 1.04618 1.04617 1.04824 1.05286 1.06063 1.07229 1.08874 1.11117 1.14112 1.18059 1.23232 1.30005 1.38905 1.50691 1.66481 1.8795 2.17622 2.59225 3.17799 3.98385 5 
4 2.82305 2.06484 1.60403 1.31928 1.13741 1.01773 0.937367 0.882996 0.846504 0.822725 0.808234 0.800676 0.798381 0.80013 0.805014 0.812334 0.82155 0.83223 0.844029 0.856663 0.869898 0.883538 0.897415 0.911389 0.925337 0.939152 0.952741 0.966023 0.978926 0.991386 1.00335 1.01475 1.02557 1.03575 1.04525 1.05405 1.06213 1.06945 1.07599 1.08174 1.08668 1.0908 1.09409 1.09655 1.09817 1.09895 1.09889 1.09799 1.09627 1.09374 1.0904 1.08627 1.08137 1.07573 1.06936 1.0623 1.05458 1.04625 1.03733 1.02788 1.01795 1.0076 0.996905 0.985931 0.974767 0.963511 0.952274 0.941183 0.930386 0.920055 0.910391 0.901634 0.894069 0.888045 0.883986 0.882425 0.884031 0.889667 0.900463 0.917936 0.944165 0.982085 1.03597 1.11227 1.22112 1.37916 1.61496 1.97942 2.56396 3.52026 5 
4 2.03346 1.27627 0.937782 0.767439 0.67504 0.623545 0.59574 0.582728 0.579481 0.582954 0.591189 0.602866 0.617062 0.633107 0.6505 0.668858 0.687882 0.70733 0.727007 0.746751 0.766426 0.785916 0.805122 0.823956 0.842342 0.860213 0.877508 0.894174 0.910162 0.925429 0.939936 0.953645 0.966527 0.97855 0.98969 0.999923 1.00923 1.01758 1.02498 1.0314 1.03683 1.04126 1.04469 1.04711 1.04851 1.0489 1.04828 1.04664 1.044 1.04036 1.03573 1.03012 1.02355 1.01603 1.00758 0.998224 0.98798 0.976877 0.964946 0.952217 0.938729 0.924521 0.909638 0.894129 0.878051 0.861464 0.844439 0.827053 0.809395 0.791568 0.773689 0.755897 0.738353 0.721254 0.704836 0.68939 0.675286 0.662992 0.653126 0.646518 0.644313 0.648151 0.66047 0.68507 0.728224 0.801046 0.925042 1.14651 1.57817 2.53324 5 
0 0.0345161 0.0689911 0.103384 0.137654 0.171759 0.20566 0.239316 0.272686 0.305732 0.338413 0.370691 0.402527 0.433884 0.464723 0.495009 0.524704 0.553775 0.582185 0.609902 0.636892 0.663123 0.688563 0.713183 0.736953 0.759845 0.781831 0.802886 0.822984 0.842101 0.860214 0.877303 0.893346 0.908324 0.92222 0.935016 0.946699 0.957253 0.966666 0.974928 0.982028 0.987957 0.992709 0.996278 0.998659 0.999851 0.999851 0.998659 0.996278 0.992709 0.987957 0.982028 0.974928 0.966666 0.957253 0.946699 0.935016 0.92222 0.908324 0.893346 0.877303 0.860214 0.842101 0.822984 0.802886 0.781831 0.759845 0.736953 0.713183 0.688563 0.663123 0.636892 0.609902 0.582185 0.553775 0.524704 0.495009 0.464723 0.433884 0.402527 0.370691 0.338413 0.305732 0.272686 0.239316 0.20566 0.171759 0.137654 0.103384 0.0689911 0.0345161 0 
