C h:0.0232558
C GRID SIZE:44
C N:42
0 0.000540833 0.00216333 0.0048675 0.00865333 0.0135208 0.01947 0.0265008 0.0346133 0.0438075 0.0540833 0.0654408 0.0778799 0.0914008 0.106003 0.121687 0.138453 0.156301 0.17523 0.195241 0.216333 0.238507 0.261763 0.286101 0.31152 0.338021 0.365603 0.394267 0.424013 0.45484 0.48675 0.51974 0.553813 0.588967 0.625203 0.66252 0.700919 0.7404 0.780963 0.822607 0.865333 0.90914 0.954029 1 
4 2.00316 1.21607 0.849027 0.650755 0.531894 0.4551 0.403253 0.367725 0.343303 0.327119 0.317335 0.31257 0.312031 0.315138 0.321393 0.330516 0.342295 0.356523 0.373088 0.391928 0.412973 0.436192 0.461598 0.489215 0.519091 0.551313 0.58601 0.62335 0.663563 0.706972 0.754015 0.805295 0.861674 0.924408 0.99539 1.0776 1.17599 1.2994 1.46494 1.70954 2.12333 2.95669 5 
4 2.79625 2.01102 1.52427 1.21436 1.00834 0.8659 0.763951 0.689463 0.634444 0.593647 0.563889 0.542855 0.528893 0.520946 0.518182 0.519946 0.525841 0.535541 0.548783 0.565417 0.58536 0.608547 0.634977 0.664717 0.697869 0.734592 0.77513 0.819814 0.869087 0.923551 0.98403 1.05165 1.128 1.21535 1.31701 1.43808 1.58657 1.77568 2.02816 2.38456 2.91793 3.74939 5 
4 3.16962 2.50758 2.02243 1.6738 1.42157 1.23617 1.09744 0.992132 0.911462 0.849414 0.801903 0.766057 0.73978 0.721553 0.71029 0.705142 0.705487 0.71088 0.720983 0.735556 0.754462 0.777638 0.805074 0.836848 0.873117 0.914111 0.960165 1.01174 1.06946 1.13415 1.20693 1.28931 1.38336 1.49196 1.61924 1.77115 1.95651 2.18857 2.48739 2.88262 3.41443 4.12293 5 
4 3.37489 2.82755 2.38411 2.03683 1.76785 1.55964 1.39733 1.27005 1.16979 1.09061 1.02831 0.979785 0.942685 0.915315 0.896387 0.884901 0.88013 0.88153 0.888687 0.901321 0.919256 0.942407 0.970773 1.00444 1.04361 1.08854 1.13967 1.19753 1.26288 1.33669 1.42026 1.51532 1.62418 1.74994 1.89687 2.07079 2.27974 2.53469 2.85019 3.24409 3.73424 4.32793 5 
4 3.50154 3.04416 2.64957 2.32158 2.0538 1.8372 1.66234 1.52105 1.40697 1.31491 1.24089 1.18198 1.13583 1.10061 1.07501 1.05797 1.04864 1.04645 1.05096 1.06182 1.07886 1.10197 1.13116 1.16653 1.2083 1.25677 1.3124 1.37582 1.44781 1.52946 1.62211 1.72755 1.84811 1.98679 2.14753 2.33542 2.55696 2.82024 3.13458 3.50932 3.95053 4.45459 5 
4 3.58687 3.19772 2.84858 2.54578 2.28863 2.07308 1.89373 1.74506 1.62224 1.52119 1.43849 1.37147 1.31798 1.27629 1.24505 1.22323 1.20998 1.20466 1.20684 1.21615 1.2324 1.25547 1.28539 1.32226 1.36629 1.41784 1.47737 1.54551 1.6231 1.7112 1.81115 1.92467 2.05391 2.20158 2.37103 2.56636 2.79244 3.05469 3.35855 3.70812 4.10402 4.53993 5 
4 3.64817 3.31145 3.00135 2.72433 2.48181 2.27276 2.09435 1.94314 1.81576 1.70911 1.62045 1.54751 1.4884 1.44156 1.40574 1.37994 1.36336 1.35538 1.35554 1.36351 1.37906 1.40211 1.43266 1.47081 1.51679 1.57093 1.63372 1.70578 1.7879 1.8811 1.98664 2.10608 2.24129 2.39458 2.56863 2.76655 2.99172 3.24753 3.53676 3.86065 4.21752 4.60111 5 
4 3.694 3.39841 3.12123 2.86823 2.64169 2.44188 2.26781 2.11744 1.98855 1.87901 1.78666 1.70969 1.64653 1.59581 1.55642 1.52745 1.50816 1.49797 1.49645 1.50327 1.51823 1.54124 1.57229 1.61151 1.65909 1.71537 1.78081 1.85598 1.94163 2.03869 2.14827 2.27172 2.41063 2.56682 2.74236 2.93946 3.16034 3.40691 3.68031 3.98026 4.30429 4.64698 5 
4 3.72961 3.46665 3.21708 2.98556 2.7747 2.58537 2.41754 2.27026 2.14213 2.03173 1.93754 1.8581 1.7922 1.73872 1.69667 1.66526 1.64386 1.63191 1.62902 1.6349 1.64937 1.67232 1.70377 1.74383 1.79269 1.85065 1.91814 1.99569 2.08396 2.18375 2.29603 2.42192 2.56267 2.7197 2.89452 3.08859 3.30327 3.53945 3.79731 4.07582 4.3724 4.68253 5 
4 3.75794 3.52145 3.29493 3.08233 2.88606 2.70736 2.54672 2.40384 2.27799 2.16826 2.07363 1.99304 1.92552 1.8702 1.82628 1.79308 1.77006 1.75676 1.7528 1.75793 1.772 1.7949 1.82665 1.86735 1.91718 1.97642 2.04543 2.12468 2.21476 2.31633 2.4302 2.55724 2.69843 2.85481 3.0274 3.21712 3.42467 3.65032 3.89366 4.15335 4.42696 4.71077 5 
4 3.78081 3.56604 3.35896 3.16279 2.97985 2.81137 2.65816 2.52038 2.39771 2.28969 2.19566 2.11488 2.04665 1.99028 1.94517 1.91076 1.88658 1.87226 1.86748 1.87203 1.88576 1.90861 1.94057 1.98173 2.03227 2.09241 2.16248 2.24287 2.33407 2.43664 2.55118 2.6784 2.819 2.97369 3.14312 3.3278 3.52797 3.74349 3.97364 4.21699 4.47133 4.73359 5 
4 3.79962 3.60273 3.41204 3.23009 3.05904 2.90012 2.75421 2.62179 2.50284 2.39715 2.30442 2.22417 2.15589 2.09911 2.05336 2.01819 1.99325 1.97822 1.97285 1.97696 1.99042 2.01319 2.04527 2.08674 2.13774 2.19847 2.2692 2.35026 2.44203 2.54496 2.65951 2.78618 2.92546 3.07781 3.24359 3.42298 3.61593 3.82204 4.04042 4.26966 4.50781 4.75227 5 
4 3.81518 3.63322 3.45631 3.28663 3.12603 2.97581 2.83682 2.70968 2.59465 2.4917 2.40072 2.32149 2.25366 2.19691 2.15094 2.11539 2.08999 2.0745 2.06873 2.07252 2.08578 2.10846 2.14059 2.18222 2.23348 2.29453 2.36559 2.44693 2.53884 2.64165 2.7557 2.88134 3.01886 3.16851 3.33044 3.5046 3.69074 3.8883 4.09632 4.31345 4.53797 4.76766 5 
4 3.82807 3.65857 3.49332 3.33413 3.1827 3.04022 2.90759 2.7855 2.67434 2.57425 2.48529 2.40738 2.34034 2.28398 2.23809 2.20244 2.17683 2.16107 2.15504 2.1586 2.1717 2.19429 2.2264 2.26808 2.31943 2.38059 2.45172 2.53304 2.62475 2.7271 2.84031 2.96459 3.10011 3.24693 3.40504 3.57425 3.75415 3.94408 4.14309 4.34991 4.56298 4.78038 5 
4 3.83881 3.67964 3.52419 3.37393 3.23039 3.09475 2.96784 2.8504 2.74293 2.64568 2.55881 2.48237 2.41633 2.36057 2.31499 2.27945 2.25381 2.23794 2.23175 2.23516 2.24811 2.2706 2.30263 2.34427 2.39557 2.45667 2.52768 2.60874 2.70003 2.80168 2.91385 3.03662 3.17004 3.31406 3.46855 3.6332 3.80751 3.99078 4.18205 4.38015 4.58365 4.79088 5 
4 3.84769 3.6971 3.54979 3.40705 3.27022 3.14047 3.01862 2.90536 2.80128 2.70671 2.62189 2.54698 2.48201 2.42698 2.38184 2.34654 2.321 2.30512 2.29886 2.30216 2.315 2.33736 2.36927 2.41078 2.46194 2.52284 2.59357 2.67423 2.76494 2.86576 2.97677 3.09798 3.22935 3.37074 3.52191 3.68248 3.85191 4.02945 4.2142 4.40501 4.60061 4.79948 5 
4 3.85493 3.71138 3.57076 3.43425 3.30306 3.17829 3.06076 2.95116 2.85009 2.75797 2.67508 2.60163 2.53775 2.48349 2.43886 2.40388 2.3785 2.36268 2.3564 2.35963 2.37235 2.39458 2.42633 2.46764 2.51857 2.57918 2.64952 2.72968 2.81971 2.91965 3.02949 3.14919 3.27863 3.41763 3.56586 3.72291 3.88817 4.06093 4.24027 4.42511 4.61429 4.8064 5 
4 3.86074 3.7228 3.58757 3.45612 3.32953 3.20887 3.09494 2.98844 2.88996 2.79998 2.71881 2.6467 2.58384 2.53034 2.48625 2.45161 2.42643 2.41071 2.40443 2.40759 2.4202 2.44227 2.47383 2.5149 2.56553 2.62577 2.69567 2.77527 2.86459 2.96363 3.07234 3.19064 3.31837 3.45528 3.60101 3.7551 3.91695 4.08582 4.26082 4.44092 4.62503 4.81183 5 
4 3.86523 3.73165 3.60058 3.47308 3.35011 3.23271 3.12168 3.0177 2.92136 2.83316 2.75345 2.68251 2.62057 2.56776 2.52417 2.48988 2.46491 2.44928 2.44301 2.44611 2.4586 2.48049 2.51181 2.5526 2.60289 2.66272 2.73212 2.81113 2.89974 2.99792 3.1056 3.22267 3.34893 3.4841 3.6278 3.77954 3.93871 4.10457 4.27625 4.45277 4.63306 4.81589 5 
4 3.86849 3.73809 3.61006 3.48545 3.36517 3.25019 3.14135 3.0393 2.94462 2.85784 2.77931 2.70934 2.64816 2.59594 2.5528 2.51881 2.49403 2.47849 2.47223 2.47525 2.48759 2.50928 2.54033 2.58079 2.6307 2.69009 2.75898 2.83739 2.92531 3.02271 3.12949 3.24551 3.37058 3.50439 3.64654 3.79653 3.95376 4.11749 4.28685 4.46088 4.63855 4.81866 5 
4 3.87059 3.74223 3.61617 3.49344 3.37493 3.26159 3.15422 3.05351 2.96001 2.87424 2.79659 2.72736 2.66678 2.61504 2.57226 2.53852 2.5139 2.49843 2.49214 2.49507 2.50725 2.5287 2.55945 2.59955 2.64904 2.70795 2.77631 2.85413 2.94141 3.0381 3.14412 3.25932 3.38349 3.51633 3.65743 3.8063 3.96232 4.12476 4.29277 4.46538 4.64158 4.82019 5 
4 3.87156 3.74414 3.619 3.49716 3.37954 3.26702 3.16045 3.06047 2.96767 2.88253 2.80544 2.73671 2.67656 2.62517 2.58266 2.54912 2.52461 2.50917 2.50284 2.50565 2.51763 2.53881 2.56923 2.60893 2.65796 2.71637 2.78418 2.86142 2.9481 3.04418 3.14957 3.26416 3.38773 3.51999 3.66055 3.80891 3.96446 4.12647 4.29408 4.46633 4.6422 4.82049 5 
4 3.8714 3.74385 3.61856 3.49665 3.37901 3.26655 3.16007 3.06026 2.96767 2.88276 2.80593 2.73747 2.67757 2.6264 2.58408 2.55068 2.52624 2.51081 2.50441 2.50707 2.51881 2.53969 2.56973 2.60898 2.65752 2.71538 2.78262 2.85928 2.94539 3.04093 3.14584 3.26003 3.38329 3.51536 3.65587 3.80433 3.96014 4.12257 4.29075 4.46371 4.64039 4.81956 5 
4 3.87009 3.74129 3.61482 3.49184 3.37331 3.2601 3.15304 3.05282 2.95996 2.87492 2.79807 2.72964 2.66984 2.61879 2.57658 2.54327 2.51887 2.50341 2.49691 2.49939 2.51088 2.5314 2.56101 2.59976 2.64774 2.705 2.77163 2.8477 2.93325 3.0283 3.13285 3.24681 3.37003 3.50229 3.64323 3.7924 3.9492 4.11291 4.28264 4.45739 4.63606 4.81736 5 
4 3.8676 3.73639 3.60765 3.48259 3.36225 3.24751 3.13919 3.03799 2.94443 2.85891 2.78176 2.71319 2.65336 2.60234 2.56019 2.52693 2.50255 2.48705 2.48044 2.48272 2.4939 2.51402 2.54314 2.58133 2.62867 2.68526 2.75122 2.82663 2.9116 3.00619 3.11044 3.22433 3.34775 3.48053 3.62236 3.77283 3.93136 4.09722 4.26951 4.44718 4.62907 4.81381 5 
4 3.86384 3.729 3.59683 3.46865 3.34555 3.22848 3.11825 3.01554 2.92085 2.83453 2.75686 2.68801 2.62805 2.57702 2.53491 2.5017 2.47735 2.46182 2.45509 2.45714 2.46798 2.48765 2.51621 2.55374 2.60035 2.65617 2.72134 2.79601 2.88033 2.97443 3.0784 3.1923 3.31611 3.44971 3.59286 3.7452 3.90618 4.07508 4.25099 4.43279 4.61923 4.80881 5 
4 3.8587 3.71889 3.58207 3.44964 3.32283 3.2026 3.0898 2.98507 2.88887 2.8015 2.72316 2.65392 2.59381 2.54277 2.50073 2.46761 2.44333 2.42779 2.42094 2.42276 2.43323 2.45239 2.4803 2.51707 2.56282 2.61772 2.68196 2.75574 2.83928 2.93279 3.03644 3.15038 3.27468 3.40933 3.55418 3.70892 3.87308 4.04595 4.22658 4.41379 4.60621 4.8022 5 
4 3.85202 3.70576 3.56292 3.42505 3.29349 3.16929 3.05328 2.94607 2.84805 2.75945 2.68035 2.61072 2.55049 2.49952 2.45764 2.4247 2.40056 2.38507 2.37814 2.37973 2.3898 2.40838 2.43555 2.47141 2.51614 2.56994 2.63304 2.70572 2.78828 2.881 2.98419 3.09809 3.22291 3.35875 3.50559 3.66324 3.83128 4.00904 4.19557 4.38961 4.58963 4.79375 5 
4 3.84357 3.68918 3.53879 3.39417 3.25679 3.12779 3.00797 2.89788 2.79782 2.7079 2.62805 2.55813 2.49792 2.44717 2.40561 2.373 2.34912 2.33378 2.32684 2.32821 2.33785 2.35579 2.38209 2.41689 2.4604 2.51285 2.57454 2.64583 2.7271 2.81876 2.92122 3.03488 3.16011 3.29717 3.4462 3.60716 3.77975 3.96337 4.15706 4.35948 4.56891 4.78319 5 
4 3.83304 3.66857 3.50889 3.35606 3.21173 3.07709 2.95292 2.83966 2.73747 2.64627 2.56583 2.49583 2.43589 2.38562 2.34463 2.31257 2.28915 2.27409 2.26723 2.26842 2.27762 2.29482 2.32013 2.35368 2.3957 2.44651 2.50645 2.57596 2.65554 2.74571 2.84704 2.96012 3.08548 3.22361 3.37488 3.53944 3.71718 3.90762 4.10982 4.32236 4.5433 4.77012 5 
4 3.82002 3.64312 3.47214 3.30947 3.15698 3.0159 2.88695 2.77037 2.66612 2.57388 2.49318 2.42348 2.36421 2.31479 2.27472 2.24352 2.2208 2.20623 2.19956 2.20063 2.20937 2.22576 2.24991 2.28198 2.32224 2.37103 2.42879 2.49604 2.57338 2.6615 2.76113 2.87306 2.99807 3.13693 3.29027 3.45855 3.64192 3.8401 4.05225 4.27688 4.51179 4.75398 5 
4 3.80389 3.61173 3.42705 3.25272 3.09082 2.9426 2.80859 2.68877 2.58277 2.48995 2.40954 2.34071 2.28266 2.23463 2.19594 2.166 2.1443 2.13046 2.12415 2.12518 2.13345 2.14895 2.17177 2.2021 2.24023 2.28658 2.34163 2.40602 2.48045 2.56577 2.66292 2.77292 2.89683 3.03576 3.19072 3.36256 3.55184 3.75859 3.9822 4.22116 4.47296 4.73403 5 
4 3.78382 3.57284 3.37159 3.18354 3.01099 2.85508 2.71602 2.59336 2.48625 2.39362 2.31431 2.24716 2.19109 2.14513 2.10842 2.08024 2.05997 2.04714 2.0414 2.04249 2.0503 2.06481 2.08611 2.11441 2.15003 2.19342 2.24516 2.30594 2.37663 2.45823 2.55187 2.65885 2.78058 2.91856 3.07428 3.24915 3.44427 3.66024 3.8968 4.1526 4.42485 4.70919 5 
4 3.75856 3.52421 3.3029 3.09887 2.91454 2.75072 2.60705 2.48239 2.37525 2.28397 2.20691 2.14252 2.08942 2.04638 2.01238 1.98655 1.96818 1.95674 1.9518 1.95309 1.96046 1.97389 1.99346 2.0194 2.05206 2.09192 2.13963 2.19597 2.26192 2.33863 2.42748 2.53003 2.64808 2.7836 2.9387 3.11548 3.31587 3.54127 3.79218 4.06761 4.36463 4.6779 5 
4 3.72623 3.46251 3.2169 2.9945 2.79759 2.62623 2.47904 2.3539 2.24839 2.16011 2.08685 2.02661 1.97768 1.9386 1.90816 1.88539 1.86948 1.85983 1.85597 1.85761 1.86457 1.87681 1.89444 1.91767 1.94687 1.98258 2.02546 2.07639 2.13643 2.2069 2.28937 2.38571 2.49811 2.62907 2.78143 2.95821 3.16244 3.3968 3.66302 3.96106 4.28812 4.63779 5 
4 3.68385 3.3827 3.10767 2.86464 2.6551 2.47756 2.329 2.20578 2.1043 2.02125 1.95377 1.89939 1.85608 1.82216 1.79629 1.77736 1.76453 1.75712 1.75466 1.75681 1.76339 1.77436 1.7898 1.80996 1.8352 1.86606 1.90325 1.94769 2.00052 2.06317 2.1374 2.22534 2.32956 2.45315 2.59975 2.77348 2.97888 3.22047 3.50205 3.8255 4.189 4.58513 5 
4 3.62648 3.27679 2.96641 2.70129 2.4806 2.29994 2.15361 2.03592 1.94176 1.86683 1.80757 1.76108 1.72507 1.69768 1.67746 1.66325 1.65415 1.64947 1.64873 1.65158 1.65783 1.66743 1.68047 1.69717 1.7179 1.7432 1.77379 1.81059 1.85478 1.90787 1.97172 2.04867 2.14164 2.25423 2.39091 2.55709 2.75913 3.00413 3.29922 3.64991 4.05724 4.51373 5 
4 3.5453 3.13156 2.77987 2.4935 2.26608 2.08798 1.94957 1.84251 1.76001 1.69674 1.64858 1.6123 1.58543 1.56604 1.55263 1.54402 1.53934 1.53789 1.5392 1.54294 1.54891 1.55706 1.56746 1.58034 1.59604 1.61506 1.63811 1.66609 1.70016 1.74181 1.79294 1.856 1.93409 2.03122 2.15259 2.30483 2.4964 2.73771 3.04079 3.41768 3.87631 4.41255 5 
4 3.42318 2.92427 2.52802 2.22674 2.00224 1.83635 1.7142 1.62452 1.55899 1.51154 1.47769 1.45412 1.43833 1.42843 1.42298 1.42088 1.42128 1.42356 1.42726 1.43206 1.43781 1.44443 1.45199 1.46069 1.47084 1.4829 1.49751 1.51549 1.53794 1.56625 1.60224 1.64828 1.70748 1.78399 1.88338 2.01324 2.18393 2.40952 2.70856 3.10373 3.61776 4.26017 5 
4 3.22315 2.61433 2.1812 1.88319 1.67978 1.54096 1.44634 1.38236 1.3399 1.31274 1.29653 1.28815 1.28533 1.28636 1.28998 1.29522 1.30134 1.3078 1.31419 1.32025 1.32582 1.33085 1.33539 1.33959 1.34373 1.34819 1.35352 1.36043 1.36986 1.38302 1.4015 1.4274 1.46357 1.51386 1.58369 1.68081 1.81656 2.00787 2.28018 2.67095 3.23081 4.01037 5 
4 2.85511 2.12872 1.69923 1.44503 1.29272 1.20135 1.14785 1.11867 1.10551 1.103 1.10754 1.11663 1.12846 1.14171 1.15537 1.16869 1.18108 1.19211 1.20147 1.20894 1.21439 1.21777 1.21912 1.21856 1.21629 1.21262 1.20796 1.20287 1.19806 1.19447 1.19333 1.19628 1.20554 1.2242 1.25673 1.30977 1.39365 1.52524 1.73334 2.0691 2.62418 3.5505 5 
4 2.06858 1.34622 1.04196 0.90495 0.844695 0.823877 0.825024 0.838979 0.860463 0.886192 0.913994 0.942359 0.970186 0.996646 1.0211 1.04307 1.06217 1.0781 1.09064 1.09965 1.10502 1.10672 1.10477 1.09924 1.09026 1.07804 1.06285 1.04503 1.02504 1.00347 0.981073 0.95884 0.938097 0.920687 0.909265 0.907867 0.923016 0.966088 1.05886 1.24792 1.64629 2.56744 5 
0 0.0729953 0.145601 0.21743 0.288099 0.357231 0.424457 0.489418 0.551768 0.611174 0.667319 0.719903 0.768647 0.81329 0.853593 0.889342 0.920346 0.94644 0.967484 0.983366 0.994001 0.999333 0.999333 0.994001 0.983366 0.967484 0.94644 0.920346 0.889342 0.853593 0.81329 0.768647 0.719903 0.667319 0.611174 0.551768 0.489418 0.424457 0.357231 0.288099 0.21743 0.145601 0.0729953 0 
