0 0.108119 0.21497 0.319302 0.419889 0.515554 0.605174 0.687699 0.762162 0.827689 0.883512 0.928977 0.96355 0.986827 0.998533 0.998533 0.986827 0.96355 0.928977 0.883512 0.827689 0.762162 0.687699 0.605174 0.515554 0.419889 0.319302 0.21497 
4 2.10025 1.40874 1.1337 1.02428 0.988868 0.989868 1.00934 1.03759 1.0691 1.10039 1.12913 1.15386 1.17366 1.18807 1.19707 1.20106 1.20097 1.19833 1.19565 1.19685 1.20835 1.24133 1.31705 1.48057 1.84062 2.69803 5 
4 2.88327 2.18508 1.78254 1.55407 1.4258 1.35627 1.32227 1.31003 1.31104 1.32004 1.33353 1.34927 1.36598 1.38308 1.40062 1.41936 1.44086 1.46768 1.50385 1.55564 1.633 1.75221 1.94111 2.24896 2.76395 3.6322 5 
4 3.24883 2.66565 2.25753 1.98377 1.80368 1.68702 1.61331 1.56897 1.54492 1.53514 1.53562 1.54374 1.55798 1.57769 1.60303 1.63498 1.67549 1.72771 1.79645 1.8889 2.01582 2.19343 2.44618 2.81011 3.334 4.06682 5 
4 3.44642 2.97119 2.59819 2.31994 2.11828 1.97488 1.87504 1.80761 1.76448 1.73993 1.73 1.73202 1.74445 1.76663 1.7988 1.84203 1.89841 1.97125 2.06538 2.18773 2.34801 2.55953 2.84002 3.21126 3.69512 4.30113 5 
4 3.5663 3.17408 2.84406 2.57951 2.37445 2.21921 2.10438 2.02196 1.9655 1.93014 1.9124 1.90988 1.92112 1.94556 1.98346 2.03589 2.10487 2.19349 2.30612 2.44869 2.62896 2.85663 3.14307 3.49972 3.93416 4.44264 5 
4 3.64528 3.3149 3.02437 2.77977 2.58071 2.42302 2.30129 2.21027 2.14535 2.10273 2.07959 2.07395 2.08459 2.11104 2.15358 2.21319 2.29169 2.39172 2.51693 2.67197 2.86248 3.09494 3.37587 3.71035 4.09922 4.53533 5 
4 3.7001 3.41589 3.15866 2.93458 2.74568 2.59085 2.46749 2.37249 2.3028 2.25576 2.22924 2.2217 2.23222 2.26043 2.30661 2.37163 2.45699 2.56483 2.69796 2.85975 3.05404 3.28473 3.55508 3.86656 4.21711 4.59946 5 
4 3.73958 3.48993 3.25967 3.05423 2.87653 2.72719 2.60532 2.50938 2.4376 2.38825 2.35987 2.35137 2.3621 2.39183 2.4408 2.50974 2.59982 2.71268 2.85032 3.01504 3.20919 3.43483 3.69316 3.98368 4.30326 4.6454 5 
4 3.76847 3.54479 3.33576 3.14616 2.97906 2.83598 2.71716 2.62208 2.54993 2.49973 2.47058 2.4618 2.47296 2.50396 2.55502 2.6267 2.7199 2.83575 2.97561 3.14088 3.33282 3.55224 3.79905 4.07174 4.36689 4.67891 5 
4 3.78951 3.58514 3.39241 3.21556 3.05762 2.92052 2.80519 2.71183 2.64027 2.59011 2.5609 2.55225 2.56397 2.59602 2.64861 2.72217 2.81732 2.93481 3.07547 3.24003 3.42897 3.64225 3.87904 4.13732 4.4137 4.70335 5 
4 3.80446 3.61393 3.43317 3.266 3.11533 2.9833 2.87122 2.77976 2.70918 2.6595 2.63059 2.62232 2.63462 2.66754 2.72125 2.79607 2.8924 3.01072 3.15143 3.31479 3.50076 3.70877 3.93752 4.18479 4.4473 4.72079 5 
4 3.81436 3.63305 3.46037 3.29988 3.15439 3.02612 2.9166 2.82677 2.75718 2.7081 2.67963 2.6718 2.68464 2.71825 2.77279 2.84845 2.94551 3.06422 3.20472 3.36695 3.55052 3.75454 3.97747 4.217 4.46997 4.73252 5 
4 3.81979 3.6436 3.47542 3.31872 3.17623 3.05019 2.94225 2.8535 2.78463 2.73606 2.70801 2.7006 2.71391 2.74806 2.80318 2.87943 2.97698 3.09593 3.23628 3.39777 3.57983 3.7814 4.00082 4.23574 4.48312 4.73931 5 
4 3.82109 3.64614 3.47906 3.32329 3.18159 3.05617 2.9487 2.86033 2.79177 2.74349 2.71574 2.70866 2.72235 2.75691 2.81246 2.88913 2.98704 3.10625 3.24668 3.40802 3.58964 3.7904 4.00864 4.24202 4.48752 4.74157 5 
4 3.81833 3.64079 3.47143 3.31377 3.17062 3.04418 2.93604 2.8473 2.77863 2.73039 2.70279 2.69595 2.70992 2.74477 2.80062 2.87759 2.97581 3.09535 3.23617 3.39801 3.58028 3.78193 4.00132 4.23616 4.48341 4.73945 5 
4 3.81133 3.62725 3.45213 3.28972 3.14292 3.01386 2.90398 2.81421 2.74503 2.69664 2.66911 2.66243 2.6766 2.71165 2.76767 2.84481 2.94326 3.06317 3.20464 3.36758 3.55156 3.75571 3.97855 4.21786 4.47056 4.73282 5 
4 3.79964 3.60469 3.42013 3.25006 3.09747 2.96432 2.85182 2.76053 2.69063 2.64204 2.61458 2.60809 2.62242 2.65757 2.7136 2.79073 2.88923 3.00943 3.15166 3.3161 3.50265 3.71079 3.93932 4.18616 4.44819 4.72123 5 
4 3.78246 3.57169 3.37366 3.19293 3.03253 2.89414 2.77843 2.68547 2.61493 2.56631 2.53911 2.53292 2.54745 2.5826 2.63845 2.71527 2.81349 2.93368 3.07648 3.2425 3.43216 3.64547 3.88176 4.13927 4.41487 4.70388 5 
4 3.75845 3.52591 3.30987 3.11548 2.94559 2.80125 2.68231 2.58801 2.51731 2.46917 2.44264 2.43703 2.45186 2.48694 2.54234 2.61842 2.71579 2.83532 2.97809 3.14526 3.33801 3.55719 3.80297 4.07428 4.36819 4.67938 5 
4 3.72539 3.4636 3.22441 3.01353 2.83312 2.68296 2.56156 2.46696 2.39717 2.35041 2.32528 2.3207 2.33602 2.37095 2.42555 2.50027 2.59593 2.71374 2.85528 3.02246 3.21743 3.4423 3.69863 3.98669 4.30425 4.64544 5 
4 3.67949 3.37865 3.11064 2.88112 2.6904 2.53591 2.41402 2.32111 2.25398 2.21005 2.18734 2.18448 2.20059 2.23528 2.28864 2.36118 2.45393 2.56843 2.70683 2.87187 3.06696 3.29592 3.56257 3.86959 4.21671 4.59811 5 
4 3.61389 3.26084 2.95836 2.70993 2.51147 2.35625 2.23751 2.14948 2.08759 2.04844 2.02956 2.02928 2.04657 2.08097 2.13255 2.20189 2.29018 2.39924 2.53172 2.69124 2.88261 3.11187 3.38611 3.71237 4.09494 4.53025 5 
4 3.51522 3.09246 2.75202 2.48878 2.2893 2.14012 2.03029 1.95168 1.89846 1.86656 1.85319 1.85652 1.87545 1.90948 1.95868 2.02366 2.10565 2.20662 2.32956 2.47876 2.66035 2.88283 3.15763 3.49884 3.92047 4.42793 5 
4 3.35455 2.84173 2.46848 2.20385 2.01683 1.8846 1.79182 1.72847 1.688 1.66615 1.66013 1.66816 1.68921 1.72282 1.76903 1.82842 1.90212 1.99205 2.10114 2.2339 2.39718 2.60146 2.86275 3.20487 3.66018 4.26097 5 
4 3.06122 2.45144 2.07629 1.84127 1.68954 1.58961 1.52391 1.48236 1.45893 1.44991 1.45299 1.46676 1.4904 1.52354 1.56621 1.61886 1.68237 1.75829 1.84904 1.95851 2.09301 2.26307 2.48702 2.79771 3.25444 3.95576 5 
4 2.43894 1.82648 1.54392 1.39538 1.31046 1.26039 1.23188 1.21815 1.21544 1.22156 1.23519 1.25552 1.28211 1.31474 1.35343 1.39844 1.45025 1.50971 1.57824 1.65812 1.75329 1.87081 2.02455 2.24454 2.60415 3.30765 5 
0.866825 0.868014 0.871581 0.877527 0.88585 0.896552 0.909631 0.925089 0.942925 0.963139 0.985731 1.0107 1.03805 1.06778 1.09988 1.13436 1.17122 1.21046 1.25208 1.29608 1.34245 1.3912 1.44233 1.49584 1.55172 1.60999 1.67063 1.73365 
