0 0.0514788 0.102821 0.153891 0.204552 0.254671 0.304115 0.352752 0.400454 0.447094 0.492548 0.536696 0.579421 0.620609 0.660152 0.697944 0.733885 0.76788 0.799839 0.829677 0.857315 0.882679 0.905702 0.926324 0.944489 0.96015 0.973264 0.983798 0.991723 0.997018 0.999668 0.999668 0.997018 0.991723 0.983798 0.973264 0.96015 0.944489 0.926324 0.905702 0.882679 0.857315 0.829677 0.799839 0.76788 0.733885 0.697944 0.660152 0.620609 0.579421 0.536696 0.492548 0.447094 0.400454 0.352752 0.304115 0.254671 0.204552 0.153891 0.102821 
4 2.04953 1.30822 0.985454 0.830639 0.753477 0.716791 0.703327 0.704036 0.713879 0.729717 0.749418 0.771795 0.795749 0.820404 0.845451 0.87049 0.894927 0.918499 0.94117 0.962699 0.982734 1.00114 1.01795 1.03317 1.04658 1.05801 1.06739 1.07479 1.08025 1.08374 1.08519 1.08454 1.08184 1.07718 1.07064 1.0623 1.05221 1.04044 1.02711 1.01236 0.996405 0.979485 0.961869 0.943874 0.925893 0.908421 0.892108 0.877822 0.866748 0.860561 0.861715 0.874015 0.903695 0.961708 1.06918 1.27157 1.67939 2.59943 5 
4 2.8383 2.09518 1.64934 1.3793 1.21191 1.10633 1.03972 0.998534 0.974627 0.962946 0.959661 0.962506 0.969938 0.980483 0.993203 1.00748 1.02268 1.03831 1.05401 1.06941 1.08416 1.09819 1.11145 1.12378 1.1349 1.14461 1.15291 1.1599 1.16559 1.16989 1.17271 1.17401 1.17387 1.17246 1.16988 1.16624 1.1616 1.15608 1.14985 1.1432 1.13645 1.13 1.12429 1.11986 1.11738 1.11772 1.12201 1.13179 1.14916 1.17706 1.21974 1.28357 1.37859 1.5212 1.73937 2.08308 2.64201 3.56463 5 
4 3.20828 2.5848 2.13728 1.82529 1.60855 1.45701 1.35061 1.27584 1.22343 1.18748 1.16367 1.14894 1.14105 1.13823 1.1394 1.14371 1.15018 1.1581 1.16702 1.17656 1.18637 1.19625 1.20606 1.21554 1.22441 1.2325 1.23983 1.24647 1.25239 1.25746 1.26159 1.26479 1.26719 1.26896 1.27025 1.27116 1.27179 1.2723 1.27295 1.2741 1.27621 1.2798 1.28545 1.29389 1.30602 1.32301 1.34638 1.37813 1.421 1.47874 1.55658 1.66196 1.80593 2.00506 2.28403 2.67941 3.24077 4.01734 5 
4 3.41016 2.89848 2.48967 2.17603 1.93985 1.76283 1.63004 1.53045 1.45577 1.40006 1.3587 1.32843 1.30688 1.29212 1.28282 1.27787 1.27613 1.27678 1.27938 1.28348 1.28865 1.29457 1.30104 1.30779 1.31454 1.32114 1.32759 1.3339 1.34003 1.34583 1.35124 1.35629 1.36116 1.36602 1.37104 1.37631 1.38198 1.38824 1.39544 1.40402 1.41452 1.42755 1.44382 1.4642 1.48975 1.52185 1.56227 1.61331 1.67797 1.76031 1.86582 2.00179 2.17825 2.40903 2.71226 3.10988 3.6242 4.26426 5 
4 3.53418 3.10925 2.74677 2.44983 2.21214 2.02415 1.87629 1.7603 1.66934 1.59817 1.54248 1.49922 1.46601 1.44081 1.42215 1.40877 1.39951 1.39353 1.39034 1.38942 1.39024 1.39243 1.39575 1.39995 1.40475 1.40999 1.41561 1.42162 1.42793 1.43444 1.44109 1.44795 1.45519 1.46301 1.47157 1.48098 1.4914 1.5031 1.51646 1.53201 1.55032 1.57208 1.59809 1.6293 1.66688 1.71229 1.76745 1.83475 1.91723 2.01877 2.14453 2.30105 2.49637 2.7407 3.04594 3.42368 3.88172 4.41575 5 
4 3.6171 3.25804 2.93842 2.66427 2.43474 2.24548 2.09085 1.96514 1.86312 1.78057 1.71384 1.66016 1.61727 1.58314 1.55628 1.53546 1.51953 1.50762 1.4992 1.49368 1.49048 1.4892 1.48962 1.49149 1.49451 1.49849 1.50335 1.50907 1.51557 1.52277 1.53062 1.53921 1.54871 1.55933 1.57122 1.5845 1.59938 1.61614 1.63523 1.65721 1.68269 1.7124 1.74716 1.78798 1.83609 1.89294 1.96042 2.04092 2.13732 2.25307 2.39258 2.56136 2.76547 3.01171 3.30721 3.65727 4.06303 4.51697 5 
4 3.67615 3.36735 3.08468 2.83412 2.61718 2.43236 2.27656 2.14615 2.03739 1.9471 1.87228 1.81054 1.75984 1.71827 1.68446 1.65726 1.63552 1.61839 1.6053 1.59562 1.58876 1.58435 1.58215 1.58191 1.58331 1.58614 1.59029 1.59575 1.60245 1.61032 1.61933 1.62956 1.6412 1.65443 1.66941 1.68629 1.70528 1.72672 1.75107 1.77891 1.81086 1.84766 1.89015 1.93933 1.99643 2.06286 2.14038 2.23117 2.33791 2.46358 2.61162 2.78631 2.99221 3.23352 3.514 3.83542 4.19615 4.58893 5 
4 3.72022 3.4505 3.19891 2.97052 2.76765 2.59024 2.43688 2.30539 2.19327 2.0982 2.01779 1.95006 1.89327 1.84572 1.80619 1.77363 1.74694 1.72529 1.70807 1.6947 1.68459 1.67739 1.67286 1.67073 1.67067 1.67245 1.67597 1.68121 1.68813 1.69665 1.70676 1.71853 1.73215 1.74779 1.76562 1.78581 1.80858 1.83429 1.86341 1.8965 1.93421 1.97725 2.02645 2.08275 2.14732 2.22155 2.30701 2.40555 2.5195 2.6515 2.80415 2.98038 3.18348 3.41603 3.67972 3.9744 4.2974 4.64256 5 
4 3.75428 3.5156 3.28997 3.08153 2.89266 2.72406 2.5753 2.44524 2.33222 2.23467 2.15069 2.07875 2.01742 1.96523 1.92114 1.88419 1.85335 1.82782 1.80705 1.79047 1.77753 1.76789 1.7613 1.7575 1.75614 1.75699 1.75995 1.76503 1.77217 1.78133 1.79247 1.80567 1.82112 1.83897 1.85941 1.88259 1.90878 1.93834 1.97173 2.0095 2.05225 2.10069 2.15561 2.21788 2.28853 2.36888 2.46039 2.56456 2.68321 2.81861 2.97285 3.14781 3.34553 3.56749 3.81431 4.08497 4.37655 4.68398 5 
4 3.78133 3.5678 3.3639 3.17305 2.99743 2.83807 2.69512 2.56807 2.4559 2.35756 2.27165 2.19698 2.13245 2.07681 2.02918 1.98872 1.95447 1.9257 1.90192 1.88261 1.86725 1.85549 1.84712 1.84185 1.83934 1.83938 1.84187 1.84683 1.85422 1.86398 1.87608 1.89061 1.90772 1.92758 1.95037 1.97627 2.00552 2.0385 2.07566 2.11751 2.16462 2.21765 2.27735 2.34452 2.42005 2.50506 2.60092 2.70896 2.83043 2.96706 3.12059 3.29232 3.48337 3.69432 3.92513 4.17453 4.43981 4.7168 5 
4 3.80325 3.61038 3.42484 3.24937 3.08596 2.93572 2.79912 2.67603 2.56586 2.46799 2.38139 2.30522 2.23861 2.18053 2.13025 2.08705 2.05007 2.01866 1.99239 1.9708 1.95339 1.93984 1.92993 1.92339 1.9199 1.91924 1.92136 1.92625 1.9339 1.94423 1.95723 1.97296 1.99157 2.01325 2.03816 2.06647 2.09846 2.13446 2.17491 2.22028 2.27111 2.32798 2.39158 2.46266 2.54201 2.63049 2.72924 2.83956 2.96244 3.0989 3.25025 3.41745 3.60112 3.80129 4.01744 4.24824 4.49134 4.74334 5 
4 3.82135 3.64567 3.47572 3.31371 3.16139 3.01986 2.8897 2.77106 2.66364 2.56713 2.4808 2.40407 2.33629 2.27661 2.22444 2.17917 2.14007 2.10656 2.07829 2.05484 2.03574 2.02068 2.00947 2.00185 1.99752 1.99629 1.99811 2.00299 2.0109 2.02178 2.03559 2.05241 2.07238 2.09568 2.12246 2.15293 2.18731 2.22595 2.26923 2.3176 2.37155 2.4316 2.49832 2.5724 2.6546 2.74564 2.84625 2.95753 3.08053 3.21582 3.3642 3.52623 3.70229 3.89216 4.09508 4.3097 4.53398 4.76519 5 
4 3.8365 3.67532 3.5187 3.36846 3.22613 3.09272 2.96886 2.85487 2.75064 2.65611 2.57074 2.49418 2.42594 2.36533 2.31189 2.26516 2.22447 2.18935 2.15952 2.13457 2.11409 2.09779 2.08549 2.07697 2.07195 2.07026 2.07186 2.07676 2.08494 2.09633 2.11089 2.12869 2.14988 2.17461 2.20306 2.2354 2.27187 2.31279 2.35848 2.40935 2.46586 2.5285 2.59771 2.67403 2.75818 2.85088 2.95263 3.06408 3.18619 3.31948 3.46438 3.62108 3.7897 3.96992 4.16094 4.36145 4.5697 4.78343 5 
4 3.84928 3.70046 3.55532 3.4154 3.282 3.15606 3.03823 2.92889 2.82809 2.73591 2.652 2.57612 2.50797 2.44697 2.3928 2.34509 2.30329 2.26699 2.23595 2.20984 2.18826 2.17095 2.15777 2.14851 2.14295 2.14091 2.14235 2.14731 2.15575 2.16761 2.18284 2.20153 2.2238 2.24982 2.27973 2.3137 2.35197 2.39482 2.44255 2.49549 2.55405 2.6187 2.68986 2.76788 2.8533 2.94683 3.04899 3.1601 3.2808 3.41152 3.55258 3.70397 3.86554 4.03689 4.21725 4.40543 4.59991 4.79882 5 
4 3.8602 3.72198 3.58677 3.4559 3.33049 3.21137 3.09919 2.99439 2.89709 2.80748 2.72533 2.65052 2.58286 2.5219 2.46743 2.41916 2.37662 2.33949 2.30758 2.28058 2.25814 2.24004 2.22616 2.21633 2.21034 2.20804 2.2094 2.21444 2.22314 2.23542 2.25126 2.27073 2.29396 2.3211 2.35228 2.38767 2.42748 2.47195 2.52136 2.576 2.63621 2.70238 2.7749 2.85414 2.94041 3.03423 3.13612 3.24642 3.36539 3.49332 3.63041 3.77657 3.93155 4.09484 4.26571 4.4431 4.62569 4.81192 5 
4 3.86963 3.74052 3.61397 3.49105 3.37274 3.25982 3.1529 3.05243 2.9586 2.87164 2.79143 2.71794 2.65107 2.59049 2.53604 2.48754 2.4446 2.40694 2.37442 2.34677 2.32369 2.30498 2.29056 2.2803 2.27399 2.27151 2.27283 2.27797 2.28691 2.29959 2.31597 2.33613 2.3602 2.38831 2.4206 2.45721 2.49831 2.54412 2.59489 2.65089 2.71241 2.77973 2.85318 2.93312 3.01986 3.11365 3.21487 3.32393 3.44093 3.566 3.69918 3.84035 3.98919 4.14518 4.30763 4.47555 4.64784 4.82316 5 
4 3.87775 3.75657 3.63756 3.52163 3.40965 3.30233 3.20025 3.10386 3.01337 2.92906 2.85087 2.77886 2.713 2.65303 2.59887 2.55041 2.50731 2.46935 2.43644 2.40835 2.38481 2.36566 2.35086 2.34028 2.33376 2.33116 2.33248 2.33774 2.34691 2.35994 2.37681 2.39759 2.4224 2.45135 2.48457 2.5222 2.5644 2.61133 2.66319 2.72023 2.78273 2.85092 2.92499 3.00525 3.09205 3.18555 3.28591 3.3935 3.50836 3.63055 3.75997 3.89646 4.03967 4.18908 4.34403 4.50366 4.66698 4.83285 5 
4 3.88477 3.7705 3.65807 3.54828 3.44194 3.33967 3.24201 3.1494 3.06207 2.98035 2.9042 2.83375 2.76903 2.70984 2.65615 2.60793 2.56486 2.52679 2.49367 2.46532 2.44148 2.42204 2.40697 2.39619 2.38953 2.38688 2.38823 2.39361 2.403 2.41635 2.43366 2.45499 2.48044 2.51011 2.54413 2.58261 2.62571 2.67356 2.72629 2.78412 2.84732 2.9161 2.99056 3.07092 3.15749 3.25042 3.34979 3.45581 3.56849 3.68785 3.81371 3.94587 4.08394 4.22743 4.37575 4.52808 4.68358 4.84125 5 
4 3.8909 3.78263 3.67594 3.57157 3.47023 3.37247 3.27882 3.18969 3.10532 3.02606 2.95192 2.88306 2.81955 2.76124 2.70816 2.6603 2.61741 2.57938 2.5462 2.51771 2.49371 2.4741 2.45887 2.44797 2.44125 2.43859 2.44001 2.44552 2.45511 2.46876 2.48645 2.50825 2.53425 2.56455 2.59924 2.63842 2.68224 2.7308 2.78423 2.84268 2.90636 2.97547 3.05012 3.13043 3.21661 3.30879 3.40703 3.51147 3.62201 3.73866 3.86118 3.98935 4.12278 4.26098 4.40341 4.54933 4.698 4.84853 5 
4 3.89624 3.79318 3.69152 3.59191 3.49499 3.40126 3.3112 3.22524 3.1436 3.06666 2.99445 2.92715 2.86487 2.80749 2.75509 2.70769 2.66509 2.62721 2.59407 2.56557 2.54151 2.52182 2.50652 2.49557 2.48883 2.48621 2.48771 2.49336 2.50316 2.51707 2.5351 2.55731 2.58378 2.61461 2.64985 2.68962 2.73401 2.78312 2.83707 2.89598 2.96001 3.02929 3.10393 3.18404 3.26974 3.36109 3.45816 3.56101 3.66949 3.78359 3.90302 4.02755 4.1568 4.29029 4.42752 4.56782 4.71051 4.85485 5 
4 3.90086 3.80233 3.70506 3.60961 3.51657 3.4264 3.33956 3.25645 3.17731 3.10252 3.03212 2.96633 2.90526 2.84882 2.79712 2.75023 2.70799 2.67034 2.63734 2.6089 2.58487 2.56518 2.54988 2.53893 2.53221 2.52964 2.53124 2.53704 2.54703 2.56119 2.57953 2.60211 2.62899 2.66025 2.69596 2.7362 2.78105 2.83059 2.88489 2.94412 3.00838 3.07773 3.15224 3.23204 3.3172 3.4077 3.50358 3.60488 3.71141 3.82314 3.93975 4.06099 4.1865 4.31582 4.44847 4.58385 4.72136 4.86031 5 
4 3.90484 3.81023 3.71677 3.62495 3.53529 3.44825 3.36426 3.2837 3.20682 3.13399 3.06527 3.00087 2.94095 2.88543 2.83444 2.78809 2.74624 2.70887 2.67607 2.64777 2.62382 2.60419 2.58892 2.57801 2.57135 2.56886 2.57057 2.5765 2.58668 2.60107 2.61969 2.64259 2.66982 2.70145 2.73753 2.77815 2.82338 2.87324 2.92781 2.98722 3.0516 3.12096 3.19528 3.2747 3.35926 3.44891 3.54365 3.64348 3.7482 3.85775 3.9718 4.0901 4.21229 4.33794 4.46659 4.5977 4.73071 4.86503 5 
4 3.90825 3.81703 3.72685 3.63815 3.55143 3.46711 3.38561 3.30731 3.23243 3.16136 3.09415 3.03104 2.97218 2.91753 2.86724 2.82142 2.77998 2.74292 2.71035 2.68222 2.6584 2.63886 2.62367 2.61282 2.60623 2.60384 2.60566 2.61174 2.62208 2.63667 2.65553 2.67871 2.70625 2.73819 2.77458 2.8155 2.86101 2.91113 2.96589 3.02542 3.08983 3.15911 3.23323 3.31225 3.3962 3.48501 3.57868 3.67715 3.7802 3.88778 3.99955 4.11525 4.23453 4.35697 4.48216 4.60958 4.73874 4.86908 5 
4 3.91118 3.82283 3.73543 3.64939 3.56519 3.48322 3.40387 3.32752 3.25439 3.18487 3.119 3.05703 2.99915 2.94529 2.89565 2.85035 2.80932 2.77258 2.74026 2.71233 2.68865 2.66922 2.65412 2.64336 2.63686 2.63456 2.63651 2.64272 2.65322 2.66799 2.68705 2.71046 2.73827 2.77047 2.80712 2.84829 2.89402 2.94432 2.99922 3.05881 3.1232 3.19237 3.26624 3.34487 3.42825 3.51627 3.60894 3.70618 3.80774 3.91357 4.02333 4.13676 4.25352 4.37321 4.49543 4.61971 4.74558 4.87252 5 
4 3.91363 3.82768 3.7426 3.6588 3.57671 3.49672 3.4192 3.34451 3.27288 3.20467 3.13997 3.07901 3.02197 2.96884 2.91979 2.87497 2.83433 2.7979 2.76582 2.73809 2.71457 2.69527 2.68028 2.66961 2.6632 2.66101 2.66307 2.66943 2.68008 2.69501 2.71425 2.73785 2.76586 2.79829 2.83517 2.87654 2.92244 2.97288 3.02787 3.0875 3.15185 3.22087 3.29449 3.37276 3.45561 3.54292 3.63468 3.73083 3.83108 3.93539 4.04342 4.15491 4.26952 4.38688 4.5066 4.62823 4.75133 4.87543 5 
4 3.91562 3.83162 3.74844 3.66647 3.58612 3.50776 3.43174 3.35842 3.28802 3.22092 3.15719 3.09708 3.04078 2.98827 2.93974 2.89535 2.85506 2.81891 2.78707 2.75953 2.73617 2.717 2.70212 2.69155 2.68524 2.68315 2.68533 2.69182 2.70262 2.71771 2.73711 2.76087 2.78906 2.82167 2.85872 2.90027 2.94633 2.99687 3.05192 3.11157 3.17587 3.24474 3.31813 3.39605 3.47844 3.56513 3.65611 3.75132 3.85046 3.95349 4.06006 4.16992 4.28276 4.39818 4.51583 4.63528 4.75609 4.87782 5 
4 3.91716 3.8347 3.75303 3.6725 3.59353 3.51644 3.44161 3.36938 3.29996 3.23374 3.1708 3.11138 3.05569 3.00369 2.9556 2.91158 2.87158 2.83569 2.80405 2.77669 2.75347 2.73443 2.71965 2.70919 2.70298 2.701 2.70329 2.7099 2.72084 2.73607 2.75562 2.77954 2.80786 2.84062 2.87782 2.91952 2.96571 3.01634 3.07143 3.13108 3.19533 3.26408 3.33725 3.41487 3.49687 3.58305 3.67339 3.76782 3.86605 3.96803 4.07342 4.18197 4.29337 4.40724 4.52323 4.64091 4.75989 4.87973 5 
4 3.9183 3.83698 3.75643 3.67698 3.59902 3.52288 3.44893 3.37751 3.30882 3.24327 3.18092 3.12203 3.0668 3.01521 2.96746 2.92372 2.88397 2.84827 2.81681 2.78959 2.76651 2.74757 2.7329 2.72254 2.71643 2.71455 2.71695 2.72367 2.73473 2.75009 2.76978 2.79384 2.82229 2.85516 2.89248 2.93429 2.9806 3.03132 3.08645 3.14608 3.21028 3.27894 3.35194 3.42933 3.51102 3.59679 3.68663 3.78046 3.87799 3.97917 4.08364 4.19119 4.30148 4.41415 4.52886 4.64519 4.76276 4.88116 5 
4 3.91907 3.83851 3.75869 3.67994 3.60265 3.52714 3.45376 3.38287 3.31467 3.24956 3.18761 3.12908 3.07417 3.02286 2.97536 2.93183 2.89225 2.8567 2.82537 2.79828 2.7753 2.75646 2.74187 2.7316 2.72558 2.7238 2.7263 2.73312 2.74428 2.75976 2.77958 2.80376 2.83234 2.86532 2.90273 2.94463 2.99103 3.04182 3.09699 3.15662 3.22079 3.28938 3.36227 3.43949 3.52096 3.60645 3.69594 3.78935 3.88639 3.98698 4.09082 4.19764 4.30714 4.41896 4.53276 4.64814 4.76474 4.88216 5 
4 3.91945 3.83927 3.75981 3.6814 3.60443 3.52922 3.45613 3.3855 3.31754 3.25265 3.1909 3.13257 3.07783 3.02667 2.97931 2.93591 2.89644 2.86099 2.82974 2.80273 2.77985 2.76109 2.74657 2.73637 2.73044 2.72875 2.73134 2.73825 2.74951 2.76509 2.78501 2.80931 2.838 2.87108 2.90858 2.95056 2.99702 3.04789 3.1031 3.16275 3.2269 3.29547 3.3683 3.44542 3.52677 3.61211 3.70141 3.79457 3.89131 3.99157 4.09501 4.2014 4.31043 4.42174 4.53501 4.64984 4.76587 4.88274 5 
4 3.91945 3.83925 3.75977 3.68134 3.60436 3.52914 3.45604 3.3854 3.31743 3.25254 3.1908 3.13248 3.07776 3.02664 2.97931 2.93596 2.89654 2.86112 2.82992 2.80296 2.78015 2.76146 2.747 2.73685 2.73099 2.72938 2.73206 2.73907 2.75041 2.76608 2.78609 2.81049 2.83929 2.87246 2.91004 2.95208 2.99861 3.04954 3.10481 3.16449 3.22867 3.29724 3.37008 3.4472 3.52853 3.61384 3.70309 3.79618 3.89283 3.99297 4.09628 4.20252 4.31139 4.42254 4.53564 4.65032 4.76621 4.88291 5 
4 3.91905 3.83844 3.75857 3.67977 3.60243 3.52688 3.45347 3.38255 3.31433 3.24921 3.18728 3.1288 3.07397 3.02275 2.97535 2.93196 2.89252 2.8571 2.8259 2.79896 2.77619 2.75757 2.74316 2.73306 2.72725 2.72571 2.72847 2.73557 2.74699 2.76274 2.78284 2.80732 2.8362 2.86946 2.90711 2.94922 2.99581 3.0468 3.10213 3.16188 3.22611 3.29474 3.36764 3.44484 3.52626 3.61166 3.70101 3.7942 3.89095 3.99121 4.09464 4.20102 4.31005 4.42138 4.53471 4.64962 4.76574 4.88268 5 
4 3.91824 3.83684 3.7562 3.67666 3.59863 3.52243 3.44841 3.37693 3.30821 3.24265 3.18033 3.12151 3.06641 3.01499 2.96742 2.92389 2.88438 2.84891 2.81768 2.79072 2.76796 2.74938 2.73504 2.72498 2.71922 2.71774 2.72057 2.72774 2.73925 2.75509 2.77526 2.79981 2.82876 2.86208 2.89979 2.94196 2.98861 3.03966 3.09507 3.1549 3.21923 3.28796 3.36099 3.43834 3.51994 3.60555 3.69513 3.7886 3.88566 3.98625 4.09007 4.19688 4.30639 4.41827 4.53217 4.64769 4.76445 4.88202 5 
4 3.91703 3.83444 3.75264 3.672 3.59292 3.51574 3.44081 3.3685 3.29903 3.2328 3.16989 3.11058 3.05507 3.00332 2.95549 2.91175 2.87209 2.83653 2.80523 2.77823 2.75546 2.7369 2.7226 2.7126 2.70689 2.70547 2.70836 2.7156 2.72719 2.74309 2.76334 2.78795 2.81695 2.85032 2.88808 2.93029 2.97699 3.02811 3.08361 3.14354 3.20799 3.27688 3.35009 3.42765 3.50952 3.59545 3.68541 3.77931 3.87687 3.97804 4.08251 4.19005 4.30038 4.41313 4.52798 4.6445 4.76228 4.88091 5 
4 3.9154 3.83121 3.74786 3.66573 3.58523 3.50672 3.43058 3.35715 3.28668 3.21957 3.15589 3.09592 3.03986 2.98767 2.9395 2.89548 2.85561 2.81992 2.78853 2.76147 2.73867 2.72011 2.70585 2.6959 2.69026 2.6889 2.69185 2.69915 2.7108 2.72676 2.74707 2.77174 2.80078 2.83418 2.87197 2.91421 2.96096 3.01215 3.06773 3.12778 3.19237 3.26144 3.33488 3.41273 3.49494 3.58129 3.67176 3.76626 3.86453 3.9665 4.07189 4.18046 4.29192 4.40591 4.52207 4.63997 4.7592 4.87937 5 
4 3.91333 3.82711 3.74178 3.65775 3.57545 3.49527 3.41759 3.34276 3.27104 3.20283 3.13821 3.07743 3.02069 2.96796 2.91936 2.87502 2.8349 2.79903 2.76753 2.7404 2.71757 2.69901 2.68478 2.67489 2.66931 2.66803 2.67106 2.67843 2.69012 2.70613 2.72647 2.75118 2.78025 2.81367 2.85147 2.89373 2.94051 2.99176 3.04743 3.1076 3.17235 3.24162 3.31532 3.3935 3.47613 3.56301 3.65412 3.74939 3.84855 3.95157 4.05814 4.16803 4.28095 4.39652 4.51438 4.63408 4.75523 4.87738 5 
4 3.91079 3.82206 3.73429 3.64793 3.56344 3.48122 3.40167 3.32517 3.25195 3.18244 3.1167 3.05497 2.99743 2.94406 2.89498 2.85026 2.80986 2.7738 2.74217 2.71496 2.69211 2.67357 2.65937 2.64954 2.64404 2.64286 2.64598 2.65342 2.66516 2.6812 2.70157 2.72629 2.75537 2.78879 2.82659 2.86886 2.91566 2.96695 3.0227 3.08298 3.14789 3.21737 3.29134 3.3699 3.45301 3.5405 3.63238 3.72857 3.82882 3.93311 4.04112 4.15263 4.26733 4.38485 4.50482 4.62679 4.75033 4.87492 5 
4 3.90773 3.81598 3.7253 3.63615 3.54904 3.4644 3.38265 3.30418 3.22922 3.15819 3.09117 3.02837 2.96994 2.91586 2.86623 2.82109 2.78039 2.74414 2.71238 2.68511 2.66224 2.64374 2.62961 2.61985 2.61444 2.61335 2.61658 2.6241 2.6359 2.65197 2.67235 2.69707 2.72614 2.75954 2.79732 2.83957 2.88637 2.93768 2.99348 3.05384 3.11889 3.18858 3.26284 3.3418 3.42545 3.51364 3.60638 3.70364 3.80516 3.91092 4.02063 4.13405 4.25088 4.37075 4.49328 4.61799 4.7444 4.87192 5 
4 3.9041 3.80879 3.71465 3.62223 3.53206 3.4446 3.3603 3.27957 3.20263 3.12989 3.06143 2.99743 2.93802 2.88318 2.83296 2.78739 2.74639 2.70995 2.6781 2.65079 2.62794 2.6095 2.59547 2.58582 2.58052 2.57954 2.58287 2.59048 2.60233 2.61843 2.63881 2.66352 2.69256 2.72592 2.76364 2.80585 2.8526 2.9039 2.9597 3.02012 3.08527 3.15514 3.22969 3.30906 3.39328 3.48222 3.57593 3.67438 3.77733 3.88477 3.99641 4.11205 4.23138 4.35401 4.47957 4.60752 4.73731 4.86833 5 
4 3.89986 3.80037 3.70221 3.60597 3.51226 3.42156 3.33436 3.25106 3.1719 3.09726 3.02722 2.96194 2.90149 2.84584 2.79504 2.74905 2.70776 2.67116 2.63927 2.61197 2.58918 2.57085 2.55696 2.54746 2.54231 2.54146 2.5449 2.5526 2.5645 2.58062 2.60099 2.62566 2.65465 2.68794 2.72558 2.76769 2.81435 2.86557 2.92132 2.98173 3.04694 3.11695 3.19176 3.27153 3.35634 3.44608 3.54081 3.64054 3.74505 3.85435 3.96819 4.08635 4.20855 4.3344 4.46347 4.59519 4.72893 4.86411 5 
4 3.89491 3.79058 3.68776 3.58713 3.48936 3.39498 3.30449 3.21833 3.13672 3.06001 2.98827 2.92165 2.86013 2.80367 2.75229 2.70591 2.6644 2.6277 2.5958 2.56859 2.54594 2.52779 2.51408 2.50478 2.49982 2.49915 2.50273 2.51051 2.52247 2.53858 2.55892 2.58354 2.61245 2.64563 2.68314 2.7251 2.77161 2.82267 2.8783 2.93863 3.00382 3.07391 3.14893 3.22907 3.31444 3.40497 3.50075 3.60183 3.70801 3.81936 3.93562 4.05663 4.18211 4.31163 4.44473 4.58079 4.71917 4.8592 5 
4 3.88918 3.77925 3.67106 3.5654 3.46301 3.36447 3.27031 3.18098 3.09671 3.01777 2.94425 2.87624 2.81367 2.75643 2.7045 2.6578 2.61615 2.57945 2.54763 2.52058 2.49816 2.48027 2.46683 2.45778 2.45305 2.45258 2.45633 2.46423 2.47624 2.49236 2.51265 2.53719 2.56598 2.59901 2.63632 2.67806 2.72433 2.77515 2.83056 2.89071 2.9558 3.02588 3.10103 3.18146 3.26733 3.35861 3.45543 3.55788 3.66583 3.77937 3.8983 4.02247 4.15161 4.28528 4.42298 4.56405 4.70783 4.85346 5 
4 3.88255 3.76614 3.65178 3.54036 3.43273 3.32953 3.2313 3.13852 3.05139 2.97013 2.89476 2.82534 2.76178 2.70388 2.65151 2.60456 2.56288 2.52631 2.4947 2.46792 2.44582 2.42828 2.4152 2.40647 2.40202 2.40179 2.40573 2.41377 2.42585 2.44197 2.46221 2.48664 2.51527 2.54809 2.58514 2.62657 2.6725 2.72297 2.77804 2.8379 2.90277 2.97273 3.04788 3.12849 3.21475 3.30668 3.40448 3.50829 3.61805 3.73391 3.85572 3.98335 4.11654 4.25486 4.39779 4.54465 4.69465 4.84677 5 
4 3.87486 3.75096 3.6295 3.51151 3.39796 3.28956 3.18687 3.09035 3.00021 2.91657 2.83939 2.76861 2.7041 2.64569 2.59309 2.54606 2.50446 2.46815 2.43693 2.41057 2.38892 2.37185 2.35921 2.35089 2.3468 2.34686 2.35102 2.35921 2.37136 2.38749 2.40767 2.43196 2.46039 2.49293 2.52963 2.57065 2.61613 2.66613 2.72074 2.78018 2.84467 2.91434 2.98933 3.06995 3.15643 3.24887 3.34754 3.45265 3.56423 3.68248 3.80733 3.93868 4.07632 4.21984 4.36872 4.52221 4.67935 4.83903 5 
4 3.86591 3.73332 3.60368 3.4782 3.35798 3.24383 3.1363 3.0358 2.94252 2.85651 2.77762 2.70567 2.64036 2.58155 2.52893 2.48211 2.44083 2.40494 2.37425 2.3485 2.32746 2.31098 2.2989 2.29108 2.28742 2.28783 2.29226 2.30063 2.31288 2.32901 2.3491 2.37323 2.40139 2.43358 2.46985 2.51035 2.55525 2.60465 2.65865 2.71749 2.78142 2.85061 2.92522 3.00561 3.0921 3.18484 3.2842 3.39049 3.5038 3.62445 3.75242 3.88773 4.03021 4.17952 4.33513 4.49618 4.66155 4.83002 5 
4 3.85543 3.71272 3.57361 3.43959 3.31188 3.1914 3.07869 2.97406 2.87762 2.78928 2.70884 2.636 2.57024 2.51126 2.4588 2.41244 2.3718 2.33662 2.30666 2.28168 2.26144 2.2457 2.2343 2.22708 2.22392 2.22476 2.22951 2.2381 2.25046 2.26659 2.28658 2.3105 2.33835 2.3701 2.40582 2.44568 2.48987 2.53852 2.59173 2.64977 2.71293 2.78138 2.85533 2.93521 3.02141 3.11418 3.21398 3.32121 3.43608 3.55901 3.69012 3.82956 3.97727 4.13298 4.29614 4.4658 4.64073 4.81941 5 
4 3.84307 3.68848 3.5384 3.39462 3.25854 3.13114 3.01294 2.90415 2.80467 2.71423 2.63246 2.55899 2.49323 2.43457 2.38259 2.33694 2.29723 2.26307 2.23415 2.21018 2.19091 2.1761 2.16551 2.159 2.15644 2.15776 2.16289 2.17173 2.18422 2.20037 2.22024 2.2439 2.27135 2.30257 2.33764 2.37673 2.42007 2.46779 2.52002 2.57703 2.63914 2.70654 2.77951 2.85855 2.94411 3.03654 3.13641 3.24422 3.36033 3.48531 3.61946 3.76311 3.91637 4.07907 4.25068 4.43017 4.61622 4.80689 5 
4 3.82834 3.6597 3.49683 3.34192 3.19653 3.06169 2.93779 2.82486 2.72263 2.63057 2.54799 2.47426 2.40886 2.35105 2.30012 2.25561 2.21713 2.18429 2.1567 2.13401 2.11595 2.10223 2.09263 2.08695 2.08509 2.08698 2.09255 2.10169 2.11433 2.13048 2.1502 2.17355 2.20053 2.23113 2.26542 2.30362 2.34594 2.39254 2.44356 2.49928 2.56002 2.62604 2.69765 2.77542 2.8599 2.95152 3.05096 3.15885 3.27572 3.40235 3.53928 3.68708 3.8461 4.01631 4.19729 4.38806 4.58705 4.79198 5 
4 3.81058 3.62514 3.44727 3.27963 3.12399 2.9813 2.85172 2.73493 2.63037 2.53727 2.45465 2.38145 2.31695 2.26042 2.21107 2.16825 2.13146 2.1003 2.07435 2.05323 2.03661 2.0242 2.01574 2.01103 2.00999 2.01254 2.01861 2.02809 2.04091 2.05705 2.07659 2.09957 2.126 2.15587 2.18928 2.22644 2.26758 2.31285 2.3624 2.41651 2.47554 2.53978 2.6096 2.68564 2.7685 2.85871 2.95706 3.06435 3.18131 3.30898 3.4482 3.59986 3.76461 3.94274 4.13407 4.33776 4.55194 4.77391 5 
4 3.78879 3.58305 3.38745 3.2053 3.03849 2.88774 2.75285 2.63294 2.52686 2.43346 2.35158 2.27986 2.21716 2.16262 2.11543 2.07484 2.04026 2.01121 1.98725 1.968 1.95308 1.94218 1.93502 1.93144 1.93133 1.93464 1.94128 1.95115 1.96416 1.98029 1.99961 2.02216 2.04796 2.07701 2.10941 2.14538 2.18516 2.22887 2.27667 2.32885 2.38579 2.44783 2.51539 2.58913 2.66973 2.75779 2.85423 2.96004 3.07619 3.20402 3.34471 3.49956 3.66968 3.85591 4.05855 4.27695 4.50916 4.75177 5 
4 3.76151 3.53081 3.31418 3.11564 2.93699 2.77837 2.6389 2.517 2.41079 2.31841 2.23834 2.16907 2.10917 2.05749 2.01316 1.9754 1.94355 1.91707 1.8955 1.87843 1.86548 1.85631 1.85065 1.84833 1.84928 1.85345 1.86074 1.87104 1.88426 1.90036 1.91942 1.94149 1.96659 1.99472 2.026 2.06064 2.09884 2.14074 2.18649 2.2364 2.29087 2.35027 2.41503 2.48583 2.56341 2.64845 2.742 2.84526 2.95943 3.08616 3.22703 3.38387 3.55853 3.75265 3.96734 4.20237 4.456 4.72403 5 
4 3.72644 3.46449 3.22281 3.00609 2.81552 2.65005 2.50748 2.38526 2.28068 2.19112 2.11441 2.04884 1.99282 1.945 1.90435 1.87009 1.84153 1.81809 1.79931 1.78475 1.77403 1.76681 1.76283 1.76194 1.76408 1.7692 1.77721 1.78799 1.80142 1.81749 1.83625 1.85779 1.88212 1.90925 1.93929 1.97243 2.00885 2.04868 2.09209 2.13939 2.19101 2.24729 2.30866 2.37582 2.44953 2.53056 2.62011 2.71951 2.83019 2.95407 3.09324 3.25024 3.42787 3.62895 3.8558 4.10937 4.38845 4.68831 5 
4 3.67976 3.37792 3.10652 2.87033 2.66886 2.49886 2.35601 2.23609 2.13547 2.05084 1.9794 1.91908 1.86816 1.82524 1.78918 1.75915 1.73446 1.71455 1.69895 1.68722 1.679 1.67394 1.67183 1.67252 1.67597 1.68215 1.69094 1.70223 1.71588 1.7319 1.75034 1.7713 1.79481 1.82087 1.84955 1.88101 1.91544 1.95296 1.99375 2.03812 2.08649 2.13915 2.19651 2.25926 2.32821 2.4042 2.48848 2.58248 2.68774 2.80653 2.94146 3.09592 3.27387 3.47964 3.71753 3.9909 4.30018 4.6407 5 
4 3.61468 3.26094 2.95511 2.69994 2.49075 2.32036 2.18152 2.06785 1.9744 1.89725 1.83323 1.77991 1.73549 1.69855 1.66797 1.64291 1.62268 1.60678 1.59474 1.58616 1.58068 1.578 1.57792 1.58034 1.58523 1.59255 1.60219 1.614 1.62789 1.64383 1.66194 1.68231 1.70495 1.72985 1.75703 1.78666 1.8189 1.8539 1.89182 1.93297 1.97768 2.0262 2.0789 2.13649 2.19981 2.26968 2.34729 2.43406 2.53166 2.64264 2.77011 2.91822 3.09217 3.29823 3.5438 3.83646 4.18094 4.57427 5 
4 3.51801 3.09598 2.75308 2.48369 2.27403 2.11042 1.98174 1.8794 1.79714 1.73054 1.67626 1.6318 1.59532 1.56549 1.54127 1.52187 1.50668 1.49522 1.4871 1.48195 1.47944 1.47933 1.48145 1.48574 1.49217 1.50071 1.51123 1.52359 1.53771 1.55359 1.57136 1.59112 1.61285 1.63649 1.66205 1.68969 1.71959 1.75191 1.78676 1.82438 1.86501 1.90887 1.95634 2.00813 2.06498 2.12758 2.19698 2.27457 2.36208 2.46222 2.57828 2.71482 2.87821 3.07723 3.32341 3.6305 4.01267 4.47572 5 
4 3.36142 2.8519 2.47754 2.20761 2.01129 1.86572 1.75563 1.67078 1.60428 1.55155 1.50942 1.47561 1.44847 1.42681 1.40976 1.39666 1.387 1.38039 1.3765 1.37501 1.37568 1.37831 1.38278 1.38905 1.39712 1.40692 1.41835 1.43127 1.44563 1.46148 1.47893 1.49805 1.51881 1.54109 1.56492 1.59046 1.61794 1.64744 1.679 1.71276 1.74893 1.78774 1.82956 1.87497 1.92449 1.97861 2.03834 2.10499 2.18009 2.26594 2.36577 2.48447 2.62886 2.80934 3.04189 3.3495 3.7637 4.31605 5 
4 3.0758 2.47268 2.09769 1.85802 1.69776 1.58569 1.50439 1.44378 1.39762 1.36197 1.33425 1.31271 1.2961 1.28353 1.27434 1.26806 1.26434 1.26289 1.26347 1.26585 1.26986 1.27536 1.2823 1.29066 1.30041 1.31151 1.32386 1.33736 1.352 1.36784 1.38498 1.40344 1.42313 1.44396 1.466 1.48944 1.51444 1.54097 1.56897 1.59859 1.63009 1.66366 1.69945 1.73781 1.77917 1.824 1.87299 1.92697 1.98717 2.05559 2.13466 2.22844 2.34334 2.48962 2.6852 2.96183 3.37664 4.02447 5 
4 2.46913 1.86517 1.58244 1.42903 1.33597 1.27487 1.23258 1.20236 1.18042 1.16442 1.1529 1.14487 1.13969 1.13685 1.13603 1.13696 1.13946 1.14339 1.1486 1.15498 1.16246 1.17096 1.18046 1.19096 1.20242 1.21481 1.22808 1.2422 1.25717 1.27304 1.28984 1.30754 1.3261 1.34549 1.3658 1.38713 1.40949 1.43281 1.45713 1.48261 1.50936 1.53734 1.56667 1.59768 1.63053 1.66528 1.70248 1.74265 1.78625 1.83449 1.8888 1.95145 2.02646 2.12065 2.24758 2.43613 2.75668 3.40517 5 
0.935501 0.93577 0.936576 0.93792 0.939801 0.94222 0.945176 0.94867 0.952701 0.95727 0.962376 0.968019 0.9742 0.980919 0.988175 0.995969 1.0043 1.01317 1.02257 1.03252 1.043 1.05402 1.06557 1.07767 1.0903 1.10347 1.11717 1.13142 1.1462 1.16152 1.17737 1.19377 1.2107 1.22816 1.24617 1.26471 1.28379 1.30341 1.32357 1.34426 1.36549 1.38726 1.40957 1.43241 1.45579 1.47971 1.50417 1.52916 1.55469 1.58076 1.60736 1.63451 1.66219 1.69041 1.71916 1.74845 1.77829 1.80865 1.83956 1.871 
