0 0.281733 0.540641 0.75575 0.909632 0.989821 0.989821 0.909632 0.75575 0.540641 0.281733 0 
4 2.23239 1.66191 1.4874 1.45118 1.46121 1.48719 1.53357 1.64222 1.92897 2.71507 5 
4 2.9857 2.38719 2.08105 1.94658 1.91644 1.96411 2.09548 2.35075 2.81785 3.64934 5 
4 3.3235 2.82021 2.50295 2.33769 2.29388 2.35743 2.53361 2.84749 3.34233 4.06431 5 
4 3.48824 3.06719 2.77281 2.60749 2.56404 2.63821 2.83394 3.1631 3.63977 4.26558 5 
4 3.56233 3.18756 2.91362 2.7555 2.71659 2.7975 3.00086 3.33098 3.78808 4.35825 5 
4 3.5735 3.20713 2.93861 2.78437 2.74923 2.83428 3.04114 3.37174 3.82321 4.37929 5 
4 3.52454 3.12882 2.84928 2.69419 2.66161 2.74916 2.95775 3.29158 3.75369 4.33576 5 
4 3.39588 2.93423 2.6354 2.48154 2.45398 2.54298 2.74909 3.08307 3.56415 4.21016 5 
4 3.12476 2.5768 2.27641 2.14247 2.12983 2.21973 2.41251 2.72734 3.20973 3.9409 5 
4 2.52626 1.97184 1.75119 1.68226 1.70309 1.79349 1.95376 2.20421 2.60675 3.34349 5 
1 1.00826 1.03306 1.07438 1.13223 1.20661 1.29752 1.40496 1.52893 1.66942 1.82645 2 
