0 0.0455146 0.0909349 0.136167 0.181116 0.22569 0.269797 0.313344 0.356242 0.398401 0.439735 0.480157 0.519584 0.557934 0.595128 0.631088 0.66574 0.699012 0.730836 0.761145 0.789876 0.81697 0.842371 0.866025 0.887885 0.907905 0.926043 0.942261 0.956526 0.968809 0.979084 0.98733 0.993529 0.997669 0.999741 0.999741 0.997669 0.993529 0.98733 0.979084 0.968809 0.956526 0.942261 0.926043 0.907905 0.887885 0.866025 0.842371 0.81697 0.789876 0.761145 0.730836 0.699012 0.66574 0.631088 0.595128 0.557934 0.519584 0.480157 0.439735 0.398401 0.356242 0.313344 0.269797 0.22569 0.181116 0.136167 0.0909349 
4 2.04402 1.29714 0.968992 0.808837 0.726476 0.684763 0.666487 0.662709 0.668263 0.680193 0.696388 0.715477 0.736651 0.759012 0.782042 0.805539 0.829027 0.852099 0.87473 0.896828 0.918045 0.938134 0.957108 0.974991 0.991636 1.00686 1.0206 1.03288 1.04369 1.05295 1.06056 1.06648 1.07077 1.07346 1.07454 1.07398 1.07175 1.06786 1.06238 1.05537 1.0469 1.03701 1.02575 1.01317 0.999367 0.984449 0.968565 0.951878 0.93457 0.916849 0.89896 0.881205 0.863964 0.84773 0.833143 0.821051 0.812618 0.809501 0.814147 0.830317 0.864201 0.926785 1.03923 1.24701 1.66091 2.58849 5 
4 2.83315 2.08483 1.63398 1.35898 1.18674 1.07647 1.00525 0.959839 0.931863 0.916329 0.909729 0.90942 0.913991 0.922171 0.932803 0.945298 0.959173 0.973914 0.989174 1.00465 1.01998 1.03494 1.04947 1.06346 1.07671 1.08903 1.1004 1.11082 1.12021 1.12841 1.13535 1.14103 1.14552 1.14887 1.15103 1.15193 1.15155 1.14994 1.14719 1.14343 1.13874 1.13316 1.12676 1.11963 1.11192 1.10381 1.09556 1.08742 1.07969 1.07272 1.06694 1.06286 1.06115 1.06269 1.06863 1.08048 1.10033 1.13108 1.17702 1.24451 1.34348 1.49037 1.7133 2.06222 2.62698 3.5567 5 
4 3.20354 2.57517 2.12291 1.80626 1.58491 1.42905 1.31826 1.23941 1.18322 1.14359 1.11646 1.09865 1.08795 1.08267 1.08154 1.08379 1.08863 1.0953 1.10337 1.11249 1.12225 1.13229 1.14247 1.15263 1.16259 1.17217 1.18129 1.1899 1.19785 1.20501 1.21132 1.2168 1.22155 1.22555 1.22874 1.23105 1.23248 1.2331 1.23307 1.2325 1.23149 1.23011 1.22843 1.22659 1.2248 1.22331 1.22244 1.22256 1.22406 1.22741 1.23318 1.24208 1.25504 1.27321 1.29815 1.33187 1.37709 1.4375 1.51834 1.62715 1.77488 1.97797 2.26135 2.66162 3.22826 4.01106 5 
4 3.4057 2.8895 2.47624 2.1583 1.91768 1.73651 1.5997 1.49618 1.41781 1.35858 1.31402 1.28069 1.25629 1.23894 1.22713 1.21986 1.21618 1.21526 1.21659 1.21975 1.2242 1.22951 1.23549 1.24202 1.24888 1.25585 1.26281 1.26963 1.27618 1.28235 1.28809 1.29344 1.29844 1.30307 1.30725 1.31092 1.31411 1.31694 1.31954 1.32208 1.32464 1.3273 1.33017 1.33342 1.33731 1.34216 1.34836 1.35633 1.36657 1.37964 1.39622 1.41718 1.44362 1.47691 1.51883 1.5717 1.6386 1.72349 1.83174 1.97083 2.15085 2.38534 2.69251 3.09456 3.61355 4.259 5 
4 3.53005 3.10096 2.73417 2.43317 2.19141 1.99944 1.8477 1.728 1.63349 1.55889 1.5001 1.45379 1.41765 1.38969 1.3683 1.35237 1.34092 1.33305 1.32816 1.32573 1.32515 1.32598 1.32804 1.33116 1.33511 1.33961 1.34447 1.34957 1.3548 1.36006 1.3653 1.37053 1.37578 1.38101 1.38614 1.39114 1.39604 1.401 1.40617 1.41169 1.41766 1.42419 1.43139 1.43949 1.44878 1.45964 1.47251 1.48786 1.50625 1.52831 1.55481 1.58671 1.62523 1.67187 1.7285 1.79752 1.88206 1.98604 2.11439 2.27365 2.4722 2.72005 3.02888 3.41053 3.87256 4.41113 5 
4 3.61312 3.25025 2.9267 2.64865 2.41527 2.22227 2.06393 1.93466 1.82924 1.74338 1.67359 1.61682 1.57089 1.53384 1.50408 1.48052 1.46214 1.448 1.43741 1.42981 1.42457 1.42126 1.41969 1.41966 1.42087 1.42301 1.42588 1.42937 1.43337 1.4378 1.44258 1.44772 1.45321 1.45901 1.46505 1.47132 1.47789 1.4849 1.49252 1.50089 1.5101 1.52028 1.53159 1.54426 1.55864 1.57513 1.5942 1.61638 1.64224 1.67249 1.70792 1.74955 1.79863 1.85672 1.92569 2.00783 2.10607 2.22408 2.36612 2.53736 2.74421 2.99363 3.29246 3.64606 4.05529 4.51296 5 
4 3.67245 3.36 3.07369 2.8195 2.59891 2.41054 2.25121 2.1174 2.00538 1.91186 1.83398 1.7691 1.71524 1.67063 1.63379 1.60365 1.57921 1.55946 1.54372 1.53142 1.52195 1.51489 1.50999 1.50704 1.50569 1.50562 1.50664 1.50863 1.51152 1.5152 1.51957 1.52462 1.53033 1.53667 1.54359 1.55109 1.55926 1.56824 1.57818 1.58923 1.6015 1.61512 1.63026 1.64721 1.66632 1.68802 1.7128 1.74121 1.77384 1.8114 1.85474 1.90485 1.96296 2.03058 2.10957 2.20202 2.31043 2.43804 2.58848 2.76558 2.97383 3.21779 3.50116 3.82578 4.18966 4.58558 5 
4 3.71681 3.44366 3.18863 2.95685 2.75053 2.56978 2.41306 2.27834 2.16306 2.06481 1.98132 1.91038 1.85036 1.79969 1.757 1.72131 1.69162 1.66695 1.64665 1.63018 1.61694 1.60649 1.59858 1.59294 1.58923 1.58712 1.58643 1.58708 1.58895 1.59194 1.59594 1.6009 1.60683 1.61368 1.62145 1.63014 1.63983 1.65066 1.66278 1.67634 1.69146 1.70828 1.727 1.74791 1.77137 1.79784 1.82781 1.86183 1.90049 1.94448 1.99467 2.05204 2.11771 2.19308 2.27989 2.38009 2.49572 2.62933 2.78398 2.96254 3.16788 3.4027 3.66873 3.96607 4.29187 4.63979 5 
4 3.75111 3.50926 3.28042 3.06879 2.87669 2.70494 2.55301 2.41985 2.30376 2.20303 2.11597 2.04079 1.97619 1.92081 1.87342 1.83312 1.79898 1.77009 1.74583 1.72572 1.70915 1.69569 1.68505 1.67698 1.67112 1.66716 1.66494 1.66436 1.66532 1.66769 1.67134 1.67623 1.68236 1.68972 1.6983 1.70811 1.71923 1.7318 1.74596 1.76185 1.77961 1.79939 1.8214 1.84595 1.87339 1.90418 1.93881 1.97782 2.02177 2.07135 2.12736 2.19077 2.26265 2.34418 2.43688 2.54255 2.66294 2.79988 2.95565 3.13253 3.33231 3.55639 3.80522 4.07799 4.37186 4.68163 5 
4 3.77839 3.56192 3.35505 3.16124 2.9826 2.82028 2.67432 2.54428 2.4291 2.32762 2.23864 2.16075 2.09292 2.03401 1.98293 1.9389 1.90107 1.86863 1.84102 1.81777 1.79831 1.78218 1.76912 1.75886 1.75108 1.74547 1.74188 1.74021 1.74035 1.74215 1.74549 1.75032 1.75666 1.76451 1.77386 1.78473 1.79719 1.81137 1.82741 1.84545 1.86563 1.88813 1.91315 1.94099 1.97203 2.0067 2.04546 2.08884 2.13739 2.19175 2.25264 2.32097 2.39775 2.48407 2.58107 2.69028 2.81335 2.9516 3.10653 3.27972 3.47238 3.68516 3.91777 4.16892 4.436 4.71486 5 
4 3.80057 3.60501 3.41671 3.23853 3.07231 2.9193 2.77982 2.65385 2.54074 2.4398 2.35018 2.2708 2.20086 2.13942 2.08555 2.03858 1.99779 1.96244 1.93203 1.90612 1.88416 1.86571 1.85052 1.83834 1.82886 1.8218 1.81699 1.81436 1.81376 1.81506 1.81812 1.82292 1.82947 1.83779 1.84787 1.85972 1.87343 1.88908 1.90685 1.92686 1.94926 1.97423 2.00197 2.03278 2.06704 2.10514 2.14754 2.1947 2.24716 2.30555 2.37049 2.44274 2.52326 2.61309 2.71313 2.82444 2.94848 3.0864 3.23914 3.40762 3.5925 3.79403 4.01164 4.2439 4.48842 4.74184 5 
4 3.8189 3.64078 3.46834 3.30383 3.14891 3.00478 2.87189 2.75049 2.64023 2.54074 2.45145 2.37153 2.30039 2.23726 2.18137 2.13219 2.08908 2.05139 2.01869 1.99056 1.96648 1.94604 1.92901 1.91516 1.90421 1.89588 1.89001 1.88653 1.88529 1.88614 1.88897 1.89375 1.90052 1.90928 1.92005 1.93283 1.94767 1.96468 1.98401 2.00581 2.03022 2.05743 2.08763 2.1211 2.15819 2.19932 2.24487 2.29527 2.35101 2.41269 2.48092 2.55627 2.63953 2.73173 2.83371 2.94612 3.06999 3.20632 3.35584 3.51903 3.69608 3.88691 4.09085 4.30655 4.53189 4.76413 5 
4 3.83431 3.67093 3.51208 3.35956 3.21484 3.079 2.95259 2.83597 2.72905 2.63162 2.54336 2.46362 2.392 2.32789 2.27064 2.21987 2.17502 2.13551 2.10096 2.07101 2.04516 2.02304 2.00444 1.98917 1.97696 1.96754 1.96075 1.95652 1.95472 1.95519 1.95783 1.96262 1.9696 1.9788 1.99021 2.00383 2.01971 2.03796 2.05871 2.08212 2.10834 2.13754 2.16992 2.20575 2.24534 2.28907 2.33733 2.39048 2.44895 2.51327 2.58404 2.66182 2.74711 2.84072 2.94356 3.05621 3.17921 3.31325 3.45887 3.61643 3.78581 3.96671 4.15834 4.35951 4.56842 4.78279 5 
4 3.84737 3.69663 3.54949 3.40753 3.27196 3.1438 3.02359 2.9118 2.80844 2.71348 2.62673 2.54771 2.47618 2.41165 2.35362 2.30179 2.25569 2.2148 2.1788 2.14738 2.12008 2.09657 2.07666 2.06021 2.04693 2.03657 2.029 2.02412 2.02183 2.02198 2.02448 2.02931 2.03651 2.04612 2.05812 2.07252 2.08934 2.10871 2.13074 2.1556 2.18343 2.21441 2.24871 2.2866 2.32836 2.37434 2.42486 2.48031 2.54104 2.60746 2.6801 2.75957 2.84633 2.94079 3.04369 3.15574 3.27725 3.40864 3.55012 3.70196 3.86395 4.03567 4.2163 4.40474 4.59946 4.79859 5 
4 3.85857 3.71869 3.58175 3.44909 3.32174 3.20063 3.08628 2.97922 2.87951 2.78723 2.70231 2.62442 2.55341 2.48894 2.43058 2.37812 2.33118 2.28929 2.25219 2.21962 2.19117 2.16653 2.14557 2.12813 2.11396 2.10281 2.09456 2.08914 2.08645 2.08634 2.08873 2.09362 2.10104 2.11104 2.12359 2.13869 2.15637 2.17674 2.19992 2.22609 2.25536 2.2879 2.32389 2.36356 2.40719 2.45507 2.50747 2.56477 2.62731 2.69542 2.76946 2.84997 2.93752 3.0324 3.13496 3.24584 3.36535 3.49376 3.63107 3.77735 3.93234 4.09563 4.26641 4.44367 4.62608 4.8121 5 
4 3.86827 3.73781 3.6098 3.48536 3.36538 3.25072 3.14186 3.03932 2.94323 2.85374 2.77087 2.69438 2.62424 2.56017 2.50184 2.44912 2.40167 2.35911 2.32121 2.28777 2.25843 2.2329 2.21109 2.19285 2.17794 2.16614 2.15733 2.15146 2.14842 2.14811 2.15044 2.15541 2.16305 2.17341 2.18647 2.20221 2.22066 2.24192 2.26613 2.29345 2.324 2.35792 2.39536 2.43655 2.48176 2.53124 2.58521 2.64397 2.70787 2.77726 2.85236 2.93352 3.02129 3.11605 3.21797 3.32742 3.44463 3.56985 3.70299 3.84397 3.99246 4.14805 4.30999 4.47739 4.64908 4.82376 5 
4 3.87672 3.75448 3.63432 3.51717 3.40382 3.29503 3.19125 3.093 3.00043 2.91375 2.83305 2.75816 2.68911 2.62572 2.5677 2.51499 2.46732 2.42435 2.38592 2.35186 2.32185 2.29566 2.27318 2.2543 2.23879 2.22645 2.21717 2.21093 2.20763 2.20717 2.20947 2.21453 2.22239 2.23308 2.2466 2.26292 2.28207 2.30414 2.32926 2.35759 2.38925 2.42436 2.46306 2.50555 2.55207 2.60285 2.65811 2.71805 2.78296 2.85319 2.92898 3.01054 3.09822 3.19243 3.29336 3.40119 3.51601 3.638 3.76704 3.903 4.04547 4.19408 4.34811 4.50678 4.66908 4.83389 5 
4 3.88409 3.76909 3.65585 3.54518 3.43776 3.33431 3.23521 3.14098 3.0518 2.96789 2.88941 2.81623 2.74844 2.68591 2.62842 2.57594 2.52827 2.48512 2.44637 2.4119 2.38144 2.35475 2.33176 2.31238 2.2964 2.28362 2.27397 2.26744 2.26394 2.26338 2.26568 2.27084 2.27891 2.28991 2.30385 2.32069 2.34046 2.36325 2.38919 2.41842 2.45105 2.48718 2.52696 2.57054 2.61814 2.66996 2.72621 2.78708 2.85277 2.92352 2.99963 3.0813 3.16872 3.26214 3.36181 3.46785 3.58026 3.69909 3.82419 3.95542 4.09237 4.23465 4.3816 4.53253 4.68657 4.84273 5 
4 3.89057 3.78195 3.67482 3.56992 3.46784 3.36922 3.27442 3.18394 3.09796 3.01676 2.94048 2.86906 2.80263 2.74109 2.68427 2.6322 2.58471 2.54156 2.50268 2.46799 2.43722 2.41019 2.38683 2.36707 2.35072 2.33761 2.32768 2.32092 2.31729 2.31667 2.31899 2.32426 2.33252 2.34382 2.35813 2.37543 2.39576 2.41918 2.44585 2.47587 2.50933 2.54634 2.58702 2.63152 2.68001 2.73266 2.78965 2.85118 2.91743 2.98852 3.06468 3.14618 3.23314 3.32567 3.42397 3.52811 3.63809 3.75388 3.87526 4.00209 4.13396 4.27051 4.41113 4.55519 4.70193 4.85049 5 
4 3.89632 3.79332 3.69161 3.59185 3.49455 3.4003 3.30943 3.22243 3.13948 3.06085 2.98674 2.91708 2.85205 2.79158 2.73554 2.684 2.63683 2.59383 2.55497 2.52019 2.48926 2.46201 2.43839 2.41836 2.40174 2.38837 2.37823 2.37132 2.3676 2.36696 2.36932 2.37471 2.38316 2.39472 2.40937 2.42708 2.44789 2.47188 2.49917 2.52988 2.56408 2.60183 2.64324 2.68848 2.7377 2.79101 2.84855 2.91052 2.9771 3.04837 3.12445 3.20558 3.2919 3.38343 3.48033 3.58257 3.69016 3.80302 3.92092 4.04369 4.17093 4.3023 4.43724 4.57519 4.71546 4.85732 5 
4 3.90139 3.80335 3.70646 3.61128 3.51827 3.42796 3.34068 3.25689 3.17676 3.10058 3.02854 2.9606 2.89697 2.83762 2.78243 2.73151 2.68477 2.64204 2.60331 2.56855 2.53756 2.51019 2.48642 2.4662 2.44939 2.43586 2.42557 2.41857 2.4148 2.41417 2.41659 2.42209 2.43072 2.44252 2.45748 2.47557 2.49681 2.52128 2.54911 2.58041 2.61524 2.65362 2.69565 2.74148 2.79125 2.84508 2.90304 2.96529 3.03202 3.10329 3.17918 3.25984 3.34539 3.43586 3.53132 3.63172 3.73701 3.8471 3.96175 4.0808 4.20381 4.33051 4.46036 4.59287 4.72741 4.86335 5 
4 3.90585 3.81221 3.71959 3.62849 3.53931 3.45257 3.36856 3.2877 3.21019 3.13628 3.0662 2.99993 2.93769 2.87945 2.82515 2.77491 2.72867 2.68628 2.64777 2.61312 2.58216 2.55475 2.5309 2.51058 2.49365 2.48002 2.46966 2.4626 2.45883 2.45823 2.46073 2.46635 2.47515 2.48717 2.5024 2.52083 2.54245 2.56736 2.59565 2.62745 2.66279 2.7017 2.74425 2.79055 2.84075 2.89495 2.9532 3.01564 3.08239 3.15352 3.22911 3.30924 3.39398 3.48333 3.57737 3.67597 3.77909 3.8866 3.99824 4.11386 4.23306 4.35554 4.48084 4.6085 4.73797 4.86867 5 
4 3.90978 3.82004 3.73121 3.64373 3.55799 3.47446 3.39339 3.31521 3.24009 3.1683 3.10006 3.03537 2.97446 2.91734 2.86394 2.81441 2.76871 2.72671 2.68846 2.65398 2.62311 2.59574 2.57187 2.55151 2.53454 2.52085 2.51046 2.5034 2.49965 2.4991 2.50169 2.50743 2.51639 2.52862 2.5441 2.56282 2.58478 2.61006 2.63876 2.67098 2.70674 2.74608 2.78904 2.83574 2.88627 2.94071 2.99915 3.06168 3.12838 3.19928 3.27447 3.35402 3.43793 3.52618 3.61882 3.71571 3.81678 3.92189 4.03077 4.14328 4.25901 4.37772 4.49896 4.62231 4.74728 4.87335 5 
4 3.91327 3.82698 3.74149 3.65723 3.57455 3.49388 3.41546 3.3397 3.26676 3.19691 3.13039 3.06718 3.00755 2.95149 2.89898 2.85016 2.80501 2.76344 2.72549 2.69123 2.66049 2.6332 2.60937 2.58903 2.57206 2.55837 2.54798 2.54094 2.53723 2.53676 2.53944 2.54531 2.55442 2.56684 2.58255 2.60153 2.62378 2.64938 2.67843 2.711 2.74711 2.78678 2.83007 2.87707 2.92786 2.98248 3.041 3.10353 3.17012 3.24076 3.3155 3.39443 3.4775 3.56468 3.65599 3.75125 3.85041 3.95332 4.05968 4.16936 4.28199 4.39732 4.51494 4.63448 4.75548 4.87748 5 
4 3.91635 3.83307 3.75053 3.66912 3.58915 3.51103 3.43498 3.36139 3.29042 3.22235 3.15739 3.09557 3.03712 2.98208 2.93042 2.88229 2.8377 2.79655 2.75893 2.7249 2.69434 2.66716 2.64342 2.62313 2.6062 2.59254 2.58219 2.57519 2.57154 2.57114 2.57392 2.57991 2.58918 2.60177 2.6177 2.63691 2.65941 2.68528 2.71462 2.74749 2.7839 2.82384 2.86737 2.91459 2.96558 3.02032 3.07887 3.14134 3.20777 3.27811 3.35239 3.43069 3.51292 3.59907 3.68913 3.78288 3.88027 3.98116 4.08524 4.19238 4.30223 4.41456 4.52899 4.64516 4.76268 4.8811 5 
4 3.91903 3.83839 3.75844 3.67953 3.60195 3.52608 3.45212 3.38046 3.31126 3.24478 3.18125 3.12068 3.06334 3.00924 2.95838 2.91091 2.86686 2.82613 2.78884 2.75506 2.72469 2.69766 2.67403 2.65383 2.63696 2.62336 2.61306 2.60613 2.60254 2.60223 2.60511 2.61121 2.62062 2.63338 2.6495 2.66892 2.69165 2.71776 2.74734 2.78046 2.81711 2.85727 2.90099 2.94837 2.99948 3.0543 3.11286 3.17523 3.24146 3.31148 3.38531 3.46299 3.54442 3.62958 3.71847 3.81083 3.90662 4.00568 4.10771 4.2126 4.31999 4.42967 4.54128 4.65451 4.76897 4.88427 5 
4 3.92134 3.843 3.76529 3.68856 3.61306 3.53915 3.46703 3.39708 3.32944 3.26438 3.20213 3.1427 3.08635 3.03312 2.98298 2.93613 2.89258 2.85226 2.81529 2.78177 2.75161 2.72474 2.70125 2.68115 2.66437 2.65084 2.64061 2.63374 2.63024 2.63001 2.63299 2.63921 2.64874 2.66166 2.67794 2.69756 2.72049 2.74679 2.77658 2.80991 2.84676 2.8871 2.93097 2.97848 3.02967 3.08452 3.14305 3.20532 3.27133 3.34102 3.4144 3.49149 3.57218 3.65642 3.74423 3.83534 3.92968 4.02711 4.12733 4.23023 4.33545 4.44283 4.55199 4.66266 4.77446 4.88703 5 
4 3.92332 3.84696 3.77118 3.69632 3.6226 3.55039 3.47987 3.41141 3.34513 3.28132 3.22019 3.16176 3.10629 3.05382 3.00435 2.95806 2.91497 2.87503 2.83838 2.80511 2.77515 2.74846 2.72511 2.70513 2.68844 2.675 2.66484 2.65805 2.65463 2.65449 2.65757 2.6639 2.67356 2.68661 2.70304 2.72282 2.74592 2.7724 2.80237 2.83587 2.87288 2.91337 2.95737 3.00496 3.0562 3.11106 3.16954 3.23169 3.2975 3.36687 3.43982 3.51637 3.59637 3.67978 3.76661 3.85659 3.94966 4.04565 4.14429 4.24546 4.34882 4.45419 4.56124 4.66969 4.7792 4.88942 5 
4 3.925 3.8503 3.77616 3.70287 3.63066 3.5599 3.49074 3.42355 3.35844 3.29569 3.23553 3.17796 3.12326 3.07146 3.02257 2.97677 2.9341 2.89451 2.85815 2.82512 2.79536 2.76884 2.74563 2.72577 2.70919 2.69584 2.68576 2.67905 2.67571 2.67566 2.67884 2.68527 2.69505 2.70823 2.7248 2.74471 2.76795 2.79459 2.82471 2.85836 2.89551 2.93611 2.98021 3.02788 3.07915 3.13399 3.1924 3.25443 3.32005 3.38912 3.46167 3.53773 3.61712 3.6998 3.78577 3.87477 3.96673 4.06149 4.15877 4.25845 4.36022 4.46388 4.56913 4.67569 4.78324 4.89145 5 
4 3.92639 3.85306 3.78025 3.70826 3.63731 3.56775 3.49972 3.43358 3.36945 3.30759 3.24823 3.19139 3.13732 3.0861 3.0377 2.99233 2.95003 2.91075 2.87464 2.84182 2.81225 2.78588 2.76281 2.74308 2.7266 2.71333 2.70334 2.69672 2.69346 2.69349 2.69677 2.70331 2.7132 2.7265 2.7432 2.76324 2.7866 2.81335 2.8436 2.87739 2.91466 2.95536 2.99953 3.04725 3.09855 3.15336 3.2117 3.27361 3.33905 3.40787 3.48007 3.55569 3.63456 3.7166 3.80183 3.89 3.98102 4.07474 4.17088 4.26932 4.36975 4.47198 4.57571 4.68069 4.7866 4.89313 5 
4 3.92749 3.85523 3.78349 3.71254 3.6426 3.574 3.50687 3.44158 3.37823 3.31708 3.25836 3.2021 3.14856 3.09779 3.0498 3.00479 2.96279 2.92377 2.88788 2.85526 2.82584 2.79962 2.77667 2.75705 2.74067 2.72749 2.71758 2.71104 2.70787 2.70799 2.71134 2.71798 2.72797 2.74139 2.75821 2.77837 2.80184 2.8287 2.85906 2.89296 2.93033 2.97112 3.01535 3.06311 3.11443 3.16923 3.22749 3.28929 3.35458 3.42318 3.49509 3.57034 3.64877 3.73029 3.81492 3.9024 3.99265 4.08551 4.18071 4.27814 4.37747 4.47854 4.58104 4.68472 4.7893 4.89449 5 
4 3.9283 3.85685 3.78591 3.71575 3.64657 3.57869 3.51225 3.44759 3.38483 3.32422 3.26599 3.21016 3.15702 3.10661 3.05893 3.0142 2.97244 2.93363 2.89793 2.86545 2.83617 2.81006 2.78723 2.7677 2.75142 2.73832 2.72849 2.72202 2.71893 2.71914 2.72258 2.72929 2.73937 2.75289 2.76983 2.7901 2.81369 2.84064 2.87109 2.90508 2.94255 2.98342 3.0277 3.0755 3.12682 3.1816 3.23981 3.30152 3.36668 3.43511 3.50679 3.58176 3.65984 3.74095 3.8251 3.91204 4.00168 4.09388 4.18834 4.28497 4.38344 4.4836 4.58513 4.68782 4.79138 4.89553 5 
4 3.92884 3.85795 3.78755 3.71792 3.64926 3.58187 3.5159 3.45167 3.3893 3.32906 3.27116 3.21564 3.16276 3.1126 3.06514 3.02061 2.97903 2.94037 2.9048 2.87245 2.84327 2.81725 2.7945 2.77507 2.75886 2.74584 2.73607 2.72968 2.72667 2.72696 2.73048 2.73727 2.74742 2.76102 2.77806 2.79844 2.82213 2.84918 2.8797 2.91377 2.95133 2.99227 3.0366 3.08443 3.13577 3.19054 3.24871 3.31035 3.37542 3.44373 3.51525 3.59002 3.66784 3.74866 3.83246 3.919 4.00819 4.0999 4.19382 4.28987 4.38772 4.48721 4.58806 4.69004 4.79287 4.89629 5 
4 3.92913 3.85853 3.78843 3.71908 3.65069 3.58356 3.51783 3.45384 3.39168 3.33163 3.27391 3.21855 3.16582 3.11579 3.06846 3.02404 2.98257 2.94401 2.90853 2.87626 2.84715 2.8212 2.79851 2.77915 2.76302 2.75007 2.74036 2.73403 2.73109 2.73146 2.73507 2.74192 2.75214 2.76581 2.78293 2.80341 2.82719 2.85433 2.88493 2.91907 2.95669 2.99769 3.04208 3.08994 3.14129 3.19607 3.25423 3.31584 3.38085 3.4491 3.52053 3.59517 3.67284 3.75347 3.83705 3.92333 4.01224 4.10363 4.19721 4.29289 4.39035 4.48945 4.58988 4.69143 4.79382 4.89677 5 
4 3.92917 3.8586 3.78852 3.71921 3.65085 3.58375 3.51806 3.45409 3.39197 3.33194 3.27424 3.2189 3.16619 3.11618 3.06888 3.0245 2.98307 2.94455 2.9091 2.87687 2.84781 2.82191 2.79926 2.77995 2.76388 2.75099 2.74134 2.73506 2.73218 2.73262 2.73631 2.74325 2.75354 2.76727 2.78445 2.80501 2.82888 2.85609 2.88677 2.92096 2.95864 2.99971 3.04415 3.09205 3.14343 3.19823 3.2564 3.31801 3.38302 3.45125 3.52266 3.59726 3.67488 3.75542 3.83891 3.92508 4.01386 4.10511 4.19855 4.29408 4.3914 4.49034 4.59061 4.692 4.79421 4.89696 5 
4 3.92894 3.85814 3.78783 3.71829 3.64972 3.58243 3.51656 3.45242 3.39014 3.32997 3.27214 3.21667 3.16386 3.11376 3.06639 3.02196 2.9805 2.94196 2.9065 2.87428 2.84524 2.81935 2.79673 2.77744 2.76143 2.74859 2.739 2.73276 2.72992 2.73043 2.7342 2.74122 2.75159 2.76538 2.78262 2.80324 2.82718 2.85447 2.88521 2.91946 2.95719 2.99831 3.04281 3.09076 3.14219 3.19702 3.25524 3.31689 3.38193 3.4502 3.52165 3.59629 3.67395 3.75453 3.83804 3.92425 4.01306 4.10436 4.19786 4.29346 4.39086 4.48989 4.59027 4.69175 4.79404 4.89688 5 
4 3.92843 3.85713 3.78633 3.71632 3.6473 3.57959 3.51331 3.44881 3.38618 3.32569 3.26757 3.21184 3.1588 3.1085 3.06096 3.0164 2.97484 2.93623 2.90072 2.86846 2.83941 2.81353 2.79091 2.77164 2.75565 2.74286 2.73332 2.72712 2.72433 2.72488 2.72871 2.73582 2.74626 2.76013 2.77743 2.79811 2.82211 2.84946 2.88025 2.91455 2.95233 2.9935 3.03805 3.08606 3.13755 3.19245 3.25073 3.31246 3.37758 3.44594 3.5175 3.59226 3.67004 3.75076 3.83443 3.92081 4.00984 4.10136 4.19512 4.29102 4.38873 4.4881 4.58882 4.69065 4.7933 4.89649 5 
4 3.92765 3.85557 3.78402 3.71328 3.64356 3.57519 3.5083 3.44322 3.38006 3.31908 3.26051 3.20438 3.15098 3.10038 3.05258 3.0078 2.96608 2.92735 2.89175 2.85941 2.83032 2.80442 2.78181 2.76253 2.74655 2.7338 2.7243 2.71815 2.7154 2.716 2.71989 2.72705 2.73757 2.75151 2.76887 2.7896 2.81365 2.84105 2.87189 2.90623 2.94405 2.98527 3.02989 3.07797 3.12953 3.18451 3.24288 3.30471 3.36995 3.43845 3.51017 3.58512 3.66312 3.7441 3.82806 3.91477 4.00416 4.09611 4.19033 4.28673 4.38498 4.48492 4.58623 4.68867 4.79196 4.89582 5 
4 3.92658 3.85345 3.78088 3.70915 3.63849 3.56922 3.50148 3.43562 3.37173 3.31009 3.25091 3.19424 3.14037 3.08936 3.04122 2.99614 2.95419 2.9153 2.87956 2.84712 2.81796 2.79203 2.7694 2.75012 2.73415 2.72142 2.71196 2.70586 2.70316 2.70381 2.70774 2.71496 2.72554 2.73954 2.75695 2.77774 2.80183 2.82927 2.86014 2.89452 2.93238 2.97365 3.01832 3.06648 3.11813 3.1732 3.23168 3.29363 3.35903 3.42771 3.49965 3.57486 3.65318 3.73452 3.8189 3.90609 3.99602 4.08856 4.18344 4.28056 4.37958 4.48032 4.58248 4.68582 4.79004 4.89486 5 
4 3.92523 3.85077 3.77689 3.7039 3.63203 3.56162 3.49281 3.42594 3.36113 3.29865 3.23872 3.18138 3.12691 3.0754 3.02683 2.98139 2.93914 2.90003 2.86414 2.83158 2.80232 2.77634 2.75369 2.7344 2.71843 2.70572 2.6963 2.69025 2.6876 2.68831 2.6923 2.69957 2.7102 2.72424 2.7417 2.76252 2.78665 2.81412 2.84502 2.87943 2.91732 2.95863 3.00336 3.05159 3.10332 3.1585 3.2171 3.2792 3.34477 3.41368 3.48589 3.56144 3.64016 3.72197 3.80691 3.89472 3.98535 4.07867 4.17441 4.27245 4.37246 4.47426 4.57755 4.68207 4.78753 4.89361 5 
4 3.92358 3.84748 3.77201 3.69748 3.62413 3.55231 3.48218 3.41409 3.34817 3.28468 3.22384 3.1657 3.11052 3.05841 3.00933 2.96347 2.92088 2.8815 2.84542 2.81271 2.78335 2.7573 2.73461 2.71532 2.69936 2.68668 2.6773 2.6713 2.66871 2.66947 2.67353 2.68086 2.69154 2.70562 2.72311 2.74396 2.76811 2.7956 2.82652 2.86095 2.89887 2.94021 2.98499 3.03328 3.0851 3.14038 3.1991 3.26136 3.32714 3.39631 3.46885 3.5448 3.62401 3.7064 3.792 3.88058 3.97207 4.06634 4.16312 4.2623 4.36355 4.46668 4.57139 4.6774 4.78439 4.89203 5 
4 3.9216 3.84356 3.76617 3.68979 3.61467 3.54119 3.4695 3.39997 3.33273 3.26805 3.20616 3.14709 3.0911 3.03829 2.98865 2.94231 2.89933 2.85965 2.82334 2.79047 2.761 2.73489 2.71216 2.69285 2.67691 2.66426 2.65494 2.649 2.64646 2.64729 2.65141 2.65881 2.66954 2.68366 2.70118 2.72204 2.7462 2.7737 2.80463 2.83907 2.877 2.91836 2.96317 3.01151 3.06341 3.11878 3.17763 3.24006 3.30606 3.37552 3.44844 3.52486 3.60464 3.68771 3.77409 3.86356 3.95606 4.05146 4.14948 4.25003 4.35277 4.45751 4.56394 4.67174 4.78058 4.8901 5 
4 3.91928 3.83894 3.7593 3.68075 3.60357 3.52813 3.45462 3.38342 3.31467 3.24862 3.18554 3.12542 3.06853 3.01495 2.96467 2.91781 2.8744 2.8344 2.79785 2.76481 2.73522 2.70904 2.68629 2.66698 2.65106 2.63847 2.62921 2.62335 2.62089 2.62178 2.62596 2.63342 2.6442 2.65835 2.67589 2.69676 2.72093 2.74843 2.77935 2.81378 2.85171 2.89307 2.9379 2.98627 3.03821 3.09367 3.15264 3.21524 3.28148 3.35126 3.42459 3.50154 3.58196 3.66578 3.75305 3.84354 3.93719 4.03389 4.13337 4.23553 4.34002 4.44667 4.55511 4.66503 4.77605 4.88782 5 
4 3.91658 3.83356 3.75132 3.67026 3.59068 3.513 3.43741 3.36431 3.29384 3.22626 3.16182 3.10055 3.04266 2.98824 2.93727 2.88986 2.84601 2.80567 2.76888 2.73566 2.70596 2.67973 2.65698 2.6377 2.62182 2.60929 2.60013 2.59437 2.592 2.59297 2.59722 2.60473 2.61555 2.62973 2.64727 2.66815 2.69231 2.7198 2.7507 2.78511 2.823 2.86435 2.90916 2.95753 3.0095 3.06502 3.1241 3.18686 3.25334 3.32346 3.39724 3.47475 3.55585 3.64051 3.72875 3.82038 3.91533 4.01352 4.11466 4.21868 4.32521 4.43406 4.54483 4.65719 4.77076 4.88517 5 
4 3.91346 3.82737 3.74213 3.65819 3.57589 3.49565 3.4177 3.34246 3.27006 3.20077 3.13485 3.07231 3.01335 2.95803 2.90634 2.85836 2.81405 2.77337 2.73634 2.70297 2.67317 2.64692 2.62419 2.60497 2.58917 2.57674 2.56769 2.56205 2.55979 2.56086 2.56519 2.57276 2.58361 2.59781 2.61536 2.63622 2.66036 2.68782 2.71869 2.75304 2.79088 2.83216 2.87692 2.92525 2.97722 3.03277 3.09193 3.15485 3.22157 3.29202 3.36625 3.44434 3.52617 3.61171 3.70102 3.79389 3.8903 3.99015 4.09319 4.19931 4.30816 4.4195 4.53295 4.64813 4.76467 4.88211 5 
4 3.90989 3.82028 3.73163 3.64441 3.55901 3.47589 3.39529 3.31765 3.24313 3.17197 3.10443 3.04052 2.98042 2.92415 2.87172 2.82316 2.7784 2.73739 2.70015 2.66666 2.63681 2.61055 2.58788 2.56875 2.55308 2.54079 2.53188 2.52638 2.52426 2.52545 2.52987 2.5375 2.5484 2.56261 2.58014 2.60098 2.62509 2.65249 2.68329 2.71756 2.7553 2.79648 2.84113 2.88939 2.9413 2.99684 3.05606 3.1191 3.18603 3.2568 3.33147 3.41015 3.49272 3.57919 3.66963 3.76386 3.86186 3.96356 4.0687 4.17718 4.28862 4.40279 4.51928 4.63771 4.75764 4.87855 5 
4 3.90582 3.8122 3.71966 3.62873 3.53984 3.45349 3.36995 3.28966 3.2128 3.13961 3.07032 3.00496 2.94367 2.88643 2.83323 2.78411 2.73895 2.69765 2.66023 2.62665 2.5968 2.57061 2.54805 2.52905 2.51354 2.50144 2.49272 2.48739 2.48542 2.48674 2.49126 2.49897 2.50991 2.52414 2.54166 2.56246 2.58651 2.61383 2.64453 2.67867 2.71626 2.75728 2.80178 2.8499 2.9017 2.95719 3.01641 3.07953 3.14663 3.21767 3.29274 3.37198 3.4553 3.54272 3.63435 3.73002 3.82975 3.93347 4.04091 4.15199 4.26633 4.38369 4.50363 4.62576 4.74955 4.87446 5 
4 3.90119 3.80301 3.70607 3.61095 3.51814 3.42818 3.34137 3.25817 3.17877 3.10339 3.03225 2.96537 2.90286 2.84466 2.79072 2.74104 2.69552 2.65402 2.6165 2.58288 2.55309 2.52704 2.50466 2.48587 2.47058 2.45871 2.45022 2.44511 2.44332 2.44478 2.44942 2.45722 2.4682 2.48244 2.49994 2.52069 2.54466 2.57187 2.60242 2.63638 2.67377 2.71457 2.75885 2.80677 2.85841 2.91378 2.97293 3.03605 3.10324 3.17449 3.24991 3.32966 3.4137 3.50209 3.59495 3.69214 3.79371 3.89958 4.00953 4.12347 4.24103 4.36196 4.48582 4.61213 4.74031 4.86982 5 
4 3.89591 3.79256 3.69062 3.59078 3.49357 3.39961 3.3092 3.22283 3.14069 3.06301 2.98992 2.92147 2.85772 2.7986 2.74399 2.69381 2.64797 2.60635 2.56884 2.5353 2.50564 2.4798 2.45768 2.43918 2.42417 2.41259 2.40439 2.39953 2.39797 2.39961 2.40438 2.41227 2.42331 2.43756 2.45503 2.47571 2.49957 2.52663 2.55699 2.59072 2.62784 2.66835 2.71235 2.75999 2.81139 2.86655 2.92554 2.98857 3.05576 3.12712 3.2028 3.283 3.36773 3.45705 3.55114 3.6499 3.75337 3.86154 3.97419 4.09125 4.21238 4.33732 4.46557 4.5966 4.72981 4.86453 5 
4 3.8899 3.78065 3.67306 3.56789 3.46577 3.36736 3.27302 3.1832 3.09814 3.01804 2.94298 2.87295 2.80797 2.74796 2.69279 2.64226 2.59619 2.55451 2.5171 2.48378 2.45439 2.42886 2.40709 2.38895 2.37432 2.36309 2.35521 2.35066 2.34935 2.3512 2.35614 2.36415 2.37525 2.38951 2.40695 2.42754 2.45126 2.47813 2.50824 2.54167 2.57845 2.61861 2.66225 2.70954 2.76059 2.81544 2.87416 2.93697 3.00403 3.07538 3.15122 3.23177 3.31709 3.4073 3.50259 3.6029 3.70834 3.8189 3.93443 4.0549 4.17996 4.30935 4.44252 4.5789 4.71782 4.85846 5 
4 3.88302 3.76704 3.65303 3.54185 3.43424 3.33093 3.2323 3.1388 3.05065 2.96803 2.89099 2.81945 2.75334 2.69249 2.63683 2.58611 2.54002 2.49843 2.46122 2.42824 2.39927 2.37419 2.35288 2.33521 2.32103 2.31024 2.30276 2.29854 2.29753 2.29963 2.30476 2.3129 2.32408 2.33836 2.35575 2.37623 2.39977 2.42639 2.4562 2.48927 2.52565 2.56537 2.60856 2.65539 2.706 2.7604 2.81871 2.88116 2.94794 3.01914 3.09498 3.17576 3.26155 3.35252 3.44893 3.55074 3.65814 3.77119 3.88978 4.01392 4.14329 4.2776 4.41627 4.5587 4.70411 4.85151 5 
4 3.87511 3.75144 3.6301 3.51215 3.39841 3.28969 3.18642 3.08902 2.99765 2.91248 2.83346 2.76052 2.69346 2.63199 2.57594 2.52514 2.47925 2.43799 2.40117 2.36865 2.34024 2.31577 2.29507 2.27798 2.26436 2.25408 2.24706 2.24326 2.24259 2.24496 2.25031 2.25861 2.26988 2.28418 2.3015 2.32184 2.34516 2.3715 2.40094 2.43358 2.46948 2.50869 2.55132 2.59758 2.6476 2.70141 2.75914 2.82106 2.88739 2.95825 3.03393 3.11474 3.20082 3.29239 3.38975 3.49297 3.60229 3.71787 3.83966 3.96772 4.10176 4.24148 4.38632 4.5356 4.68835 4.84355 5 
4 3.86598 3.73344 3.60375 3.47813 3.35756 3.24289 3.13462 3.03312 2.93852 2.85083 2.76994 2.6957 2.62788 2.5661 2.50997 2.45925 2.4137 2.373 2.33683 2.30499 2.27729 2.25357 2.23362 2.21725 2.20429 2.19462 2.18816 2.18483 2.18455 2.18725 2.19285 2.20133 2.21271 2.22702 2.24427 2.26443 2.28749 2.31348 2.34249 2.37464 2.40998 2.44857 2.49054 2.5361 2.58536 2.63841 2.69538 2.75657 2.82224 2.89255 2.96782 3.04843 3.13455 3.22647 3.32458 3.42904 3.54018 3.65826 3.78333 3.91551 4.05457 4.20025 4.35197 4.50897 4.67015 4.83432 5 
4 3.85536 3.71255 3.57325 3.43896 3.31078 3.18963 3.07602 2.97028 2.87243 2.78241 2.69992 2.62462 2.55621 2.49437 2.43857 2.3883 2.34333 2.30337 2.26809 2.23718 2.21042 2.18763 2.16859 2.15308 2.14091 2.13195 2.12611 2.12332 2.12351 2.12658 2.13248 2.14117 2.15265 2.16697 2.18412 2.20408 2.22683 2.25241 2.28094 2.31252 2.34721 2.38508 2.42625 2.47094 2.51929 2.57138 2.62738 2.68762 2.75239 2.82189 2.89648 2.97656 3.0624 3.15436 3.25292 3.35836 3.47113 3.5916 3.71994 3.85637 4.00076 4.15296 4.31236 4.47811 4.64902 4.82355 5 
4 3.8429 3.6881 3.53772 3.39356 3.25693 3.12879 3.00959 2.89954 2.79855 2.70638 2.62265 2.5468 2.47822 2.41657 2.36138 2.31202 2.26804 2.22912 2.19496 2.16522 2.13964 2.11799 2.10003 2.08553 2.07428 2.06614 2.06103 2.05886 2.05957 2.06308 2.06931 2.07823 2.08984 2.10415 2.12118 2.1409 2.16329 2.18842 2.2164 2.24732 2.28127 2.31829 2.35853 2.40218 2.44942 2.50035 2.55516 2.6142 2.67779 2.74616 2.8197 2.89889 2.98405 3.07565 3.17428 3.28034 3.39442 3.51702 3.64847 3.78919 3.9392 4.09847 4.26641 4.44212 4.62425 4.81093 5 
4 3.8281 3.6592 3.49595 3.34056 3.19455 3.0589 2.93398 2.81979 2.71596 2.62201 2.53741 2.4615 2.39344 2.33255 2.27833 2.23022 2.18764 2.15016 2.11742 2.08912 2.06496 2.04467 2.02798 2.01465 2.00446 1.99727 1.99297 1.99151 1.99282 1.99682 2.00343 2.01261 2.02434 2.03864 2.05552 2.07496 2.09697 2.12159 2.14894 2.17914 2.21223 2.24827 2.2874 2.32985 2.37578 2.42533 2.4787 2.53627 2.59836 2.66522 2.73731 2.81515 2.89915 2.9899 3.0881 3.19427 3.30916 3.43345 3.56771 3.71261 3.86841 4.03526 4.21266 4.39975 4.5949 4.79591 5 
4 3.8103 3.62458 3.4463 3.27814 3.12182 2.97824 2.84759 2.72958 2.62352 2.52853 2.4437 2.36825 2.3013 2.24187 2.18925 2.14285 2.10209 2.06646 2.03553 2.00897 1.98649 1.96778 1.95255 1.94056 1.93157 1.92544 1.92208 1.92141 1.9234 1.92795 1.93498 1.94444 1.9563 1.97058 1.98729 2.00642 2.02799 2.05206 2.07872 2.10809 2.14022 2.17513 2.213 2.25404 2.29847 2.3464 2.39807 2.45385 2.51407 2.57901 2.64916 2.72515 2.80745 2.89675 2.99386 3.09944 3.21442 3.33976 3.4763 3.62506 3.78663 3.96145 4.14928 4.34934 4.55975 4.77782 5 
4 3.78852 3.58248 3.38648 3.20383 3.03635 2.88471 2.74864 2.6274 2.51988 2.42481 2.3408 2.26671 2.20157 2.14431 2.09397 2.04987 2.01141 1.97805 1.94931 1.92484 1.90431 1.88742 1.87387 1.86339 1.85574 1.8508 1.84847 1.8487 1.85144 1.8566 1.8641 1.87386 1.88585 1.9001 1.91662 1.93542 1.95652 1.97997 2.00588 2.03433 2.06536 2.099 2.13543 2.1749 2.21761 2.2637 2.31338 2.36702 2.42495 2.48751 2.55522 2.62878 2.70875 2.79586 2.89105 2.99513 3.10927 3.23471 3.3727 3.52466 3.69165 3.87461 4.0738 4.28855 4.51698 4.7557 5 
4 3.76129 3.53032 3.31331 3.11426 2.93498 2.77558 2.635 2.51167 2.40386 2.30988 2.22792 2.15636 2.09399 2.03968 1.99239 1.95126 1.91566 1.88502 1.85887 1.83683 1.81855 1.80373 1.79206 1.78326 1.77711 1.77349 1.7723 1.77352 1.77708 1.78291 1.79091 1.80099 1.81312 1.82732 1.84364 1.86209 1.88269 1.90549 1.93056 1.95798 1.98778 2.02001 2.05486 2.09257 2.13337 2.17736 2.22473 2.27584 2.33107 2.39076 2.4555 2.526 2.60288 2.68693 2.77918 2.88063 2.99271 3.11701 3.25516 3.40915 3.58072 3.77159 3.98279 4.21418 4.46396 4.72799 5 
4 3.72631 3.46419 3.2222 3.00497 2.81373 2.64749 2.50399 2.38051 2.2743 2.183 2.10451 2.03685 1.97844 1.92803 1.88457 1.84712 1.81498 1.78756 1.76442 1.74515 1.72943 1.71692 1.70732 1.70037 1.69587 1.69369 1.69376 1.69605 1.70052 1.70707 1.7156 1.72601 1.73828 1.75244 1.76855 1.78663 1.8067 1.82878 1.85294 1.87922 1.90768 1.93837 1.97149 2.00729 2.04595 2.08757 2.1323 2.18052 2.23261 2.28895 2.35014 2.4169 2.48984 2.5698 2.65794 2.75544 2.86395 2.98538 3.12186 3.27602 3.45056 3.64838 3.87169 4.12157 4.39673 4.69245 5 
4 3.67976 3.37787 3.10631 2.86973 2.66762 2.49675 2.35292 2.23194 2.12988 2.04349 1.97026 1.90799 1.85485 1.80945 1.77067 1.73762 1.70955 1.68588 1.66616 1.65003 1.63714 1.62718 1.61985 1.61493 1.61221 1.61159 1.61303 1.61649 1.62192 1.62924 1.63832 1.64907 1.66148 1.67561 1.69151 1.70922 1.72872 1.75003 1.77318 1.79823 1.82523 1.85428 1.88554 1.91926 1.95557 1.99454 2.03631 2.08127 2.12983 2.18234 2.23937 2.30161 2.36968 2.44446 2.52721 2.6192 2.72226 2.8386 2.97085 3.12247 3.29731 3.4998 3.73413 4.00366 4.30887 4.64516 5 
4 3.61488 3.26122 2.95536 2.69993 2.49027 2.3191 2.17919 2.06442 1.96971 1.89096 1.82515 1.76996 1.72348 1.68422 1.65106 1.62313 1.59973 1.5803 1.56442 1.55175 1.54197 1.53478 1.52992 1.52717 1.52637 1.52744 1.53033 1.53504 1.5415 1.54962 1.55927 1.57037 1.58294 1.59704 1.61274 1.63005 1.64895 1.66942 1.69148 1.71522 1.7407 1.768 1.79729 1.82876 1.86249 1.89854 1.93707 1.97846 2.02309 2.07128 2.12351 2.18046 2.24273 2.31122 2.38718 2.47188 2.56725 2.67578 2.80057 2.94586 3.11669 3.31936 3.56134 3.85013 4.19026 4.57904 5 
4 3.51853 3.09682 2.754 2.4844 2.27433 2.11011 1.98045 1.87696 1.79349 1.72546 1.66951 1.62323 1.58481 1.55282 1.52619 1.5041 1.48594 1.47123 1.45957 1.45067 1.44423 1.44002 1.43779 1.43737 1.43861 1.44146 1.4459 1.45192 1.45945 1.46839 1.47863 1.4901 1.50284 1.51693 1.53244 1.54934 1.56758 1.58714 1.60805 1.63042 1.65432 1.67981 1.707 1.73602 1.76697 1.79989 1.83495 1.8725 1.91282 1.95617 2.003 2.05394 2.10955 2.17062 2.23827 2.31374 2.39902 2.49673 2.6101 2.74376 2.90408 3.09976 3.34212 3.6452 4.02289 4.48103 5 
4 3.36241 2.85351 2.47943 2.2094 2.01265 1.86653 1.75559 1.66962 1.6019 1.54784 1.50419 1.46868 1.43969 1.41602 1.39673 1.38115 1.36875 1.35915 1.35205 1.34717 1.34431 1.34324 1.34379 1.3458 1.3492 1.35393 1.36 1.36738 1.376 1.38578 1.39661 1.40848 1.42142 1.43553 1.45083 1.46728 1.48481 1.50341 1.52314 1.54412 1.56641 1.58999 1.61492 1.64135 1.66937 1.69902 1.73042 1.76383 1.79946 1.83754 1.8785 1.92284 1.97092 2.02337 2.08128 2.14582 2.21864 2.302 2.39922 2.51511 2.65635 2.83359 3.06234 3.36579 3.77527 4.32212 5 
4 3.07762 2.47539 2.10075 1.86104 1.70037 1.58773 1.50571 1.44409 1.39674 1.35982 1.3307 1.30759 1.28925 1.27479 1.26354 1.255 1.24879 1.24465 1.24235 1.24172 1.24258 1.2448 1.24823 1.2528 1.25844 1.26513 1.27287 1.28164 1.29137 1.302 1.31345 1.32575 1.33893 1.35305 1.36812 1.38407 1.40085 1.41847 1.43704 1.45662 1.47721 1.49876 1.52134 1.5451 1.57013 1.59638 1.62388 1.65287 1.68359 1.71619 1.75084 1.78788 1.82767 1.87075 1.9178 1.96958 2.02756 2.09349 2.16988 2.26096 2.37276 2.51581 2.70775 2.98024 3.39027 4.03208 5 
4 2.47266 1.86979 1.58726 1.43369 1.34015 1.2784 1.23537 1.20426 1.18123 1.16402 1.15117 1.1417 1.13492 1.13034 1.12763 1.12651 1.1268 1.12835 1.13104 1.13479 1.13949 1.14508 1.1515 1.1587 1.16665 1.17535 1.18479 1.19494 1.20579 1.21728 1.2294 1.24216 1.25559 1.2697 1.28449 1.2999 1.31594 1.33264 1.35004 1.36815 1.38694 1.40641 1.42665 1.44773 1.46963 1.49227 1.51579 1.54036 1.56601 1.5927 1.62068 1.65019 1.68124 1.71413 1.7494 1.78729 1.8286 1.87442 1.92604 1.98601 2.05811 2.14918 2.27273 2.45739 2.77352 3.41581 5 
0.942869 0.943079 0.943709 0.94476 0.94623 0.94812 0.950431 0.953161 0.956312 0.959882 0.963873 0.968284 0.973115 0.978366 0.984037 0.990128 0.996639 1.00357 1.01092 1.01869 1.02689 1.0355 1.04453 1.05398 1.06385 1.07414 1.08486 1.09599 1.10754 1.11951 1.13191 1.14472 1.15795 1.1716 1.18568 1.20017 1.21508 1.23041 1.24617 1.26234 1.27893 1.29595 1.31338 1.33123 1.34951 1.3682 1.38731 1.40685 1.4268 1.44717 1.46797 1.48918 1.51082 1.53287 1.55535 1.57824 1.60155 1.62529 1.64944 1.67402 1.69901 1.72443 1.75026 1.77652 1.80319 1.83029 1.8578 1.88574 
