0 0.108119 0.21497 0.319302 0.419889 0.515554 0.605174 0.687699 0.762162 0.827689 0.883512 0.928977 0.96355 0.986827 0.998533 0.998533 0.986827 0.96355 0.928977 0.883512 0.827689 0.762162 0.687699 0.605174 0.515554 0.419889 0.319302 0.21497 
4 2.10004 1.40832 1.13352 1.02398 0.988733 0.989855 1.00921 1.03751 1.06917 1.10041 1.12907 1.15383 1.17371 1.18812 1.19703 1.20096 1.20089 1.19834 1.19572 1.19692 1.20838 1.2413 1.31696 1.48047 1.84059 2.69805 5 
4 2.88338 2.18482 1.78244 1.55391 1.42545 1.35605 1.32203 1.30972 1.3108 1.3198 1.3333 1.34917 1.36597 1.38303 1.40049 1.41923 1.44083 1.46779 1.50403 1.55579 1.63305 1.75216 1.94096 2.24877 2.76388 3.63227 5 
4 3.24896 2.66556 2.25733 1.98363 1.80347 1.68682 1.613 1.56854 1.54454 1.5348 1.53531 1.54351 1.5578 1.57747 1.60276 1.63478 1.67547 1.72786 1.79666 1.88903 2.01581 2.19334 2.44604 2.80991 3.33388 4.06688 5 
4 3.44659 2.97106 2.59802 2.3198 2.118 1.9746 1.87463 1.80712 1.76408 1.73959 1.72963 1.73168 1.74413 1.7663 1.79847 1.84182 1.8984 1.97139 2.06556 2.1878 2.34788 2.55933 2.83989 3.21116 3.69506 4.30115 5 
4 3.56649 3.17408 2.84394 2.57941 2.37414 2.21882 2.10389 2.0214 1.96503 1.92971 1.91193 1.9094 1.92069 1.94517 1.98312 2.03569 2.10485 2.1936 2.30624 2.4487 2.62877 2.85634 3.14291 3.49972 3.93422 4.44268 5 
4 3.64541 3.31492 3.02426 2.77965 2.58043 2.42266 2.30082 2.20973 2.14484 2.10219 2.07899 2.07336 2.08408 2.11061 2.15323 2.213 2.29167 2.3918 2.51696 2.67191 2.86237 3.09471 3.37572 3.7104 4.09937 4.5354 5 
4 3.70023 3.41591 3.15852 2.93441 2.74537 2.59049 2.46701 2.37192 2.30223 2.25512 2.22851 2.22102 2.23166 2.25999 2.30627 2.37142 2.45696 2.5649 2.69795 2.85962 3.05395 3.28464 3.55504 3.86666 4.2173 4.59955 5 
4 3.73966 3.48998 3.25954 3.05407 2.87625 2.72683 2.60481 2.50875 2.43694 2.38751 2.35905 2.35063 2.36154 2.39141 2.44047 2.5095 2.59974 2.71272 2.85035 3.01494 3.2091 3.43483 3.69323 3.98384 4.30345 4.6455 5 
4 3.7685 3.54483 3.33568 3.14604 2.97883 2.83566 2.71664 2.62142 2.54923 2.49895 2.46974 2.46106 2.47242 2.50358 2.55472 2.62649 2.71978 2.83573 2.97563 3.14086 3.33278 3.55228 3.79916 4.07191 4.36707 4.67899 5 
4 3.78952 3.58516 3.39236 3.21545 3.05738 2.92019 2.80466 2.71114 2.63954 2.58933 2.56008 2.55156 2.56349 2.5957 2.64836 2.72199 2.81722 2.93477 3.07546 3.24006 3.42897 3.64232 3.87915 4.13748 4.41386 4.70341 5 
4 3.80442 3.61394 3.43313 3.26588 3.11507 2.98295 2.87066 2.77905 2.70846 2.65876 2.62985 2.62172 2.63423 2.66729 2.72105 2.79593 2.89234 3.01069 3.1514 3.31483 3.50078 3.70884 3.93762 4.18492 4.44744 4.72085 5 
4 3.81429 3.63305 3.46034 3.29977 3.15412 3.02577 2.91607 2.8261 2.75651 2.70744 2.679 2.67132 2.68437 2.7181 2.77266 2.84835 2.94549 3.06422 3.2047 3.36698 3.55054 3.75462 3.97757 4.21713 4.47011 4.73258 5 
4 3.81973 3.64359 3.4754 3.31861 3.17596 3.04986 2.94178 2.85292 2.78407 2.73552 2.70752 2.70025 2.71374 2.74799 2.80312 2.87938 2.97697 3.09594 3.23627 3.39781 3.57985 3.78149 4.00092 4.23588 4.48326 4.73936 5 
4 3.82104 3.64611 3.47902 3.32317 3.18131 3.05585 2.94828 2.85983 2.79132 2.74308 2.71539 2.70845 2.72228 2.75689 2.81242 2.88908 2.98702 3.10622 3.24665 3.40806 3.58965 3.79049 4.00875 4.24214 4.48762 4.74159 5 
4 3.81826 3.64074 3.47137 3.31365 3.17035 3.04387 2.93567 2.8469 2.77828 2.73009 2.70257 2.69586 2.70994 2.7448 2.80059 2.87754 2.97576 3.09527 3.23611 3.39803 3.58029 3.78201 4.0014 4.23623 4.48346 4.73944 5 
4 3.81125 3.62719 3.45207 3.28962 3.14268 3.01359 2.90368 2.81392 2.7448 2.69647 2.66902 2.66246 2.67671 2.71172 2.76765 2.84475 2.9432 3.06307 3.20457 3.36759 3.55156 3.75576 3.97859 4.21787 4.47055 4.73279 5 
4 3.79959 3.60466 3.4201 3.25 3.09728 2.96413 2.85162 2.76038 2.69053 2.64199 2.61461 2.60821 2.62258 2.65764 2.71356 2.79066 2.88917 3.00934 3.15158 3.3161 3.50263 3.71079 3.93928 4.1861 4.44815 4.72118 5 
4 3.78244 3.5717 3.37365 3.1929 3.03239 2.89399 2.77834 2.68548 2.61497 2.56637 2.53922 2.53308 2.54761 2.58264 2.63837 2.71517 2.81343 2.93358 3.07638 3.24246 3.43207 3.64539 3.88163 4.13914 4.41478 4.70379 5 
4 3.75846 3.52595 3.30986 3.11545 2.94548 2.80114 2.68228 2.58814 2.51751 2.46934 2.4428 2.4372 2.452 2.48696 2.54224 2.61831 2.71573 2.83522 2.97796 3.14517 3.33784 3.55702 3.80277 4.07411 4.36806 4.67929 5 
4 3.72541 3.46363 3.22438 3.01346 2.83302 2.68291 2.56158 2.46715 2.39745 2.35068 2.32547 2.32086 2.33614 2.37096 2.42547 2.5002 2.5959 2.71364 2.85511 3.0223 3.21719 3.44208 3.69842 3.98651 4.30411 4.64535 5 
4 3.6795 3.37865 3.11056 2.881 2.69029 2.53593 2.41417 2.32135 2.25426 2.21029 2.1875 2.18458 2.20064 2.23527 2.28857 2.36113 2.45389 2.56829 2.70658 2.87163 3.06667 3.29569 3.56235 3.86939 4.21655 4.59798 5 
4 3.61388 3.26082 2.95828 2.70981 2.51132 2.35624 2.23773 2.14983 2.08793 2.04867 2.02968 2.02934 2.0466 2.08097 2.13251 2.20185 2.29011 2.39903 2.53142 2.69098 2.88233 3.11166 3.3859 3.71214 4.09478 4.53014 5 
4 3.51519 3.0924 2.75193 2.4887 2.28924 2.14014 2.03051 1.95203 1.89878 1.86674 1.85324 1.85653 1.87547 1.9095 1.95866 2.0236 2.10553 2.20636 2.32925 2.47853 2.66011 2.88263 3.15738 3.49857 3.92028 4.42788 5 
4 3.35451 2.84164 2.46834 2.20377 2.01686 1.88474 1.79208 1.72879 1.68826 1.66626 1.66012 1.66815 1.68926 1.72287 1.769 1.82831 1.90196 1.9918 2.10089 2.23374 2.39697 2.60123 2.86248 3.20469 3.66 4.26081 5 
4 3.0612 2.45139 2.07617 1.84117 1.68958 1.58978 1.52416 1.4826 1.45908 1.44994 1.45298 1.4668 1.4905 1.52358 1.56614 1.61873 1.68228 1.75816 1.84888 1.95836 2.09283 2.26297 2.48685 2.79751 3.25433 3.95576 5 
4 2.43891 1.82648 1.54392 1.39536 1.31049 1.26049 1.23202 1.21826 1.21549 1.22157 1.23521 1.25558 1.28216 1.31472 1.35337 1.39841 1.45023 1.5096 1.57813 1.65811 1.75318 1.87073 2.0245 2.24441 2.60414 3.30759 5 
0.866825 0.868014 0.871581 0.877527 0.88585 0.896552 0.909631 0.925089 0.942925 0.963139 0.985731 1.0107 1.03805 1.06778 1.09988 1.13436 1.17122 1.21046 1.25208 1.29608 1.34245 1.3912 1.44233 1.49584 1.55172 1.60999 1.67063 1.73365 
