C h:0.010989
C GRID SIZE:92
C N:90
0 0.000120758 0.000483033 0.00108683 0.00193213 0.00301896 0.0043473 0.00591716 0.00772854 0.00978143 0.0120758 0.0146118 0.0173892 0.0204082 0.0236686 0.0271706 0.0309141 0.0348992 0.0391257 0.0435938 0.0483033 0.0532544 0.058447 0.0638812 0.0695568 0.075474 0.0816327 0.0880328 0.0946746 0.101558 0.108683 0.116049 0.123657 0.131506 0.139597 0.147929 0.156503 0.165318 0.174375 0.183673 0.193213 0.202995 0.213018 0.223282 0.233788 0.244536 0.255525 0.266755 0.278227 0.289941 0.301896 0.314093 0.326531 0.33921 0.352131 0.365294 0.378698 0.392344 0.406231 0.42036 0.43473 0.449342 0.464195 0.47929 0.494626 0.510204 0.526023 0.542084 0.558387 0.574931 0.591716 0.608743 0.626011 0.643521 0.661273 0.679266 0.6975 0.715976 0.734694 0.753653 0.772854 0.792296 0.811979 0.831904 0.852071 0.872479 0.893129 0.91402 0.935153 0.956527 0.978143 1 
4 2.00087 1.21122 0.840485 0.638204 0.51426 0.43165 0.373158 0.329928 0.296997 0.271381 0.251119 0.234949 0.221989 0.21162 0.203335 0.196824 0.191809 0.188088 0.185476 0.183882 0.183172 0.183264 0.184099 0.185611 0.187751 0.190472 0.193769 0.197556 0.201876 0.206644 0.21189 0.217561 0.223673 0.230189 0.237115 0.244444 0.252139 0.26025 0.268695 0.277553 0.286735 0.296316 0.306221 0.31651 0.327131 0.338121 0.349458 0.361146 0.373205 0.385598 0.398391 0.411504 0.42504 0.438904 0.453191 0.46784 0.482897 0.498362 0.514232 0.530546 0.54728 0.5645 0.582159 0.600358 0.619043 0.638305 0.658146 0.678616 0.69976 0.721645 0.744333 0.767896 0.792482 0.818171 0.845153 0.873626 0.903879 0.936213 0.971142 1.00929 1.05154 1.09914 1.15406 1.21928 1.29975 1.40433 1.55025 1.77453 2.16728 2.97891 5 
4 2.79209 2.00299 1.51142 1.19617 0.984208 0.834822 0.725125 0.64183 0.576936 0.525316 0.48355 0.44931 0.421022 0.397473 0.377765 0.361249 0.347458 0.335936 0.326391 0.318585 0.312308 0.307367 0.303661 0.301063 0.299451 0.298795 0.298982 0.299983 0.301717 0.304191 0.307295 0.311076 0.315446 0.320407 0.325947 0.332016 0.33864 0.345756 0.353415 0.361518 0.370176 0.379234 0.388848 0.398858 0.409391 0.420364 0.431802 0.44374 0.456097 0.468997 0.482311 0.496177 0.510491 0.525355 0.540706 0.556622 0.573063 0.590086 0.607704 0.625907 0.644794 0.664307 0.684562 0.705547 0.727352 0.74999 0.773589 0.798173 0.823854 0.850775 0.879025 0.908798 0.940305 0.97379 1.00953 1.048 1.08966 1.13516 1.18541 1.24163 1.30539 1.37901 1.4659 1.57119 1.70286 1.8742 2.10815 2.44541 2.95903 3.77013 5 
4 3.16444 2.49714 2.00603 1.65094 1.39163 1.19828 1.05064 0.935356 0.843618 0.769392 0.708432 0.657765 0.615326 0.57948 0.549004 0.523004 0.500821 0.481823 0.465584 0.451783 0.440098 0.430266 0.422129 0.415518 0.410246 0.406258 0.403428 0.401651 0.400889 0.40106 0.4021 0.403982 0.406667 0.410079 0.414253 0.4191 0.42462 0.430822 0.437602 0.445075 0.453069 0.461747 0.470931 0.480773 0.491144 0.502126 0.513691 0.525813 0.538572 0.551858 0.565819 0.580314 0.5955 0.611275 0.627728 0.644865 0.662673 0.681246 0.700553 0.720659 0.741612 0.763435 0.786188 0.809958 0.834784 0.860756 0.888022 0.916618 0.946735 0.978543 1.0122 1.04796 1.08616 1.12711 1.17123 1.21916 1.27158 1.32937 1.39375 1.4664 1.54936 1.6456 1.75934 1.89663 2.06624 2.28154 2.56282 2.93995 3.45312 4.14246 5 
4 3.36846 2.81501 2.36467 2.01002 1.73313 1.51595 1.34372 1.20535 1.09281 1.00016 0.922968 0.858038 0.803024 0.756086 0.715739 0.680976 0.650949 0.62493 0.60235 0.582848 0.56599 0.551468 0.539075 0.528579 0.519771 0.512555 0.506787 0.502316 0.499111 0.497048 0.496057 0.4961 0.497114 0.499028 0.50185 0.505489 0.50995 0.515186 0.521194 0.52791 0.535405 0.543543 0.552459 0.562012 0.572302 0.583271 0.594927 0.607311 0.620353 0.634148 0.648624 0.663848 0.679817 0.69654 0.714058 0.732397 0.751559 0.771633 0.792612 0.814563 0.837548 0.861616 0.886812 0.913286 0.941053 0.970261 1.00106 1.03355 1.06792 1.10442 1.14326 1.18471 1.22924 1.2772 1.32916 1.38584 1.44812 1.51699 1.59394 1.68084 1.78005 1.89471 2.02927 2.18965 2.38387 2.62298 2.92185 3.29853 3.77096 4.34645 5 
4 3.49433 3.02978 2.62766 2.29144 2.01492 1.78859 1.60285 1.44955 1.32214 1.21541 1.12521 1.04841 0.982662 0.926009 0.876903 0.834215 0.797043 0.76453 0.736072 0.711225 0.689508 0.670543 0.654097 0.639909 0.62771 0.617402 0.608803 0.601742 0.596168 0.591954 0.588987 0.587248 0.586636 0.587086 0.588575 0.591051 0.594424 0.59878 0.603937 0.610021 0.616913 0.624636 0.633199 0.642542 0.652713 0.663686 0.67544 0.688043 0.701409 0.715638 0.73068 0.746559 0.763344 0.780968 0.79955 0.819064 0.839553 0.861093 0.883706 0.907438 0.932409 0.95863 0.986206 1.01527 1.04588 1.07818 1.11238 1.14857 1.187 1.22794 1.27163 1.31843 1.36883 1.42329 1.48238 1.54697 1.618 1.69657 1.78424 1.88302 1.99525 2.124 2.27343 2.44876 2.65649 2.90477 3.20324 3.5615 3.98571 4.47232 5 
4 3.57909 3.18214 2.82482 2.51319 2.24653 2.02051 1.82947 1.66789 1.53086 1.4141 1.31402 1.2278 1.15321 1.08834 1.03165 0.981998 0.938443 0.900064 0.866245 0.836469 0.810247 0.787129 0.766901 0.749216 0.733811 0.720574 0.709266 0.699747 0.691891 0.685625 0.680746 0.677293 0.675113 0.674113 0.674359 0.675617 0.678031 0.68142 0.685844 0.691243 0.697591 0.704903 0.713115 0.722271 0.73232 0.743279 0.755163 0.767925 0.781655 0.796263 0.81187 0.828399 0.845938 0.864497 0.884056 0.904767 0.926511 0.949493 0.97368 0.99913 1.02602 1.0543 1.08416 1.11569 1.14902 1.18425 1.22166 1.26136 1.30356 1.34867 1.39687 1.44859 1.50434 1.56467 1.63012 1.70168 1.78028 1.86706 1.96356 2.07176 2.19386 2.33266 2.49173 2.67535 2.8884 3.13637 3.42499 3.75866 4.13808 4.55708 5 
4 3.6399 3.29493 2.9763 2.68997 2.43746 2.21734 2.02661 1.86178 1.71935 1.59607 1.48897 1.39563 1.31405 1.24246 1.1794 1.12378 1.07463 1.03108 0.992427 0.958216 0.927852 0.900947 0.877173 0.856258 0.837851 0.821844 0.808011 0.796122 0.786152 0.777874 0.771219 0.766089 0.762392 0.760044 0.758992 0.759201 0.760556 0.763131 0.766773 0.771541 0.777376 0.784242 0.792164 0.801091 0.811033 0.822001 0.833951 0.846955 0.860944 0.876003 0.8921 0.909266 0.927563 0.946952 0.967538 0.989322 1.01233 1.03668 1.06237 1.08951 1.11817 1.14848 1.18045 1.21436 1.25022 1.28823 1.32865 1.37157 1.41734 1.46622 1.51858 1.57472 1.63532 1.7008 1.77185 1.84935 1.93432 2.02781 2.1313 2.24661 2.37573 2.52107 2.68553 2.87242 3.08516 3.32726 3.60173 3.91012 4.25085 4.61789 5 
4 3.68563 3.38142 3.09548 2.83289 2.59595 2.3847 2.19785 2.03331 1.88877 1.76183 1.65017 1.55176 1.46489 1.388 1.31976 1.25914 1.20523 1.15716 1.11429 1.0761 1.04203 1.01165 0.984678 0.96076 0.939573 0.92101 0.904777 0.890723 0.878692 0.868572 0.860178 0.853456 0.848342 0.84463 0.842436 0.841547 0.84197 0.84372 0.846628 0.850792 0.85612 0.862558 0.870202 0.878886 0.888746 0.899692 0.911736 0.924944 0.939218 0.954678 0.971284 0.989033 1.00807 1.02826 1.04979 1.07264 1.09682 1.1225 1.14963 1.17834 1.20875 1.2409 1.27494 1.31102 1.34929 1.38986 1.43307 1.47901 1.52796 1.58034 1.63638 1.69652 1.76132 1.83133 1.90713 1.98962 2.07976 2.17855 2.28731 2.40768 2.54137 2.69037 2.85697 3.04356 3.25244 3.48566 3.74459 4.02924 4.33731 4.66361 5 
4 3.72126 3.44969 3.19126 2.95012 2.72864 2.52763 2.34675 2.18491 2.04065 1.91231 1.79809 1.69638 1.60573 1.52483 1.45252 1.38784 1.32995 1.27805 1.23152 1.18984 1.15249 1.11901 1.08913 1.06248 1.03878 1.01782 0.999419 0.983282 0.96937 0.957494 0.947434 0.939271 0.932722 0.92781 0.924473 0.922561 0.922122 0.923041 0.925286 0.928859 0.933668 0.939755 0.947048 0.955579 0.965305 0.976251 0.988398 1.00176 1.01635 1.03217 1.04926 1.06761 1.08728 1.10831 1.13068 1.15457 1.17986 1.20676 1.2353 1.26547 1.29753 1.33145 1.36737 1.40554 1.44598 1.48896 1.53469 1.58336 1.63525 1.69071 1.75005 1.81367 1.88214 1.95597 2.03574 2.12228 2.21649 2.31928 2.43182 2.55549 2.69174 2.84214 3.00846 3.19237 3.39529 3.61828 3.86175 4.12498 4.40555 4.69923 5 
4 3.7498 3.50487 3.2697 3.04762 2.8408 2.65039 2.47661 2.31899 2.17673 2.04866 1.93349 1.82992 1.73679 1.65304 1.57765 1.50977 1.44866 1.39359 1.34396 1.29928 1.25905 1.22285 1.19036 1.16129 1.13524 1.11218 1.0917 1.0737 1.05802 1.04446 1.03293 1.0233 1.01552 1.00942 1.00502 1.00217 1.00086 1.00103 1.00263 1.00561 1.00998 1.01567 1.02269 1.03103 1.04065 1.05159 1.06383 1.07735 1.09222 1.10839 1.12594 1.14483 1.16516 1.18691 1.21016 1.23496 1.26133 1.28939 1.31919 1.3508 1.38435 1.41993 1.45765 1.49767 1.54021 1.58529 1.63337 1.68448 1.73896 1.79717 1.85939 1.92602 1.99757 2.07459 2.15758 2.24733 2.34459 2.45024 2.56524 2.69077 2.82797 2.9781 3.14243 3.32213 3.51796 3.73037 3.95918 4.20337 4.46071 4.72776 5 
4 3.77318 3.55037 3.335 3.12973 2.93649 2.7565 2.5903 2.43783 2.29869 2.17214 2.05725 1.95298 1.85847 1.77285 1.69528 1.62498 1.56133 1.50369 1.4515 1.40428 1.36158 1.32301 1.28825 1.25698 1.22893 1.20386 1.18155 1.16183 1.14447 1.12943 1.11647 1.10554 1.09659 1.08937 1.08399 1.08025 1.0781 1.0776 1.07853 1.08101 1.08493 1.09025 1.09703 1.10516 1.1147 1.12563 1.13792 1.15165 1.16672 1.18326 1.20123 1.22063 1.24159 1.26402 1.28808 1.31378 1.34111 1.3703 1.40125 1.43418 1.46914 1.50622 1.54559 1.58737 1.63172 1.67882 1.72891 1.78224 1.83901 1.89957 1.96428 2.03345 2.10758 2.18715 2.27269 2.36485 2.4643 2.5718 2.68819 2.81441 2.95133 3.09995 3.26116 3.43572 3.62397 3.82597 4.04122 4.26861 4.50617 4.75112 5 
4 3.79269 3.5885 3.39012 3.19969 3.01885 2.84882 2.69029 2.54344 2.40815 2.28398 2.17027 2.06625 1.97123 1.88459 1.80558 1.73356 1.668 1.60836 1.55407 1.50476 1.46 1.41941 1.38265 1.34952 1.31961 1.29278 1.26884 1.24747 1.22868 1.21223 1.19797 1.18588 1.17578 1.16757 1.16126 1.15665 1.15379 1.15259 1.15295 1.15493 1.15842 1.16341 1.16993 1.17788 1.18734 1.19825 1.21062 1.2245 1.23981 1.25666 1.27504 1.29491 1.31644 1.33954 1.36432 1.39087 1.41913 1.4493 1.48141 1.51548 1.55176 1.59024 1.63106 1.67445 1.72047 1.76932 1.82129 1.87648 1.93526 1.99787 2.06464 2.13591 2.21213 2.29371 2.38117 2.47504 2.57594 2.68446 2.80136 2.92734 3.06308 3.20932 3.36669 3.53563 3.71622 3.90825 4.11112 4.32368 4.54426 4.77061 5 
4 3.80919 3.6209 3.43724 3.25991 3.09033 2.92966 2.77864 2.63761 2.50658 2.38537 2.27352 2.17043 2.07565 1.98864 1.90885 1.83569 1.76879 1.70763 1.65174 1.60072 1.55427 1.51196 1.47356 1.43873 1.40722 1.37887 1.35337 1.33065 1.31051 1.29279 1.27738 1.26418 1.25304 1.24393 1.23672 1.23135 1.22779 1.22593 1.22578 1.22727 1.23036 1.23507 1.24131 1.24914 1.25849 1.26939 1.28184 1.29582 1.31139 1.32851 1.34725 1.36761 1.38963 1.41338 1.43883 1.46615 1.49528 1.52637 1.55949 1.59469 1.6321 1.67187 1.71403 1.7588 1.80635 1.85675 1.91031 1.96722 2.02765 2.09198 2.16047 2.23345 2.31128 2.39439 2.48319 2.57821 2.67989 2.78878 2.90544 3.03049 3.16439 3.30768 3.46079 3.62392 3.79701 3.97969 4.17129 4.37076 4.57664 4.78711 5 
4 3.82336 3.64876 3.47793 3.31223 3.15285 3.00088 2.85709 2.72185 2.59531 2.47741 2.36789 2.26629 2.17227 2.08547 2.00541 1.93166 1.86389 1.80167 1.74455 1.69222 1.64441 1.60074 1.56087 1.52462 1.49177 1.46199 1.43523 1.41128 1.3899 1.37109 1.35462 1.34038 1.32837 1.31835 1.31036 1.30428 1.30005 1.29762 1.29696 1.298 1.30074 1.30514 1.31116 1.31885 1.3281 1.339 1.3515 1.36561 1.38139 1.39877 1.41786 1.43863 1.46115 1.48545 1.51156 1.53957 1.56949 1.60145 1.63547 1.67168 1.71017 1.75101 1.79443 1.84041 1.88927 1.94106 1.996 2.05431 2.11622 2.18194 2.25178 2.3261 2.40517 2.48935 2.57902 2.67465 2.77659 2.88529 3.00119 3.12475 3.25633 3.39631 3.54495 3.7023 3.86817 4.04216 4.22357 4.41142 4.60448 4.80127 5 
4 3.83563 3.67298 3.51342 3.35805 3.20792 3.064 2.92705 2.79748 2.67548 2.56112 2.45424 2.3545 2.26168 2.1755 2.09566 2.02173 1.95351 1.89059 1.83264 1.77934 1.73048 1.68566 1.64458 1.60723 1.57312 1.54221 1.51434 1.48927 1.46685 1.44705 1.4296 1.41448 1.40162 1.3908 1.38211 1.37536 1.37051 1.36758 1.36642 1.36707 1.36947 1.37358 1.37942 1.38693 1.39612 1.40701 1.41954 1.4338 1.44973 1.46738 1.48679 1.50793 1.53092 1.55572 1.58242 1.61109 1.64169 1.67445 1.70929 1.7464 1.78584 1.8277 1.87214 1.91926 1.96921 2.02218 2.07833 2.13779 2.2009 2.26778 2.33869 2.41397 2.49391 2.57879 2.66893 2.76473 2.86648 2.97456 3.08927 3.21098 3.33993 3.47638 3.62047 3.77217 3.93121 4.09716 4.26933 4.44687 4.62867 4.81353 5 
4 3.84638 3.69419 3.54459 3.39848 3.25672 3.12021 2.98972 2.8656 2.74812 2.63738 2.53333 2.43573 2.34439 2.25922 2.17993 2.10621 2.03785 1.97461 1.91611 1.86216 1.81249 1.76673 1.72479 1.68641 1.65134 1.61948 1.59062 1.56459 1.54129 1.52056 1.50229 1.48637 1.47273 1.46123 1.45187 1.44451 1.43914 1.4357 1.43411 1.4344 1.43647 1.44033 1.44597 1.45333 1.46245 1.47332 1.4859 1.50027 1.51637 1.53425 1.55396 1.57544 1.59884 1.62411 1.65133 1.68058 1.71185 1.74527 1.78089 1.81878 1.85906 1.90182 1.94717 1.99524 2.04619 2.1001 2.15725 2.2177 2.28172 2.34952 2.42125 2.49722 2.57769 2.66292 2.7532 2.84882 2.95002 3.05711 3.17035 3.28994 3.41607 3.54891 3.6885 3.83476 3.98735 4.1459 4.30971 4.478 4.64985 4.82426 5 
4 3.85585 3.71293 3.57219 3.43436 3.30021 3.17055 3.04607 2.92717 2.81409 2.70698 2.60587 2.51056 2.42098 2.33706 2.25861 2.18535 2.11719 2.05389 1.99516 1.94077 1.89048 1.84414 1.80144 1.76228 1.72647 1.69376 1.66406 1.63728 1.61314 1.59165 1.57265 1.55601 1.54167 1.52957 1.51959 1.51171 1.50586 1.50194 1.49999 1.49991 1.50169 1.50533 1.51075 1.51802 1.52705 1.5379 1.55054 1.56497 1.58126 1.59933 1.6193 1.64113 1.66486 1.69059 1.71826 1.74803 1.77989 1.81391 1.8502 1.88881 1.9298 1.97334 2.01949 2.06835 2.12011 2.17489 2.23279 2.29405 2.3588 2.42723 2.49957 2.57597 2.65672 2.74202 2.83212 2.92728 3.02766 3.1335 3.24501 3.36231 3.48552 3.61475 3.74996 3.89101 4.0376 4.18932 4.34554 4.50555 4.66856 4.83371 5 
4 3.86427 3.72958 3.59675 3.4664 3.33916 3.21578 3.09695 2.98299 2.87417 2.77063 2.6725 2.57961 2.49192 2.40945 2.33205 2.25953 2.19179 2.12867 2.06992 2.01524 1.96469 1.91787 1.87463 1.83491 1.79846 1.76507 1.73474 1.70727 1.68242 1.66029 1.64064 1.62335 1.60846 1.59578 1.58527 1.57692 1.57061 1.56629 1.564 1.56358 1.5651 1.56853 1.57376 1.58093 1.58988 1.60071 1.6134 1.6279 1.64434 1.66259 1.68279 1.70492 1.72896 1.75507 1.78318 1.81339 1.84577 1.88034 1.91719 1.95642 1.99808 2.04222 2.0891 2.13862 2.19105 2.24649 2.30505 2.36686 2.43218 2.50106 2.57372 2.6504 2.73116 2.81631 2.906 3.00046 3.0998 3.20421 3.31383 3.42874 3.54898 3.67465 3.80562 3.94176 4.08274 4.22818 4.37751 4.53006 4.68517 4.84211 5 
4 3.87178 3.74447 3.61875 3.49514 3.3742 3.25663 3.14302 3.03375 2.92899 2.82895 2.73378 2.64333 2.55767 2.47676 2.4006 2.32898 2.26187 2.19912 2.14046 2.08583 2.0351 1.98801 1.94443 1.90431 1.86733 1.83346 1.80258 1.77453 1.74912 1.72644 1.7062 1.68838 1.67299 1.65979 1.64885 1.64006 1.63333 1.62867 1.62604 1.62535 1.62663 1.62984 1.63494 1.64199 1.65088 1.66169 1.67441 1.68898 1.70553 1.72395 1.74436 1.76673 1.79109 1.81751 1.846 1.87663 1.90942 1.9445 1.98182 2.02159 2.0638 2.10851 2.15593 2.20605 2.25901 2.31496 2.37402 2.43627 2.50191 2.5711 2.64391 2.7206 2.80126 2.88604 2.97514 3.0687 3.16683 3.2697 3.37731 3.4898 3.60709 3.72928 3.85621 3.98768 4.12346 4.26311 4.40616 4.55199 4.70002 4.8496 5 
4 3.87853 3.75784 3.63852 3.52103 3.40585 3.29361 3.1849 3.08 2.97912 2.88247 2.79019 2.70223 2.61862 2.53938 2.46459 2.39402 2.32766 2.26536 2.20709 2.15261 2.10186 2.05468 2.01092 1.97048 1.93318 1.89894 1.8676 1.83907 1.81324 1.79005 1.76935 1.75109 1.73524 1.72161 1.71026 1.70108 1.694 1.68903 1.68609 1.68517 1.68622 1.68925 1.69423 1.70115 1.71 1.7208 1.73351 1.74818 1.7648 1.78338 1.80396 1.82654 1.85117 1.87787 1.90669 1.93768 1.97086 2.00634 2.04411 2.0843 2.12698 2.17216 2.22003 2.27059 2.32402 2.38032 2.43974 2.50229 2.56816 2.63742 2.71028 2.7868 2.86714 2.95146 3.03981 3.13235 3.22912 3.33035 3.43593 3.54596 3.66038 3.77921 3.90228 4.0294 4.1603 4.29466 4.43197 4.5717 4.71334 4.85632 5 
4 3.88462 3.7699 3.65638 3.54445 3.43454 3.32723 3.22303 3.12227 3.02507 2.93166 2.8422 2.7567 2.67517 2.59768 2.52433 2.45489 2.38934 2.32776 2.26993 2.21572 2.16511 2.11801 2.07415 2.03354 1.99604 1.96151 1.92983 1.90097 1.87477 1.85118 1.83011 1.81145 1.79519 1.78123 1.76951 1.75999 1.75262 1.74733 1.74415 1.74299 1.74386 1.74673 1.75158 1.75842 1.76722 1.77798 1.79072 1.80542 1.82214 1.84082 1.86157 1.88434 1.90918 1.93615 1.96524 1.99654 2.03006 2.06586 2.10401 2.14458 2.1876 2.2332 2.28141 2.33232 2.38607 2.44269 2.50229 2.56504 2.63098 2.70021 2.77292 2.8492 2.92907 3.01273 3.10026 3.1917 3.28706 3.38654 3.49009 3.59767 3.7093 3.8249 3.94432 4.06734 4.19376 4.32321 4.45528 4.58948 4.72535 4.86238 5 
4 3.89013 3.78083 3.67256 3.56569 3.46062 3.35783 3.25788 3.16095 3.06725 2.97694 2.89022 2.80713 2.72764 2.65197 2.58005 2.51177 2.44725 2.38639 2.32912 2.27531 2.22502 2.17803 2.1342 2.09355 2.05596 2.02121 1.98931 1.96021 1.93369 1.9098 1.88842 1.86944 1.85286 1.83859 1.82654 1.81674 1.8091 1.80355 1.80017 1.79879 1.79949 1.80225 1.80694 1.81374 1.82245 1.8332 1.84596 1.86068 1.87749 1.89627 1.91712 1.94008 1.96508 1.99229 2.02161 2.05316 2.08698 2.12306 2.16152 2.20239 2.24572 2.29159 2.34011 2.39125 2.44523 2.50204 2.56177 2.62454 2.69048 2.75958 2.83202 2.90788 2.98723 3.07015 3.15671 3.24698 3.34094 3.43865 3.54015 3.64536 3.75427 3.86681 3.98275 4.10197 4.22418 4.34914 4.4764 4.60557 4.73621 4.86785 5 
4 3.89513 3.79075 3.68726 3.58502 3.48437 3.38581 3.28973 3.19645 3.10602 3.01865 2.93458 2.85379 2.77642 2.70245 2.63198 2.56501 2.50149 2.44145 2.38485 2.33157 2.28161 2.23485 2.19118 2.15059 2.11293 2.07809 2.04607 2.01679 1.99004 1.96594 1.94429 1.92504 1.90821 1.89365 1.88136 1.87131 1.86343 1.85766 1.8541 1.85253 1.85309 1.85571 1.86031 1.86703 1.87569 1.88641 1.89919 1.91392 1.9308 1.94965 1.97062 1.99371 2.01887 2.04625 2.07578 2.10754 2.14158 2.17792 2.21661 2.25773 2.3013 2.34739 2.39611 2.44745 2.50153 2.55845 2.6182 2.68095 2.74672 2.81563 2.88771 2.9631 3.04177 3.12391 3.20946 3.29847 3.39098 3.48701 3.58644 3.68937 3.79567 3.90528 4.01799 4.1336 4.25197 4.37274 4.49561 4.62017 4.74607 4.87282 5 
4 3.89969 3.79979 3.70066 3.60265 3.50609 3.41139 3.31897 3.22905 3.1417 3.05717 2.97557 2.89709 2.82166 2.7494 2.68049 2.61475 2.5523 2.49316 2.43731 2.38458 2.33505 2.28861 2.24518 2.20469 2.16707 2.13225 2.10016 2.07074 2.04387 2.0196 1.99774 1.9783 1.96124 1.94645 1.93396 1.92369 1.9156 1.90969 1.90592 1.90422 1.90464 1.90714 1.91165 1.9183 1.92691 1.93762 1.95038 1.96515 1.98205 2.00099 2.02204 2.04523 2.07054 2.09805 2.12774 2.15969 2.19389 2.23044 2.26933 2.31061 2.35438 2.40061 2.44947 2.50089 2.55507 2.61195 2.6717 2.73431 2.79987 2.86845 2.94013 3.01497 3.09293 3.17417 3.25869 3.34646 3.43747 3.5318 3.62932 3.72996 3.83381 3.94063 4.05029 4.16258 4.27733 4.39428 4.5131 4.63347 4.75502 4.87733 5 
4 3.90385 3.80803 3.71289 3.61876 3.52595 3.43485 3.3458 3.25902 3.17461 3.09267 3.01353 2.93718 2.86366 2.79314 2.72564 2.66121 2.5999 2.54169 2.48657 2.43448 2.38546 2.33941 2.29624 2.25594 2.21844 2.18369 2.15158 2.12212 2.09518 2.07076 2.04877 2.02917 2.01194 1.99698 1.98433 1.97386 1.96562 1.95955 1.95562 1.95381 1.95411 1.95649 1.96095 1.96749 1.97608 1.98675 1.9995 2.0143 2.03123 2.05022 2.07136 2.09461 2.12005 2.14766 2.17747 2.20958 2.24391 2.28059 2.31963 2.36105 2.40492 2.45129 2.5002 2.55168 2.60584 2.66266 2.72227 2.78472 2.85 2.91822 2.98939 3.06362 3.14084 3.2212 3.30459 3.3911 3.48069 3.57333 3.66894 3.76751 3.86893 3.97318 4.07994 4.18913 4.30054 4.41394 4.52905 4.64558 4.76318 4.88145 5 
4 3.90764 3.81557 3.72408 3.6335 3.54415 3.45637 3.37047 3.28663 3.20491 3.12554 3.04862 2.97431 2.90267 2.83374 2.76773 2.70462 2.6444 2.58711 2.53283 2.48143 2.43293 2.38729 2.34446 2.30441 2.26711 2.23245 2.20039 2.17094 2.14397 2.11946 2.0974 2.07768 2.0603 2.04524 2.03242 2.02183 2.01346 2.00725 2.00319 2.00128 2.00145 2.00375 2.00813 2.01461 2.02316 2.03381 2.04653 2.06136 2.07829 2.09734 2.11853 2.14185 2.16737 2.19508 2.22498 2.25718 2.29164 2.3284 2.36755 2.40906 2.45299 2.49941 2.54834 2.59979 2.65392 2.71062 2.77005 2.83224 2.89721 2.965 3.03568 3.10921 3.18566 3.26507 3.34742 3.43263 3.52078 3.61183 3.70561 3.80214 3.90138 4.0031 4.10722 4.21349 4.32182 4.43194 4.54364 4.65664 4.77064 4.8852 5 
4 3.91112 3.82245 3.73432 3.64702 3.56086 3.47615 3.39317 3.31205 3.23292 3.15585 3.08108 3.00874 2.93881 2.87152 2.80695 2.7451 2.68597 2.62969 2.57621 2.52549 2.47755 2.4324 2.38995 2.35019 2.31311 2.2786 2.24665 2.21725 2.19028 2.16575 2.14364 2.12384 2.10637 2.09122 2.07829 2.06759 2.05912 2.05277 2.04864 2.0466 2.0467 2.04891 2.05322 2.05964 2.06815 2.07876 2.09149 2.1063 2.12327 2.14233 2.16357 2.18695 2.21251 2.2403 2.27027 2.30252 2.33707 2.37388 2.41308 2.45466 2.49861 2.54504 2.59393 2.64534 2.69932 2.7559 2.81508 2.877 2.94157 3.00891 3.07902 3.1519 3.22753 3.306 3.38726 3.47125 3.55797 3.64743 3.73952 3.83413 3.93123 4.0307 4.13226 4.23587 4.34132 4.44843 4.55698 4.66676 4.77743 4.88863 5 
4 3.91428 3.82878 3.74371 3.65942 3.5762 3.49434 3.41404 3.33549 3.25871 3.18387 3.11111 3.04055 2.97236 2.90663 2.84343 2.7828 2.72481 2.66948 2.61682 2.56679 2.51947 2.47481 2.43278 2.39334 2.35651 2.32219 2.29039 2.26106 2.23413 2.20964 2.18749 2.16766 2.15015 2.13493 2.12191 2.11115 2.10258 2.09614 2.09191 2.08979 2.0898 2.09196 2.09618 2.10258 2.11103 2.12162 2.13433 2.14914 2.16611 2.18519 2.20645 2.22989 2.25546 2.28331 2.31332 2.34561 2.3802 2.41705 2.45626 2.49783 2.5418 2.58817 2.63702 2.68832 2.74216 2.79852 2.85746 2.91904 2.98322 3.05005 3.11958 3.19176 3.26663 3.34414 3.42431 3.50709 3.59249 3.6804 3.77081 3.86364 3.95878 4.05605 4.15532 4.2564 4.35922 4.46352 4.56919 4.676 4.78366 4.89174 5 
4 3.9172 3.83455 3.75232 3.67081 3.5903 3.51105 3.43329 3.35707 3.28252 3.20972 3.13881 3.07002 3.00344 2.93917 2.87732 2.81793 2.761 2.7066 2.65475 2.60547 2.55876 2.51459 2.47298 2.43391 2.39737 2.36327 2.33164 2.30242 2.27557 2.25113 2.22898 2.20916 2.19165 2.17635 2.1633 2.15246 2.14382 2.13732 2.13302 2.13082 2.13077 2.13286 2.13703 2.14337 2.15179 2.16234 2.17505 2.18983 2.20682 2.2259 2.24718 2.27062 2.29622 2.32408 2.35413 2.38644 2.42103 2.45791 2.49711 2.53863 2.58256 2.62887 2.6776 2.72878 2.78243 2.83858 2.89722 2.95845 3.02219 3.08855 3.15745 3.22894 3.30298 3.37961 3.45872 3.54032 3.6244 3.7109 3.79972 3.89083 3.98413 4.0794 4.17648 4.27528 4.37561 4.47737 4.58038 4.68447 4.78933 4.89461 5 
4 3.91984 3.83986 3.76023 3.68126 3.60326 3.52644 3.45097 3.37696 3.30445 3.23351 3.16441 3.09725 3.0322 2.96936 2.9088 2.85053 2.79467 2.7412 2.69017 2.64159 2.59548 2.55185 2.5107 2.47201 2.43574 2.40189 2.37045 2.34138 2.31465 2.29027 2.26816 2.24838 2.23085 2.21553 2.20247 2.19158 2.18287 2.17634 2.17195 2.16971 2.16959 2.17163 2.17577 2.18205 2.19044 2.20098 2.21362 2.22843 2.24538 2.26446 2.28574 2.30918 2.33481 2.36266 2.39271 2.42504 2.45958 2.49646 2.53562 2.57709 2.62095 2.66715 2.71577 2.76677 2.82022 2.8761 2.93447 2.9953 3.05861 3.12443 3.19276 3.26354 3.3368 3.4125 3.4906 3.57109 3.65391 3.73902 3.82636 3.91586 4.00741 4.10084 4.19592 4.29257 4.39067 4.49005 4.59061 4.6922 4.79453 4.8972 5 
4 3.92229 3.84469 3.76748 3.69087 3.61516 3.54056 3.46725 3.39523 3.32458 3.25546 3.188 3.12238 3.0588 2.99729 2.93793 2.88079 2.82594 2.77337 2.72312 2.67525 2.62976 2.58667 2.54595 2.50765 2.47169 2.43811 2.40687 2.37796 2.35136 2.32707 2.30506 2.2853 2.26779 2.25246 2.2394 2.22846 2.21973 2.21316 2.20872 2.20644 2.20628 2.20825 2.21237 2.21858 2.22696 2.23746 2.25008 2.26487 2.2818 2.30086 2.32215 2.34555 2.3712 2.39901 2.42906 2.46137 2.49589 2.53271 2.57182 2.61323 2.65697 2.70306 2.75151 2.80234 2.85557 2.91117 2.96921 3.02966 3.09253 3.15783 3.22554 3.29564 3.36813 3.44298 3.52008 3.59949 3.68113 3.76496 3.85085 3.93887 4.0288 4.12047 4.21373 4.30844 4.40443 4.50166 4.59998 4.69928 4.79925 4.89958 5 
4 3.92449 3.84914 3.77412 3.69968 3.62609 3.55354 3.48217 3.41199 3.34311 3.27559 3.2097 3.14557 3.08333 3.02304 2.96487 2.9088 2.85489 2.80318 2.75372 2.70654 2.66165 2.61909 2.57881 2.5409 2.50526 2.47195 2.44093 2.41221 2.38576 2.36158 2.33965 2.31994 2.30246 2.28718 2.27409 2.26315 2.25439 2.2478 2.24331 2.24101 2.2408 2.24275 2.24682 2.25301 2.26134 2.27182 2.28439 2.29917 2.31606 2.33512 2.35636 2.37976 2.40537 2.43317 2.46317 2.49545 2.52993 2.56669 2.60572 2.64705 2.69066 2.73662 2.78489 2.83551 2.88851 2.94382 3.00155 3.06159 3.12403 3.1888 3.25594 3.32535 3.39708 3.47109 3.54728 3.62565 3.70616 3.78878 3.87339 3.95995 4.04837 4.13847 4.23001 4.32292 4.41704 4.51227 4.60854 4.70573 4.80357 4.90173 5 
4 3.92651 3.85318 3.7802 3.70776 3.6361 3.56542 3.49583 3.42736 3.36003 3.29408 3.22967 3.16687 3.10587 3.0468 2.98972 2.93463 2.88162 2.83077 2.78206 2.73554 2.69124 2.64919 2.60936 2.57182 2.53652 2.50347 2.47269 2.44417 2.41788 2.39383 2.372 2.35234 2.33493 2.31967 2.30657 2.29565 2.28689 2.28025 2.27577 2.27341 2.27319 2.2751 2.27914 2.2853 2.29361 2.30403 2.31661 2.33132 2.3482 2.36721 2.38842 2.41179 2.43736 2.46513 2.4951 2.52729 2.56174 2.59841 2.63735 2.67857 2.72206 2.76786 2.81595 2.86635 2.91909 2.97412 3.0315 3.09118 3.15316 3.21743 3.28398 3.35277 3.42376 3.49695 3.57226 3.64968 3.72913 3.81059 3.89398 3.97927 4.06625 4.15485 4.24486 4.33613 4.42852 4.52195 4.61635 4.71162 4.80749 4.90369 5 
4 3.92835 3.85688 3.78575 3.71515 3.64526 3.57626 3.5083 3.44135 3.37553 3.311 3.24792 3.1864 3.12658 3.06858 3.01252 2.95837 2.90625 2.85618 2.80819 2.76229 2.71858 2.67703 2.63762 2.60045 2.56548 2.53272 2.50219 2.47387 2.44773 2.42381 2.40208 2.38252 2.36516 2.34993 2.33685 2.32596 2.31718 2.31053 2.30605 2.30367 2.30343 2.30533 2.3093 2.31547 2.32371 2.33412 2.34666 2.36133 2.37818 2.39716 2.41831 2.44166 2.46715 2.49489 2.52479 2.55693 2.59129 2.6279 2.66672 2.70782 2.75117 2.7968 2.84471 2.89489 2.94736 3.0021 3.05914 3.11843 3.18 3.24377 3.30975 3.37792 3.44823 3.52065 3.59513 3.67163 3.75011 3.83052 3.91278 3.99683 4.08254 4.16976 4.25833 4.34813 4.43894 4.53075 4.62346 4.71696 4.81105 4.90546 5 
4 3.93002 3.86025 3.79082 3.72189 3.65359 3.58615 3.51961 3.45409 3.38964 3.3264 3.26459 3.20423 3.14547 3.08851 3.03341 2.98013 2.9288 2.8795 2.8322 2.7869 2.74373 2.70264 2.66367 2.62687 2.59224 2.55974 2.52944 2.50133 2.47535 2.4516 2.42997 2.41048 2.39318 2.37799 2.36497 2.35408 2.34531 2.33866 2.33418 2.33177 2.33153 2.33339 2.33735 2.3435 2.3517 2.36206 2.3746 2.38919 2.40602 2.42493 2.44605 2.46934 2.49479 2.52245 2.5523 2.58435 2.61863 2.65513 2.69386 2.73483 2.77804 2.82347 2.8712 2.92114 2.97336 3.02782 3.08451 3.14343 3.20457 3.26788 3.33333 3.40092 3.47055 3.54226 3.61596 3.69164 3.76918 3.84862 3.92985 4.01279 4.09728 4.18327 4.27054 4.35895 4.4484 4.53871 4.62989 4.72181 4.81427 4.90706 5 
4 3.93155 3.86329 3.79542 3.728 3.66117 3.59505 3.52988 3.46564 3.40241 3.3404 3.27972 3.22042 3.16268 3.10665 3.05242 2.99996 2.9494 2.9008 2.85414 2.8094 2.76676 2.72613 2.68755 2.65111 2.61679 2.58457 2.5545 2.52661 2.50078 2.47718 2.45565 2.43626 2.41903 2.40389 2.39091 2.38004 2.37128 2.36466 2.36016 2.35776 2.35749 2.35934 2.36327 2.36939 2.37756 2.3879 2.40037 2.41495 2.43171 2.45059 2.47164 2.49487 2.52024 2.54785 2.5776 2.60961 2.64376 2.68018 2.71877 2.75961 2.80267 2.84793 2.89546 2.94516 2.99713 3.05129 3.10767 3.16623 3.22695 3.28982 3.35475 3.4218 3.49082 3.56185 3.63481 3.70971 3.78643 3.86496 3.94524 4.02716 4.11059 4.1954 4.28151 4.3687 4.45685 4.54589 4.63569 4.72617 4.81717 4.90851 5 
4 3.9329 3.86607 3.79957 3.73352 3.66795 3.60312 3.53909 3.47603 3.41398 3.35303 3.29335 3.23506 3.17824 3.12306 3.06962 3.01793 2.96809 2.92012 2.87404 2.82985 2.78769 2.74749 2.70931 2.67321 2.63919 2.60724 2.57741 2.5497 2.52404 2.50056 2.47915 2.45985 2.4427 2.42761 2.41468 2.40383 2.39511 2.3885 2.38399 2.38159 2.38132 2.38314 2.38708 2.39314 2.4013 2.41158 2.42401 2.43855 2.45526 2.47407 2.49509 2.51822 2.54356 2.57106 2.60074 2.63264 2.6667 2.703 2.74148 2.78217 2.82509 2.87016 2.91751 2.96698 3.0187 3.07257 3.12863 3.18685 3.24718 3.30962 3.37408 3.44061 3.50906 3.57949 3.65177 3.72594 3.80191 3.87965 3.95904 4.04002 4.12248 4.2063 4.29129 4.37738 4.46444 4.55227 4.64087 4.73007 4.81978 4.9098 5 
4 3.93417 3.86853 3.80331 3.73843 3.67405 3.61027 3.54736 3.48536 3.42429 3.36432 3.30561 3.24819 3.1922 3.1378 3.08511 3.03411 2.98489 2.93751 2.892 2.84832 2.80659 2.7668 2.72899 2.69322 2.65949 2.6278 2.59817 2.57065 2.54515 2.52181 2.50051 2.48131 2.46422 2.4492 2.4363 2.4255 2.41681 2.41021 2.40571 2.40332 2.40301 2.40484 2.40874 2.41477 2.4229 2.43317 2.44552 2.46004 2.47667 2.49544 2.51637 2.53945 2.5647 2.59214 2.6217 2.65352 2.68746 2.72365 2.762 2.80255 2.8453 2.89022 2.93735 2.98662 3.0381 3.0917 3.14746 3.20533 3.2653 3.32733 3.39137 3.4574 3.52533 3.59519 3.66689 3.7404 3.81566 3.89266 3.97129 4.05144 4.13302 4.21592 4.29999 4.38508 4.4711 4.55795 4.64544 4.73354 4.82207 4.91097 5 
4 3.93526 3.87078 3.80659 3.74281 3.67942 3.61665 3.55468 3.49361 3.43348 3.37437 3.31645 3.25985 3.20464 3.15093 3.09889 3.04852 2.9999 2.95306 2.90802 2.8648 2.82349 2.7841 2.74664 2.71116 2.6777 2.64625 2.61683 2.58948 2.56416 2.54091 2.51973 2.50061 2.4836 2.46866 2.45581 2.44504 2.43638 2.42978 2.42531 2.42292 2.42261 2.42441 2.4283 2.43429 2.4424 2.45261 2.46493 2.47938 2.49598 2.51466 2.53555 2.55853 2.5837 2.61104 2.64053 2.67222 2.70608 2.74211 2.78035 2.82075 2.86334 2.9081 2.95504 3.0041 3.05534 3.10869 3.16416 3.22174 3.28136 3.343 3.40664 3.47223 3.53969 3.60904 3.68018 3.7531 3.82776 3.90412 3.98202 4.06143 4.14226 4.22436 4.30757 4.39181 4.47695 4.56287 4.64946 4.73655 4.82413 4.91197 5 
4 3.93627 3.8727 3.80952 3.7466 3.68413 3.62222 3.56109 3.50086 3.44152 3.38316 3.32599 3.27011 3.21555 3.16248 3.11104 3.06124 3.01311 2.96675 2.92217 2.87938 2.83844 2.7994 2.76226 2.72707 2.69387 2.66264 2.6334 2.60621 2.58103 2.55791 2.53684 2.51782 2.50086 2.486 2.47318 2.46247 2.45383 2.44726 2.4428 2.44039 2.44007 2.44187 2.44572 2.45171 2.45976 2.46994 2.48221 2.4966 2.51313 2.53177 2.55255 2.5755 2.60055 2.62782 2.65719 2.68878 2.72252 2.75843 2.79654 2.8368 2.87922 2.92383 2.97057 3.01945 3.07047 3.12358 3.17877 3.23606 3.29536 3.35665 3.41994 3.48511 3.55215 3.62105 3.69173 3.76412 3.83823 3.91401 3.9913 4.07006 4.15022 4.23164 4.31413 4.39761 4.48198 4.56713 4.65287 4.73918 4.82586 4.91288 5 
4 3.93712 3.87445 3.81198 3.7499 3.68818 3.62702 3.56666 3.50713 3.44846 3.39077 3.33425 3.27897 3.22502 3.17251 3.12159 3.07228 3.0246 2.97866 2.93448 2.89207 2.85147 2.81276 2.77591 2.74098 2.70801 2.67697 2.64793 2.62088 2.59584 2.57282 2.55186 2.53292 2.51604 2.50124 2.48848 2.4778 2.46919 2.46263 2.45819 2.45577 2.45547 2.45723 2.46106 2.46702 2.47503 2.48515 2.49741 2.51171 2.5282 2.54675 2.56746 2.59032 2.61529 2.64245 2.67174 2.70319 2.73685 2.7726 2.81059 2.8507 2.89298 2.93742 2.98398 3.03268 3.08349 3.13638 3.19133 3.24834 3.30735 3.36832 3.43128 3.49609 3.56276 3.63126 3.70153 3.77347 3.84711 3.92237 3.99914 4.07735 4.15693 4.23776 4.31965 4.4025 4.48621 4.57069 4.65577 4.74135 4.82738 4.91362 5 
4 3.93788 3.87585 3.81413 3.75264 3.69158 3.63111 3.57135 3.51241 3.45434 3.39722 3.34123 3.28648 3.23305 3.18104 3.13056 3.08166 3.03438 2.98882 2.94498 2.90289 2.86261 2.82419 2.7876 2.75291 2.72013 2.68928 2.66039 2.6335 2.60857 2.58567 2.56479 2.54594 2.52913 2.51439 2.50167 2.49104 2.48245 2.47591 2.47147 2.46906 2.46874 2.4705 2.47429 2.48023 2.48818 2.49827 2.51046 2.52471 2.54113 2.55963 2.58024 2.60303 2.6279 2.65497 2.68414 2.7155 2.74901 2.78466 2.8225 2.86248 2.9046 2.94889 2.99528 3.0438 3.09441 3.1471 3.20183 3.2586 3.31735 3.37804 3.44069 3.5052 3.57155 3.63971 3.70961 3.78119 3.85443 3.92926 4.00557 4.08332 4.16244 4.24278 4.32415 4.4065 4.48969 4.57358 4.6581 4.74317 4.82858 4.91426 5 
4 3.93847 3.87707 3.81582 3.75491 3.69439 3.63442 3.57522 3.51678 3.45916 3.4025 3.34701 3.29269 3.23966 3.18806 3.138 3.08944 3.04249 2.99723 2.9537 2.9119 2.8719 2.83371 2.79735 2.76287 2.73029 2.6996 2.67085 2.64407 2.61925 2.59646 2.57568 2.5569 2.54017 2.52546 2.5128 2.50219 2.49364 2.48712 2.48268 2.48026 2.47994 2.48166 2.48544 2.49133 2.49927 2.5093 2.52143 2.53561 2.55197 2.57038 2.59094 2.6136 2.63841 2.66536 2.69443 2.72567 2.75906 2.79459 2.8323 2.87213 2.91412 2.95823 3.00449 3.05283 3.10328 3.15576 3.2103 3.26683 3.32536 3.38582 3.4482 3.51244 3.57851 3.64639 3.716 3.78728 3.86018 3.93466 4.01062 4.08801 4.16673 4.24668 4.32769 4.40963 4.49237 4.57584 4.65993 4.74453 4.82956 4.91474 5 
4 3.93896 3.87798 3.81719 3.75665 3.69656 3.63707 3.57824 3.52018 3.46296 3.4067 3.35153 3.29757 3.24491 3.19366 3.14388 3.0956 3.04895 3.00396 2.96066 2.91909 2.87933 2.84136 2.80519 2.7709 2.73845 2.70791 2.67929 2.65265 2.62792 2.60523 2.5845 2.5658 2.54914 2.53448 2.52188 2.51129 2.50275 2.49625 2.4918 2.4894 2.48905 2.49077 2.49452 2.50036 2.50825 2.51824 2.53029 2.54445 2.5607 2.57905 2.59952 2.62209 2.6468 2.67365 2.70261 2.73375 2.76699 2.80243 2.83997 2.87968 2.92153 2.9655 3.01161 3.05978 3.11006 3.16238 3.21674 3.2731 3.33141 3.39167 3.45381 3.51786 3.5837 3.65135 3.7207 3.79176 3.86441 3.93862 4.01428 4.09141 4.16986 4.24951 4.33021 4.41187 4.49432 4.57745 4.66121 4.74554 4.83022 4.9151 5 
4 3.9393 3.87866 3.81815 3.75794 3.69816 3.63896 3.58046 3.52269 3.46574 3.40976 3.35489 3.30118 3.24878 3.19778 3.14826 3.10019 3.05376 3.00897 2.96589 2.9245 2.88494 2.84713 2.81112 2.77698 2.74468 2.71426 2.68575 2.6592 2.63456 2.61196 2.59132 2.57267 2.55608 2.54143 2.52888 2.51832 2.5098 2.50332 2.49887 2.49646 2.49609 2.49778 2.50152 2.5073 2.51517 2.52509 2.53709 2.55117 2.56735 2.5856 2.60601 2.62847 2.6531 2.67982 2.70868 2.7397 2.77282 2.80814 2.84556 2.88513 2.92685 2.97066 3.01664 3.06465 3.1148 3.16695 3.22116 3.27734 3.3355 3.39559 3.45756 3.52143 3.5871 3.65458 3.72376 3.79464 3.8671 3.94111 4.01661 4.09355 4.1718 4.25126 4.33179 4.41325 4.4955 4.57844 4.66201 4.74613 4.83065 4.91531 5 
4 3.9395 3.87907 3.81875 3.75875 3.69916 3.64017 3.58185 3.52428 3.46752 3.41173 3.35704 3.30352 3.25129 3.20047 3.15112 3.10323 3.05695 3.01233 2.96938 2.92815 2.88872 2.85105 2.81516 2.78115 2.74895 2.71864 2.69023 2.66378 2.63921 2.61669 2.59611 2.57752 2.56098 2.54638 2.53385 2.52332 2.51481 2.50835 2.50389 2.50148 2.50108 2.50275 2.50645 2.5122 2.52001 2.52989 2.5418 2.55583 2.57192 2.5901 2.6104 2.63278 2.65729 2.68392 2.71265 2.74357 2.77656 2.81176 2.84904 2.88849 2.93007 2.97375 3.01959 3.06747 3.11748 3.1695 3.22356 3.27961 3.33763 3.3976 3.45943 3.52317 3.58871 3.65608 3.72514 3.79591 3.86826 3.94217 4.01756 4.0944 4.17256 4.25193 4.33238 4.41376 4.49593 4.57879 4.66229 4.74634 4.83079 4.91538 5 
4 3.93958 3.87919 3.81902 3.75906 3.69957 3.64066 3.58244 3.52494 3.46831 3.41261 3.35801 3.30458 3.25247 3.20173 3.15248 3.10469 3.05853 3.01401 2.97117 2.93002 2.89069 2.85311 2.81733 2.78339 2.75129 2.72106 2.69274 2.66636 2.64188 2.61941 2.59889 2.58034 2.56384 2.5493 2.5368 2.52628 2.51779 2.51131 2.50686 2.50443 2.50403 2.50567 2.50933 2.51503 2.52278 2.53259 2.54447 2.5584 2.57443 2.59251 2.61272 2.63499 2.6594 2.68591 2.71455 2.74533 2.77822 2.81326 2.85043 2.88974 2.9312 2.97475 3.02046 3.06822 3.1181 3.16999 3.22395 3.27989 3.33781 3.39767 3.45943 3.52308 3.58857 3.65585 3.72485 3.79557 3.86789 3.94178 4.01715 4.09398 4.17215 4.25154 4.33199 4.4134 4.49561 4.57851 4.66205 4.74617 4.83064 4.91531 5 
4 3.93949 3.87911 3.81884 3.75894 3.6994 3.64044 3.5822 3.52474 3.46807 3.41237 3.35779 3.3044 3.25226 3.20155 3.15234 3.10462 3.05847 3.01401 2.97122 2.93016 2.89085 2.85333 2.81759 2.78373 2.7517 2.72155 2.69328 2.66696 2.64255 2.62014 2.59967 2.58119 2.5647 2.5502 2.5377 2.52722 2.51874 2.51226 2.50781 2.50536 2.50493 2.50654 2.51014 2.51584 2.52351 2.53327 2.54507 2.55891 2.57486 2.59285 2.61295 2.63514 2.65942 2.68584 2.71433 2.74499 2.77777 2.81269 2.84974 2.88893 2.93024 2.97368 3.01924 3.0669 3.11666 3.16846 3.2223 3.27817 3.33601 3.39582 3.45754 3.52115 3.5866 3.65388 3.7229 3.79362 3.86596 3.93992 4.01538 4.09229 4.17054 4.25004 4.33063 4.41216 4.4945 4.5776 4.66132 4.74556 4.83025 4.91508 5 
4 3.93931 3.87869 3.81839 3.75829 3.69864 3.63954 3.58116 3.52357 3.46686 3.41106 3.35638 3.30291 3.25075 3.19995 3.15069 3.10295 3.05683 3.01235 2.96958 2.9285 2.88921 2.85172 2.81602 2.78216 2.75019 2.72007 2.69188 2.66561 2.64126 2.61887 2.59846 2.58001 2.56356 2.5491 2.53661 2.52614 2.51767 2.51117 2.50673 2.50425 2.50382 2.50538 2.50894 2.51459 2.5222 2.53188 2.54363 2.55737 2.57324 2.59113 2.61112 2.63321 2.65737 2.68367 2.71206 2.74258 2.77525 2.81001 2.84695 2.886 2.92719 2.97052 3.01596 3.0635 3.11316 3.16487 3.21864 3.27445 3.33226 3.39202 3.45376 3.51737 3.58285 3.65016 3.71924 3.79002 3.8625 3.9366 4.0122 4.08927 4.16775 4.24746 4.32824 4.41002 4.49266 4.57603 4.66003 4.74461 4.82953 4.91474 5 
4 3.93895 3.87811 3.81746 3.7572 3.69726 3.63789 3.5793 3.52153 3.46459 3.40862 3.35377 3.30016 3.24781 3.19691 3.14753 3.09974 3.05352 3.00901 2.96618 2.92509 2.88574 2.84825 2.81254 2.7787 2.74674 2.71666 2.6885 2.66227 2.63797 2.61563 2.59525 2.57684 2.5604 2.54598 2.5335 2.52305 2.51458 2.50809 2.50363 2.50113 2.50066 2.5022 2.50571 2.5113 2.51885 2.52847 2.54013 2.55379 2.56956 2.58735 2.60723 2.62921 2.65324 2.67943 2.70768 2.73808 2.77062 2.80525 2.84205 2.88098 2.92203 2.96526 3.01057 3.05802 3.10758 3.15922 3.21292 3.26871 3.3265 3.38628 3.44805 3.51172 3.57726 3.64467 3.71387 3.7848 3.85745 3.93177 4.00762 4.08496 4.16371 4.24374 4.32487 4.407 4.49 4.5738 4.65824 4.74318 4.8286 4.91423 5 
4 3.93852 3.87719 3.81625 3.75554 3.69529 3.63555 3.57661 3.51852 3.46132 3.40505 3.34996 3.29609 3.24354 3.1924 3.14288 3.09492 3.0486 3.00396 2.96107 2.91988 2.88049 2.84292 2.80719 2.77332 2.74138 2.71131 2.68318 2.65697 2.63271 2.6104 2.59007 2.57169 2.55528 2.54086 2.52841 2.51796 2.5095 2.503 2.49853 2.49601 2.4955 2.49701 2.50049 2.506 2.51351 2.52304 2.5346 2.54819 2.56385 2.58153 2.60131 2.62315 2.64707 2.67311 2.70124 2.7315 2.7639 2.79839 2.83507 2.87386 2.9148 2.95789 3.0031 3.05044 3.09993 3.1515 3.20517 3.26093 3.31874 3.37855 3.4404 3.50415 3.56981 3.63737 3.70676 3.77789 3.8508 3.92541 4.0016 4.07929 4.15843 4.23888 4.32045 4.40304 4.48657 4.57089 4.65585 4.7414 4.82733 4.91361 5 
4 3.93793 3.87611 3.81456 3.75344 3.69265 3.63249 3.57309 3.51458 3.45697 3.40036 3.34488 3.2907 3.23784 3.18646 3.13666 3.0885 3.04199 2.99723 2.95417 2.91287 2.87338 2.83575 2.79995 2.76606 2.73407 2.70401 2.67587 2.64972 2.62546 2.60319 2.58287 2.56453 2.54816 2.53376 2.52133 2.51088 2.50241 2.49591 2.49141 2.4889 2.48835 2.48981 2.49324 2.49868 2.50613 2.51559 2.52704 2.54055 2.5561 2.57366 2.59333 2.61503 2.63882 2.66473 2.69271 2.72284 2.75507 2.78945 2.82596 2.86463 2.90543 2.9484 2.99351 3.04076 3.09016 3.14168 3.19533 3.25111 3.30894 3.36883 3.43075 3.49466 3.56048 3.62824 3.69784 3.76928 3.84251 3.91749 3.99408 4.07224 4.15187 4.23283 4.31495 4.39815 4.4823 4.56726 4.65292 4.73912 4.82583 4.91282 5 
4 3.93726 3.87471 3.81256 3.75074 3.68941 3.62863 3.56872 3.50967 3.45155 3.39445 3.33859 3.28396 3.23071 3.17898 3.12892 3.08045 3.03371 2.98871 2.94552 2.90404 2.86445 2.82667 2.7908 2.75685 2.72485 2.69475 2.66662 2.64046 2.61623 2.594 2.57372 2.55538 2.53905 2.52464 2.51225 2.5018 2.49336 2.48685 2.48233 2.47979 2.47921 2.48062 2.48401 2.48938 2.49676 2.50613 2.51749 2.53089 2.54633 2.56376 2.5833 2.60486 2.62853 2.65428 2.68211 2.71209 2.74416 2.7784 2.81476 2.85328 2.89396 2.93677 2.9818 3.02893 3.07829 3.12976 3.1834 3.23917 3.29707 3.35706 3.41911 3.48318 3.54921 3.61722 3.68714 3.75893 3.83254 3.90795 3.98506 4.06377 4.14397 4.22556 4.30838 4.39228 4.47717 4.56293 4.64937 4.73646 4.824 4.91193 5 
4 3.93643 3.87311 3.81011 3.74755 3.68544 3.62406 3.56344 3.50376 3.44503 3.38738 3.33094 3.27584 3.22214 3.17001 3.11954 3.07076 3.02372 2.97848 2.93502 2.89336 2.85362 2.81574 2.77974 2.74572 2.71365 2.68354 2.65539 2.62926 2.60501 2.58282 2.56255 2.54426 2.52796 2.51358 2.5012 2.49076 2.4823 2.47581 2.47127 2.46871 2.4681 2.46947 2.47279 2.47811 2.48539 2.49467 2.50595 2.51923 2.53454 2.55186 2.57125 2.59267 2.61617 2.64177 2.66943 2.69926 2.73115 2.76524 2.80143 2.8398 2.88034 2.92302 2.96794 3.01498 3.06426 3.1157 3.16933 3.22515 3.28311 3.34322 3.40539 3.46969 3.53597 3.60429 3.67454 3.74676 3.82084 3.89678 3.97445 4.0538 4.13471 4.21705 4.30064 4.3854 4.47118 4.5578 4.64523 4.7333 4.82192 4.91086 5 
4 3.9355 3.8712 3.80728 3.74377 3.68085 3.61859 3.55728 3.49682 3.43735 3.37903 3.32201 3.26627 3.21205 3.15945 3.10858 3.05935 3.01197 2.96641 2.92271 2.8808 2.84089 2.80285 2.76675 2.73263 2.7005 2.67033 2.64217 2.61603 2.59181 2.56964 2.5494 2.53112 2.51486 2.50051 2.48816 2.47774 2.46928 2.46278 2.45826 2.45564 2.45502 2.45634 2.45959 2.46486 2.47204 2.48123 2.49242 2.50555 2.52075 2.53792 2.55716 2.57843 2.60176 2.62718 2.65468 2.68432 2.71604 2.74994 2.78596 2.82416 2.86456 2.90709 2.9519 2.99884 3.04806 3.09946 3.15311 3.20895 3.26701 3.32724 3.3896 3.45413 3.52071 3.58936 3.66005 3.73274 3.80736 3.88388 3.96223 4.04233 4.12403 4.2072 4.29175 4.37747 4.46422 4.55192 4.64044 4.72969 4.8195 4.90967 5 
4 3.93442 3.86905 3.80401 3.73945 3.67549 3.61238 3.5501 3.48882 3.42852 3.36942 3.31164 3.25529 3.20042 3.14728 3.09589 3.04625 2.99843 2.95253 2.9085 2.86638 2.82622 2.78803 2.75178 2.71759 2.68538 2.65517 2.62697 2.60082 2.57661 2.55447 2.53426 2.51603 2.49978 2.48547 2.47314 2.46277 2.45432 2.44782 2.44328 2.44065 2.43998 2.44127 2.44444 2.44966 2.45674 2.46583 2.47691 2.48991 2.50497 2.522 2.54106 2.56217 2.58531 2.61055 2.63786 2.66729 2.69882 2.73253 2.76837 2.8064 2.84661 2.88901 2.93367 2.98053 3.02966 3.08104 3.13467 3.19057 3.2487 3.30909 3.37165 3.43644 3.50334 3.57241 3.64356 3.7168 3.792 3.86921 3.94832 4.02924 4.11183 4.19602 4.28159 4.3684 4.45632 4.54519 4.635 4.72559 4.81677 4.9083 5 
4 3.93321 3.8666 3.80032 3.73453 3.66945 3.60519 3.54197 3.47966 3.41846 3.35846 3.29987 3.24272 3.18723 3.13343 3.08148 3.03131 2.98308 2.93675 2.89238 2.84995 2.80959 2.77121 2.73484 2.70051 2.66823 2.63797 2.60978 2.5836 2.55942 2.53726 2.51711 2.49891 2.48273 2.46846 2.45615 2.44581 2.43739 2.43088 2.42635 2.4237 2.42301 2.42424 2.42737 2.43249 2.43949 2.44847 2.45942 2.47229 2.4872 2.50407 2.52295 2.54388 2.56682 2.59186 2.61896 2.64816 2.6795 2.71297 2.74861 2.78643 2.82646 2.86871 2.91323 2.95998 3.00903 3.06035 3.114 3.16992 3.22818 3.28869 3.35149 3.41654 3.48384 3.55334 3.62501 3.69882 3.77473 3.85269 3.93263 4.01447 4.09811 4.18337 4.27011 4.35817 4.44735 4.53762 4.62886 4.72095 4.81368 4.90677 5 
4 3.93184 3.86383 3.79616 3.72901 3.6626 3.59715 3.53271 3.46937 3.40708 3.34611 3.2866 3.22862 3.17231 3.11787 3.06527 3.01456 2.96579 2.91905 2.8743 2.83159 2.79093 2.75237 2.71584 2.68144 2.64906 2.61876 2.59052 2.56436 2.5402 2.51808 2.49796 2.47981 2.46367 2.44947 2.4372 2.4269 2.41851 2.41204 2.40748 2.40484 2.4041 2.40529 2.40837 2.41339 2.42032 2.42918 2.43998 2.45273 2.46746 2.48415 2.50285 2.52356 2.5463 2.57111 2.59797 2.62694 2.65804 2.69128 2.72668 2.7643 2.80411 2.84621 2.89053 2.93717 2.98612 3.0374 3.09103 3.147 3.20532 3.266 3.32905 3.39442 3.46209 3.53208 3.60431 3.67879 3.75542 3.83422 3.91508 3.99798 4.08272 4.16921 4.25726 4.34668 4.43733 4.52913 4.62198 4.71578 4.81023 4.90505 5 
4 3.9303 3.86075 3.79151 3.72283 3.65497 3.58811 3.52238 3.45775 3.3944 3.33228 3.27174 3.21284 3.15574 3.10046 3.0472 2.99587 2.9466 2.89934 2.8542 2.81116 2.77026 2.73146 2.69479 2.66027 2.62784 2.5975 2.56926 2.54307 2.51896 2.49688 2.47682 2.45873 2.44264 2.4285 2.41632 2.40603 2.39769 2.39125 2.3867 2.38406 2.3833 2.38443 2.38747 2.39238 2.39922 2.40797 2.41861 2.43123 2.44576 2.46226 2.48077 2.50123 2.52376 2.5483 2.57491 2.60364 2.63446 2.66743 2.70259 2.73996 2.77956 2.82143 2.86558 2.91206 2.96092 3.01209 3.06571 3.12169 3.18013 3.24095 3.30425 3.36992 3.43803 3.50854 3.58138 3.65654 3.73399 3.81372 3.89559 3.97959 4.0656 4.15345 4.24289 4.33385 4.42615 4.51967 4.61434 4.71 4.80638 4.90312 5 
4 3.92858 3.85728 3.78634 3.71598 3.64648 3.57805 3.51084 3.44488 3.38018 3.31695 3.25526 3.19532 3.13729 3.08123 3.02716 2.97519 2.92533 2.87761 2.83201 2.78864 2.74744 2.70846 2.67163 2.63701 2.60449 2.57416 2.54591 2.51977 2.49567 2.47365 2.45364 2.43565 2.41963 2.40555 2.39346 2.38324 2.37493 2.36854 2.364 2.36137 2.36059 2.36168 2.36466 2.36949 2.37622 2.38484 2.39533 2.40778 2.42213 2.43841 2.45669 2.47691 2.49917 2.52345 2.54977 2.57823 2.60873 2.64144 2.67631 2.7134 2.75273 2.79437 2.83832 2.88464 2.93333 2.98442 3.03797 3.09399 3.15248 3.21349 3.277 3.34303 3.41157 3.48262 3.55608 3.63201 3.71034 3.79105 3.87401 3.95928 4.04664 4.13593 4.22697 4.31963 4.41372 4.50919 4.60586 4.7036 4.80209 4.90099 5 
4 3.92665 3.85346 3.7806 3.70838 3.63708 3.56692 3.49804 3.43055 3.36449 3.29989 3.23705 3.176 3.11695 3.05997 3.00514 2.95242 2.90196 2.85371 2.80772 2.76396 2.7225 2.68327 2.64633 2.6116 2.57906 2.54868 2.52047 2.49437 2.47035 2.4484 2.42847 2.41057 2.39466 2.38065 2.36865 2.35851 2.35028 2.34392 2.33943 2.33679 2.336 2.33706 2.33997 2.34473 2.35134 2.35983 2.37018 2.38242 2.39657 2.41262 2.43065 2.45061 2.47257 2.49656 2.52257 2.5507 2.58089 2.61327 2.64784 2.68459 2.72367 2.76502 2.80874 2.85481 2.90334 2.95429 3.00778 3.06377 3.12233 3.18348 3.24726 3.31361 3.38259 3.45418 3.52834 3.60507 3.68434 3.76609 3.85029 3.93686 4.02569 4.1166 4.20937 4.30388 4.40002 4.49759 4.59648 4.6965 4.79734 4.89859 5 
4 3.92452 3.84918 3.77425 3.69999 3.6267 3.55461 3.48394 3.41474 3.34711 3.28115 3.21693 3.15475 3.09461 3.03665 2.98093 2.92753 2.87639 2.82761 2.78115 2.73708 2.69533 2.65592 2.6188 2.584 2.55145 2.5211 2.49292 2.46689 2.44294 2.42112 2.40129 2.3835 2.3677 2.35383 2.34189 2.33187 2.32371 2.31741 2.31298 2.31035 2.30955 2.3106 2.31342 2.31812 2.3246 2.33294 2.34314 2.35516 2.36912 2.38491 2.40266 2.42234 2.44396 2.46764 2.4933 2.52106 2.55092 2.58294 2.61714 2.65357 2.6923 2.73334 2.77676 2.82259 2.87088 2.9217 2.97503 3.03102 3.0896 3.15089 3.21486 3.28156 3.35097 3.42315 3.49801 3.57557 3.65582 3.73874 3.8242 3.9122 4.00263 4.09527 4.18993 4.28653 4.38486 4.48479 4.58612 4.68866 4.79207 4.89596 5 
4 3.92214 3.84448 3.76723 3.69072 3.61525 3.54106 3.46836 3.39734 3.32799 3.26045 3.19491 3.13139 3.07012 3.01114 2.95453 2.90029 2.84853 2.7992 2.75233 2.70785 2.66587 2.62627 2.58907 2.55417 2.52164 2.49131 2.46322 2.4373 2.41348 2.39177 2.37211 2.35443 2.33877 2.32506 2.31323 2.30332 2.29527 2.28902 2.28466 2.28205 2.28126 2.28229 2.28505 2.28967 2.29603 2.30422 2.31424 2.32604 2.33976 2.35528 2.37273 2.3921 2.41338 2.4367 2.46198 2.48934 2.51883 2.55041 2.58423 2.62027 2.65862 2.69928 2.74238 2.78789 2.83593 2.88652 2.93972 2.99561 3.05422 3.11557 3.17976 3.24676 3.31663 3.38934 3.46495 3.54338 3.6247 3.70878 3.79562 3.88517 3.97729 4.0718 4.16858 4.2674 4.36819 4.47068 4.57469 4.67999 4.78626 4.89302 5 
4 3.91952 3.83925 3.75948 3.68051 3.60263 3.52612 3.45127 3.3782 3.30701 3.23776 3.17068 3.1059 3.04334 2.98328 2.92574 2.87074 2.81822 2.76837 2.72107 2.6763 2.63402 2.5943 2.55699 2.5221 2.48957 2.45933 2.43133 2.40558 2.38191 2.36037 2.34089 2.3234 2.30788 2.29436 2.28266 2.27288 2.26495 2.25881 2.2545 2.25195 2.25116 2.25216 2.25489 2.2594 2.26565 2.27368 2.2835 2.2951 2.30853 2.32377 2.3409 2.35991 2.38082 2.40374 2.4286 2.45554 2.48458 2.51572 2.54909 2.5847 2.62258 2.66286 2.70553 2.75069 2.7984 2.84873 2.90171 2.9575 3.01603 3.07746 3.1418 3.2091 3.27935 3.35266 3.429 3.50835 3.5907 3.67608 3.76439 3.85554 3.94948 4.04608 4.14508 4.24641 4.34982 4.45513 4.56209 4.67044 4.77981 4.8898 5 
4 3.91661 3.83349 3.75093 3.66924 3.58873 3.50971 3.43247 3.35722 3.28397 3.21293 3.14422 3.07795 3.01421 2.95295 2.89445 2.83862 2.78548 2.73501 2.68732 2.64223 2.5998 2.55992 2.52257 2.48769 2.45526 2.42513 2.39728 2.37169 2.34826 2.3269 2.30766 2.29039 2.27508 2.26172 2.25024 2.24059 2.2328 2.22678 2.22254 2.22005 2.21929 2.22026 2.22295 2.22736 2.2335 2.24136 2.25097 2.26233 2.27547 2.29041 2.30719 2.3258 2.34633 2.36879 2.3932 2.41968 2.44821 2.47886 2.51173 2.54682 2.58421 2.62399 2.66622 2.71093 2.75829 2.80826 2.86099 2.91656 2.97502 3.03643 3.10089 3.16841 3.23906 3.31293 3.39 3.47023 3.55372 3.64043 3.73023 3.82311 3.91905 4.01782 4.11932 4.22329 4.32962 4.438 4.54819 4.65988 4.77271 4.88621 5 
4 3.9134 3.82712 3.74149 3.65682 3.57341 3.49163 3.41183 3.33417 3.25877 3.18571 3.1153 3.04751 2.98236 2.92004 2.8605 2.80383 2.75002 2.69908 2.65095 2.60559 2.56299 2.52309 2.48572 2.45092 2.41857 2.38865 2.361 2.33566 2.31245 2.29139 2.27237 2.25538 2.24033 2.22719 2.21593 2.20647 2.19882 2.19295 2.18879 2.18637 2.18565 2.18661 2.18925 2.19358 2.19957 2.20727 2.21666 2.22776 2.2406 2.2552 2.2716 2.2898 2.30989 2.33187 2.35578 2.38175 2.40971 2.43983 2.4721 2.50663 2.54345 2.58268 2.62437 2.66859 2.71547 2.76504 2.81743 2.87275 2.93102 2.99237 3.05684 3.12459 3.19559 3.26999 3.34773 3.42892 3.51353 3.60157 3.69297 3.78771 3.8857 3.98691 4.09102 4.19791 4.30737 4.41913 4.53286 4.64823 4.76485 4.88226 5 
4 3.90984 3.82008 3.73106 3.6431 3.55653 3.47175 3.38914 3.30892 3.23114 3.15603 3.0837 3.01431 2.94779 2.8842 2.82377 2.76624 2.71177 2.66033 2.61191 2.56629 2.5236 2.48364 2.4464 2.41172 2.37958 2.34985 2.3225 2.29743 2.27453 2.2538 2.23511 2.2184 2.20368 2.19078 2.17978 2.17055 2.16309 2.15735 2.15335 2.15097 2.1503 2.15127 2.15383 2.15811 2.16394 2.17145 2.18064 2.19142 2.20398 2.21819 2.23418 2.25196 2.27154 2.29301 2.31638 2.34175 2.36912 2.39861 2.43026 2.46412 2.50033 2.53888 2.57999 2.6236 2.66995 2.71902 2.771 2.82593 2.88394 2.94512 3.0096 3.07747 3.14874 3.22359 3.30205 3.38413 3.46984 3.55928 3.65235 3.74899 3.84928 3.95298 4.05997 4.17 4.28288 4.39831 4.51593 4.63536 4.75617 4.87787 5 
4 3.90591 3.81229 3.71952 3.62795 3.5379 3.44986 3.36419 3.28119 3.20091 3.12353 3.04927 2.97813 2.91018 2.84543 2.78392 2.72568 2.67059 2.61871 2.56997 2.52425 2.4815 2.44162 2.40447 2.37006 2.33818 2.30875 2.28173 2.25705 2.23448 2.21415 2.19582 2.17948 2.16509 2.15255 2.1418 2.13286 2.12561 2.12004 2.11619 2.11391 2.11328 2.11427 2.11676 2.12096 2.12664 2.13396 2.14291 2.15339 2.16562 2.17943 2.19498 2.21229 2.23131 2.25225 2.275 2.29972 2.32644 2.35523 2.38615 2.41932 2.45478 2.49263 2.53302 2.57596 2.62163 2.67015 2.72155 2.77603 2.83367 2.89462 2.95895 3.02686 3.09833 3.17361 3.25267 3.33559 3.42246 3.5133 3.60804 3.70677 3.80938 3.91582 4.02585 4.13926 4.25588 4.37532 4.49722 4.6211 4.74655 4.87302 5 
4 3.90155 3.80364 3.70674 3.61117 3.51733 3.42568 3.33675 3.25071 3.16776 3.08802 3.01169 2.93879 2.86929 2.80336 2.74094 2.68186 2.62628 2.57404 2.52509 2.47925 2.4366 2.39687 2.35996 2.3258 2.29434 2.26528 2.23868 2.21443 2.19234 2.1724 2.15455 2.13861 2.12462 2.11246 2.10205 2.09339 2.08642 2.08104 2.07737 2.07519 2.07463 2.07562 2.07809 2.08217 2.08772 2.09483 2.10351 2.11369 2.12555 2.13894 2.15403 2.17081 2.18927 2.20958 2.23168 2.25568 2.28169 2.30968 2.33983 2.37217 2.40682 2.44386 2.48344 2.52558 2.57052 2.6183 2.66905 2.72294 2.78013 2.84068 2.90478 2.97259 3.04421 3.11976 3.19936 3.28312 3.37106 3.46326 3.55981 3.66063 3.76573 3.87503 3.98833 4.10544 4.22606 4.34991 4.47648 4.60531 4.73588 4.86764 5 
4 3.8967 3.79404 3.69254 3.59256 3.49454 3.399 3.30646 3.21722 3.13139 3.04916 2.97068 2.89596 2.82496 2.75777 2.69444 2.63475 2.57861 2.52617 2.47711 2.43132 2.38875 2.34934 2.31275 2.27902 2.24796 2.21946 2.19334 2.16962 2.14806 2.12866 2.11128 2.09585 2.0823 2.07056 2.06055 2.05224 2.04555 2.04045 2.03692 2.03491 2.0344 2.03541 2.03787 2.04183 2.04724 2.05414 2.06252 2.0724 2.08383 2.09679 2.11137 2.12757 2.14543 2.16506 2.18643 2.20969 2.23485 2.26203 2.29128 2.32274 2.35645 2.39259 2.43121 2.47247 2.51652 2.56345 2.6134 2.6666 2.72314 2.78317 2.84691 2.91453 2.98609 3.06182 3.14188 3.22636 3.31529 3.40893 3.50724 3.61023 3.71792 3.83024 3.94704 4.06808 4.19312 4.32175 4.45347 4.58775 4.72401 4.86165 5 
4 3.8913 3.78335 3.67673 3.57188 3.46925 3.36945 3.27305 3.18032 3.09144 3.0066 2.92591 2.84933 2.77684 2.70846 2.64424 2.58395 2.52756 2.47485 2.42585 2.38024 2.33798 2.29888 2.26282 2.2296 2.1991 2.17119 2.14574 2.12259 2.10167 2.08288 2.06608 2.05119 2.0382 2.02689 2.01735 2.0094 2.00306 1.99825 1.99493 1.99308 1.99269 1.9937 1.99615 1.99999 2.00524 2.01192 2.02001 2.02954 2.04055 2.05303 2.06707 2.08264 2.09985 2.11871 2.13932 2.16173 2.18599 2.21226 2.24054 2.27098 2.30371 2.33877 2.37637 2.41659 2.45962 2.50552 2.55458 2.60687 2.66262 2.72198 2.7852 2.8524 2.92378 2.99958 3.07991 3.16498 3.25488 3.34987 3.44992 3.55513 3.66548 3.78099 3.90151 4.0268 4.15659 4.29046 4.42787 4.56818 4.71078 4.85497 5 
4 3.88525 3.77139 3.65908 3.5488 3.44111 3.33667 3.23605 3.13962 3.04751 2.95993 2.87698 2.79852 2.72459 2.65512 2.59011 2.52931 2.47269 2.42008 2.37114 2.32589 2.28409 2.24552 2.21001 2.17752 2.14768 2.12049 2.09578 2.07341 2.05314 2.0351 2.01894 2.00468 1.99228 1.98153 1.97245 1.96498 1.95898 1.9545 1.95144 1.94977 1.94949 1.95057 1.95296 1.95675 1.9618 1.96825 1.97604 1.98517 1.99575 2.0077 2.02114 2.03607 2.05253 2.07063 2.09036 2.11187 2.13515 2.16041 2.1876 2.21696 2.24854 2.28243 2.31887 2.35791 2.39972 2.44451 2.49246 2.54369 2.59846 2.657 2.71942 2.78606 2.85709 2.93271 3.01316 3.0987 3.18946 3.28568 3.38742 3.49485 3.60793 3.72677 3.85122 3.98107 4.11603 4.25563 4.39929 4.54631 4.69597 4.84749 5 
4 3.87848 3.75797 3.63928 3.52299 3.40971 3.30017 3.19504 3.0946 2.99912 2.9087 2.82345 2.74318 2.66784 2.59742 2.53175 2.47062 2.41392 2.36146 2.31298 2.26812 2.22699 2.18913 2.15438 2.12267 2.09375 2.06735 2.04353 2.022 2.00258 1.9853 1.96996 1.95637 1.94464 1.9345 1.92597 1.91897 1.91344 1.90926 1.90653 1.90504 1.90491 1.90606 1.90843 1.91212 1.91702 1.9232 1.93068 1.93939 1.9495 1.96087 1.97368 1.98791 2.00357 2.02083 2.03964 2.06013 2.0824 2.1065 2.13255 2.16069 2.191 2.22358 2.25872 2.29638 2.33687 2.38035 2.42697 2.47695 2.53058 2.58799 2.64946 2.71532 2.7857 2.86096 2.94134 3.02715 3.11858 3.21588 3.31924 3.42882 3.54469 3.66697 3.79556 3.9303 4.07083 4.21672 4.36729 4.52176 4.67933 4.83909 5 
4 3.87082 3.74284 3.61699 3.49397 3.37453 3.25944 3.14939 3.04473 2.9457 2.85239 2.76484 2.68282 2.60623 2.53498 2.46888 2.4076 2.35104 2.29894 2.251 2.20696 2.16654 2.12964 2.09585 2.06512 2.03719 2.01186 1.98896 1.96845 1.94998 1.9336 1.9191 1.90637 1.89532 1.88591 1.87796 1.87151 1.86643 1.86268 1.86023 1.85903 1.85902 1.86026 1.86263 1.86622 1.87095 1.87688 1.88399 1.89231 1.90187 1.91267 1.92479 1.93824 1.95306 1.9694 1.98719 2.00663 2.02775 2.05063 2.07541 2.10221 2.13109 2.16228 2.19589 2.23207 2.27104 2.31299 2.35808 2.40662 2.45881 2.51488 2.57517 2.6399 2.70942 2.78404 2.8641 2.94993 3.04177 3.13997 3.24479 3.35644 3.47508 3.60088 3.73381 3.87374 4.02032 4.17308 4.33128 4.4941 4.66055 4.82959 5 
4 3.86214 3.72567 3.59175 3.46122 3.33494 3.21377 3.09845 2.98931 2.88661 2.79039 2.7006 2.61697 2.53929 2.46744 2.40111 2.33998 2.28381 2.23233 2.18517 2.14208 2.10281 2.06692 2.03436 2.00481 1.97804 1.9539 1.9322 1.91271 1.89539 1.87999 1.86646 1.85462 1.84444 1.83572 1.82852 1.82261 1.81807 1.81476 1.81265 1.81172 1.81193 1.81322 1.81564 1.8191 1.82368 1.82933 1.83607 1.84395 1.85295 1.86311 1.87452 1.88712 1.90109 1.91638 1.93312 1.95141 1.97126 1.99283 2.01622 2.04152 2.0689 2.09849 2.13044 2.16495 2.20222 2.24239 2.2858 2.33259 2.38309 2.43758 2.49632 2.55967 2.62802 2.70169 2.78109 2.8666 2.95857 3.0574 3.16345 3.27702 3.39836 3.5277 3.66513 3.81057 3.96365 4.12393 4.29061 4.46275 4.63923 4.81881 5 
4 3.85221 3.70609 3.56301 3.42404 3.29019 3.16239 3.0414 2.92758 2.8211 2.72201 2.63011 2.54505 2.46658 2.39439 2.32817 2.26745 2.21202 2.16145 2.11538 2.07349 2.03553 2.00109 1.96982 1.94176 1.91633 1.89353 1.87315 1.85497 1.83878 1.8246 1.81209 1.80127 1.792 1.78412 1.77766 1.77245 1.76843 1.76564 1.76389 1.76327 1.76367 1.76508 1.76751 1.77091 1.77529 1.78068 1.78702 1.79443 1.80283 1.81233 1.82295 1.83469 1.84769 1.86193 1.87751 1.89455 1.91303 1.93321 1.95504 1.97876 2.00445 2.03227 2.06242 2.09505 2.13036 2.1686 2.21003 2.2548 2.30337 2.35592 2.4128 2.47445 2.54125 2.61361 2.69193 2.77676 2.86848 2.9676 3.07454 3.18978 3.31365 3.4465 3.58854 3.73974 3.89983 4.06833 4.2444 4.42703 4.61489 4.80646 5 
4 3.84078 3.68357 3.53006 3.38159 3.23932 3.1043 2.97727 2.85858 2.74834 2.64648 2.55269 2.46651 2.38755 2.31543 2.24967 2.18979 2.13543 2.08616 2.04151 2.00114 1.96475 1.93196 1.90241 1.87586 1.85214 1.83084 1.81194 1.7952 1.78037 1.76742 1.75615 1.74637 1.73814 1.73117 1.72553 1.72104 1.71769 1.71537 1.7141 1.71376 1.7144 1.71594 1.71837 1.7217 1.72589 1.73097 1.73696 1.74382 1.75167 1.76042 1.77023 1.78105 1.793 1.80611 1.82045 1.83613 1.8532 1.8718 1.892 1.91397 1.93783 1.96372 1.99189 2.02239 2.05559 2.09162 2.13075 2.17328 2.21954 2.2698 2.3245 2.38406 2.44889 2.51946 2.59628 2.67994 2.77094 2.86986 2.97729 3.09383 3.21997 3.35618 3.50284 3.66004 3.82761 4.00506 4.1916 4.38604 4.58687 4.79224 5 
4 3.8275 3.65747 3.49201 3.33277 3.18116 3.0383 2.90488 2.78123 2.66732 2.56293 2.4676 2.38068 2.3017 2.23011 2.1653 2.10668 2.05385 2.00627 1.96344 1.92496 1.89047 1.85956 1.83196 1.80733 1.78535 1.76592 1.74863 1.73347 1.72017 1.7086 1.69861 1.69012 1.68291 1.677 1.67222 1.66853 1.66585 1.66413 1.6633 1.66335 1.6642 1.6659 1.66833 1.67159 1.67558 1.68037 1.68593 1.69229 1.69948 1.7075 1.71643 1.72629 1.73713 1.74905 1.76204 1.7763 1.79181 1.80873 1.82718 1.84725 1.86911 1.89294 1.91885 1.9471 1.97791 2.01143 2.04804 2.088 2.13158 2.17925 2.23135 2.28835 2.35072 2.41901 2.49378 2.57571 2.66539 2.76354 2.8709 2.98825 3.11621 3.2555 3.40666 3.56999 3.74546 3.93266 4.13082 4.33865 4.55435 4.77569 5 
4 3.8119 3.6269 3.44763 3.2762 3.11422 2.96288 2.82283 2.69422 2.57689 2.47037 2.37399 2.28692 2.20848 2.13799 2.07468 2.01791 1.96709 1.92167 1.88108 1.84489 1.81267 1.78401 1.75856 1.73609 1.71619 1.69867 1.68336 1.66988 1.65827 1.64824 1.63966 1.63247 1.62651 1.62163 1.61788 1.615 1.61307 1.61197 1.61163 1.61208 1.61322 1.61502 1.61756 1.62067 1.6245 1.62896 1.63408 1.63991 1.64641 1.65366 1.6617 1.67048 1.68022 1.69081 1.70243 1.71515 1.72899 1.74414 1.76069 1.77869 1.79844 1.81996 1.84347 1.86923 1.89736 1.92815 1.96195 1.99893 2.03958 2.0842 2.13326 2.1872 2.2466 2.31202 2.38412 2.46361 2.55129 2.64795 2.75453 2.87197 3.00116 3.14302 3.29838 3.46782 3.65152 3.84926 4.06033 4.28335 4.51624 4.75625 5 
4 3.79336 3.59068 3.39537 3.21004 3.0366 2.87622 2.7294 2.59606 2.47576 2.36772 2.271 2.18451 2.10737 2.03868 1.97757 1.92323 1.87503 1.83229 1.79443 1.76095 1.73138 1.70531 1.68238 1.66227 1.64469 1.62938 1.61609 1.60465 1.59478 1.58649 1.57944 1.57366 1.56901 1.5653 1.56257 1.56066 1.55946 1.55908 1.55924 1.56012 1.56155 1.56353 1.56609 1.56916 1.57276 1.57692 1.58157 1.58684 1.59261 1.59905 1.60611 1.61383 1.62234 1.63158 1.64172 1.65283 1.66488 1.67818 1.69263 1.70851 1.7259 1.74496 1.76588 1.78885 1.81411 1.84188 1.87249 1.90626 1.94351 1.98467 2.0302 2.08056 2.13637 2.19828 2.26697 2.34329 2.4281 2.52241 2.62727 2.7439 2.87342 3.0171 3.1761 3.3514 3.54348 3.75248 3.97783 4.21817 4.47106 4.73311 5 
4 3.77098 3.54718 3.33306 3.1319 2.94586 2.77601 2.62256 2.485 2.36249 2.25383 2.15771 2.07276 1.99784 1.93182 1.87368 1.82252 1.77758 1.73811 1.70348 1.67319 1.6467 1.62357 1.60347 1.58607 1.57098 1.55812 1.54709 1.53774 1.52993 1.52339 1.51809 1.51381 1.51055 1.5081 1.50648 1.50552 1.50523 1.50549 1.50631 1.50758 1.50935 1.51152 1.51412 1.51712 1.52052 1.52432 1.52855 1.53316 1.53826 1.54378 1.54986 1.55643 1.56364 1.57148 1.58005 1.58942 1.59966 1.6109 1.62323 1.63676 1.65168 1.66809 1.68618 1.70616 1.7283 1.75271 1.77992 1.81003 1.84349 1.88075 1.92222 1.96841 2.02 2.07768 2.14214 2.21437 2.29536 2.38623 2.48823 2.60285 2.73154 2.87593 3.03763 3.21813 3.41846 3.63925 3.88031 4.14039 4.41676 4.70517 5 
4 3.74347 3.49408 3.25773 3.03855 2.83885 2.65941 2.49984 2.35903 2.23547 2.12747 2.0332 1.951 1.87941 1.81708 1.76282 1.71565 1.6747 1.63913 1.6083 1.58167 1.55869 1.53889 1.52197 1.50753 1.49528 1.48499 1.47647 1.46939 1.46369 1.4592 1.45562 1.45309 1.45125 1.45017 1.44972 1.4498 1.4504 1.45144 1.45284 1.45464 1.4567 1.45911 1.46175 1.4647 1.46787 1.47134 1.47505 1.47907 1.48338 1.48802 1.49302 1.49842 1.50427 1.51064 1.51752 1.52514 1.53339 1.54251 1.55257 1.5636 1.57589 1.58947 1.60452 1.62135 1.64004 1.66093 1.6843 1.71045 1.7397 1.77256 1.80944 1.85086 1.89754 1.95018 2.00954 2.07666 2.1527 2.23885 2.33661 2.44771 2.57401 2.71751 2.88045 3.06497 3.27291 3.50565 3.76376 4.04633 4.35044 4.67081 5 
4 3.70893 3.42798 3.1652 2.92564 2.71153 2.5229 2.35839 2.21588 2.09303 1.98739 1.89662 1.81865 1.75173 1.69428 1.64493 1.60263 1.56644 1.53545 1.509 1.48655 1.46753 1.45145 1.43803 1.42688 1.41767 1.41027 1.40436 1.39977 1.39634 1.39392 1.39234 1.39148 1.39133 1.3916 1.39245 1.39362 1.39515 1.397 1.39904 1.40133 1.40381 1.40637 1.40916 1.41197 1.41498 1.41807 1.42128 1.42466 1.42816 1.43186 1.43578 1.4399 1.4444 1.44915 1.45438 1.46006 1.46627 1.47317 1.48077 1.48922 1.4987 1.50926 1.52114 1.53453 1.54962 1.56661 1.5859 1.60768 1.63231 1.66031 1.69205 1.72807 1.76911 1.81587 1.86915 1.93008 1.99987 2.07984 2.17168 2.27743 2.39928 2.53977 2.70178 2.88836 3.10244 3.34665 3.62274 3.93076 4.26787 4.62766 5 
4 3.66434 3.34377 3.04943 2.78723 2.55867 2.36224 2.19492 2.05316 1.93345 1.83247 1.74724 1.67529 1.61459 1.56334 1.52005 1.48359 1.45297 1.42728 1.40581 1.38806 1.37342 1.36147 1.35186 1.3443 1.33841 1.33407 1.33103 1.32904 1.32806 1.32784 1.32829 1.32932 1.33079 1.33264 1.33476 1.33715 1.33964 1.34234 1.34506 1.34789 1.35072 1.35355 1.35638 1.35918 1.36193 1.36468 1.36736 1.37008 1.37274 1.37548 1.37824 1.3811 1.38411 1.38727 1.39069 1.3944 1.39846 1.40301 1.40807 1.41381 1.42031 1.42776 1.43622 1.44601 1.45721 1.47007 1.48494 1.50197 1.52162 1.54424 1.57031 1.60027 1.63495 1.67495 1.72115 1.77467 1.8368 1.90894 1.99294 2.0911 2.20596 2.34056 2.49859 2.6842 2.90176 3.15569 3.44983 3.78612 4.16265 4.57193 5 
4 3.60472 3.23336 2.9015 2.61517 2.3736 2.1724 2.00588 1.86846 1.7552 1.66178 1.58459 1.52074 1.46799 1.42439 1.38838 1.35876 1.33457 1.31487 1.29901 1.28644 1.27665 1.26917 1.26375 1.26002 1.2577 1.25665 1.25662 1.25745 1.25899 1.26114 1.2637 1.26668 1.26992 1.2733 1.27689 1.28042 1.28405 1.28756 1.29105 1.29441 1.29763 1.30072 1.30362 1.30635 1.3089 1.31125 1.31344 1.31542 1.3173 1.31898 1.32061 1.32211 1.32361 1.32511 1.32663 1.32833 1.33013 1.33224 1.33468 1.33754 1.34101 1.34511 1.35006 1.356 1.36311 1.37158 1.38171 1.39372 1.4079 1.42474 1.44455 1.46788 1.49539 1.52778 1.56581 1.6107 1.66365 1.72615 1.80014 1.88811 1.99287 2.11796 2.26789 2.44803 2.66457 2.92445 3.23483 3.60126 4.02467 4.49742 5 
4 3.52121 3.08349 2.70806 2.39835 2.14811 1.94777 1.78769 1.65968 1.55715 1.47484 1.40857 1.35516 1.31224 1.27782 1.25032 1.22857 1.21164 1.19864 1.18895 1.18208 1.17753 1.1749 1.17392 1.17432 1.17579 1.17822 1.1814 1.18515 1.18939 1.19398 1.19879 1.20378 1.20883 1.21388 1.21886 1.22374 1.22838 1.23291 1.23708 1.24106 1.24469 1.24801 1.25102 1.25367 1.25599 1.25797 1.25959 1.26092 1.26187 1.26258 1.26298 1.26312 1.26308 1.26281 1.26245 1.26199 1.26151 1.26109 1.26081 1.26072 1.26099 1.26166 1.26288 1.26483 1.26762 1.27145 1.27659 1.2832 1.29161 1.30218 1.31526 1.33131 1.35097 1.37485 1.40371 1.43866 1.48089 1.53184 1.59349 1.66835 1.7594 1.87057 2.00704 2.1754 2.38385 2.64265 2.96386 3.3595 3.83734 4.39303 5 
4 3.39665 2.87133 2.44897 2.1221 1.87273 1.68277 1.53739 1.42548 1.33895 1.27183 1.21965 1.17917 1.14801 1.12431 1.10653 1.09364 1.08475 1.07912 1.07614 1.07541 1.07649 1.07902 1.08279 1.08752 1.09299 1.09909 1.10563 1.11245 1.11951 1.12664 1.13378 1.14086 1.1478 1.15452 1.16101 1.16717 1.17299 1.17841 1.18343 1.18795 1.19207 1.19562 1.19876 1.20132 1.20343 1.205 1.20608 1.20668 1.20676 1.2064 1.20557 1.20431 1.20267 1.20064 1.1983 1.19569 1.19283 1.18984 1.18673 1.1836 1.18055 1.17766 1.17501 1.1728 1.17108 1.17005 1.16993 1.17087 1.17314 1.17706 1.18293 1.19114 1.20227 1.21683 1.23553 1.25932 1.28932 1.32683 1.37372 1.43237 1.50576 1.59789 1.71433 1.86254 2.05262 2.29844 2.61857 3.03565 3.57215 4.23732 5 
4 3.19402 2.55622 2.09445 1.76846 1.53797 1.3731 1.25356 1.16594 1.1014 1.05386 1.01904 0.993917 0.9764 0.964819 0.957911 0.954752 0.954648 0.956938 0.96116 0.966968 0.974007 0.981988 0.990724 1.00002 1.00966 1.01958 1.02961 1.03964 1.04959 1.05938 1.06892 1.07816 1.08705 1.09549 1.10352 1.11102 1.11797 1.1244 1.13016 1.13539 1.13987 1.1438 1.14696 1.14954 1.15137 1.15257 1.15308 1.15291 1.15213 1.15064 1.1486 1.14587 1.14263 1.13879 1.13445 1.12963 1.12435 1.11871 1.11272 1.10646 1.10001 1.09342 1.08679 1.08024 1.07385 1.06776 1.06217 1.05717 1.05301 1.04993 1.04816 1.04806 1.05006 1.05459 1.06222 1.07377 1.09012 1.11241 1.14222 1.18163 1.23329 1.30092 1.38986 1.50769 1.66547 1.87994 2.17649 2.59246 3.17822 3.98402 5 
4 2.82315 2.065 1.60419 1.31943 1.13764 1.01805 0.937741 0.88337 0.846899 0.823161 0.808695 0.801136 0.798874 0.800659 0.805558 0.812887 0.822145 0.832844 0.844659 0.857322 0.870593 0.884247 0.898159 0.912171 0.926136 0.94 0.953624 0.966955 0.979893 0.992422 1.00441 1.01589 1.02676 1.037 1.04658 1.05544 1.06359 1.07096 1.0776 1.08338 1.08842 1.09254 1.09592 1.09837 1.10003 1.1008 1.10074 1.09986 1.0981 1.09558 1.09219 1.08807 1.08313 1.07749 1.07109 1.06403 1.05629 1.04794 1.03901 1.02953 1.0196 1.00921 0.998504 0.987495 0.976314 0.965011 0.953759 0.942626 0.93178 0.921419 0.911696 0.902876 0.895255 0.889172 0.885013 0.883386 0.884918 0.890461 0.901166 0.918604 0.944786 0.982647 1.03649 1.11277 1.22153 1.37942 1.61512 1.97957 2.56415 3.5204 5 
4 2.03352 1.27636 0.937866 0.767517 0.675146 0.623703 0.595925 0.582918 0.579676 0.583175 0.591416 0.603098 0.617303 0.633373 0.650766 0.669138 0.688173 0.707639 0.727316 0.747082 0.766771 0.786271 0.805494 0.824344 0.842748 0.86063 0.877961 0.894631 0.910659 0.925938 0.940479 0.954209 0.967125 0.979174 0.990345 1.00062 1.00994 1.01836 1.02576 1.03224 1.03768 1.04217 1.0456 1.04805 1.04945 1.04985 1.04922 1.04757 1.04493 1.04126 1.03664 1.031 1.02444 1.01689 1.00846 0.999081 0.988837 0.977734 0.965791 0.953066 0.939556 0.925356 0.910437 0.894937 0.878823 0.862227 0.84518 0.827773 0.810088 0.792239 0.774334 0.756497 0.738936 0.721792 0.705336 0.689844 0.675715 0.663363 0.653463 0.64683 0.644611 0.648414 0.660722 0.685307 0.728417 0.80116 0.925113 1.14659 1.57828 2.53331 5 
0 0.0345161 0.0689911 0.103384 0.137654 0.171759 0.20566 0.239316 0.272686 0.305732 0.338413 0.370691 0.402527 0.433884 0.464723 0.495009 0.524704 0.553775 0.582185 0.609902 0.636892 0.663123 0.688563 0.713183 0.736953 0.759845 0.781831 0.802886 0.822984 0.842101 0.860214 0.877303 0.893346 0.908324 0.92222 0.935016 0.946699 0.957253 0.966666 0.974928 0.982028 0.987957 0.992709 0.996278 0.998659 0.999851 0.999851 0.998659 0.996278 0.992709 0.987957 0.982028 0.974928 0.966666 0.957253 0.946699 0.935016 0.92222 0.908324 0.893346 0.877303 0.860214 0.842101 0.822984 0.802886 0.781831 0.759845 0.736953 0.713183 0.688563 0.663123 0.636892 0.609902 0.582185 0.553775 0.524704 0.495009 0.464723 0.433884 0.402527 0.370691 0.338413 0.305732 0.272686 0.239316 0.20566 0.171759 0.137654 0.103384 0.0689911 0.0345161 0 
