C h:0.0133333
C GRID SIZE:76
C N:74
0 0.000177778 0.000711111 0.0016 0.00284444 0.00444444 0.0064 0.00871111 0.0113778 0.0144 0.0177778 0.0215111 0.0256 0.0300444 0.0348444 0.04 0.0455111 0.0513778 0.0576 0.0641778 0.0711111 0.0784 0.0860444 0.0940444 0.1024 0.111111 0.120178 0.1296 0.139378 0.149511 0.16 0.170844 0.182044 0.1936 0.205511 0.217778 0.2304 0.243378 0.256711 0.2704 0.284444 0.298844 0.3136 0.328711 0.344178 0.36 0.376178 0.392711 0.4096 0.426844 0.444444 0.4624 0.480711 0.499378 0.5184 0.537778 0.557511 0.5776 0.598044 0.618844 0.64 0.661511 0.683378 0.7056 0.728178 0.751111 0.7744 0.798044 0.822044 0.8464 0.871111 0.896178 0.9216 0.947378 0.973511 1 
4 2.00124 1.21198 0.841728 0.640037 0.516795 0.434963 0.377351 0.335128 0.30334 0.278944 0.260035 0.245342 0.233998 0.225321 0.218899 0.214358 0.211452 0.209942 0.209724 0.210616 0.212542 0.215422 0.219164 0.223739 0.229069 0.235157 0.241904 0.249367 0.257431 0.266142 0.275463 0.285341 0.295857 0.306881 0.318539 0.330713 0.343483 0.356812 0.370688 0.385172 0.400166 0.415798 0.431944 0.448721 0.466072 0.48402 0.502632 0.521834 0.541764 0.562344 0.583691 0.605786 0.628719 0.65251 0.677253 0.703034 0.729916 0.758093 0.78766 0.818862 0.851938 0.887279 0.925282 0.966641 1.01223 1.06331 1.12177 1.19067 1.27495 1.38344 1.53335 1.76172 2.15867 2.97459 5 
4 2.7927 2.0042 1.5133 1.19884 0.987748 0.839289 0.730603 0.648481 0.584879 0.534639 0.494357 0.461788 0.435269 0.413601 0.395926 0.381626 0.370123 0.361075 0.354166 0.349134 0.345778 0.343957 0.343517 0.344327 0.346361 0.349444 0.353604 0.358716 0.364762 0.371704 0.379478 0.388116 0.39751 0.407763 0.41873 0.430533 0.443069 0.456383 0.470493 0.485324 0.501 0.517396 0.534642 0.552667 0.571542 0.591274 0.611887 0.633457 0.655965 0.679565 0.704206 0.730075 0.757196 0.785691 0.81572 0.847425 0.881002 0.916707 0.954876 0.995824 1.04015 1.08846 1.14164 1.20087 1.26784 1.34478 1.43507 1.54388 1.67923 1.85434 2.09208 2.43324 2.95086 3.76605 5 
4 3.16524 2.49874 2.00849 1.65435 1.39607 1.20379 1.05729 0.943334 0.853051 0.780341 0.721014 0.672192 0.63169 0.597892 0.569637 0.546067 0.526382 0.510088 0.496747 0.485999 0.477512 0.471146 0.466606 0.463786 0.462549 0.462746 0.464319 0.467145 0.47121 0.476365 0.482694 0.490014 0.498419 0.50782 0.518195 0.529589 0.541918 0.55523 0.569524 0.584757 0.601011 0.61824 0.636479 0.655793 0.676127 0.697618 0.720228 0.74407 0.769174 0.795661 0.823581 0.853083 0.884311 0.917355 0.952519 0.989943 1.02995 1.0729 1.11925 1.16946 1.22435 1.28479 1.35194 1.42742 1.51345 1.61287 1.72986 1.87051 2.04368 2.2626 2.54752 2.92836 3.44535 4.13858 5 
4 3.36943 2.81696 2.36763 2.01409 1.73837 1.52239 1.35144 1.21454 1.1036 1.0126 0.937198 0.874262 0.821366 0.776615 0.738708 0.706555 0.679255 0.65614 0.636755 0.620531 0.607202 0.59644 0.588008 0.581654 0.577278 0.574678 0.573698 0.574375 0.5764 0.579934 0.584743 0.590866 0.598259 0.606847 0.616657 0.627633 0.639777 0.653086 0.667545 0.68319 0.699989 0.718028 0.737259 0.757772 0.779605 0.802726 0.827357 0.85336 0.881007 0.9103 0.94136 0.974403 1.00953 1.04698 1.08698 1.12989 1.17594 1.22571 1.27967 1.33846 1.403 1.47439 1.55393 1.64352 1.74563 1.86337 2.00103 2.16462 2.36225 2.60488 2.90723 3.28746 3.76355 4.34275 5 
4 3.49546 3.03204 2.63107 2.29609 2.02087 1.79585 1.61153 1.45983 1.33417 1.22922 1.14095 1.06631 1.00282 0.948535 0.902031 0.86217 0.827913 0.798557 0.773514 0.752249 0.734306 0.719461 0.707286 0.697594 0.690231 0.684881 0.681563 0.680017 0.680237 0.682073 0.685509 0.690435 0.696843 0.704674 0.713889 0.724488 0.736437 0.749725 0.76439 0.780378 0.797773 0.816551 0.836759 0.858459 0.881663 0.906466 0.932911 0.961117 0.991115 1.02315 1.05721 1.09359 1.13247 1.174 1.21863 1.26659 1.3183 1.37431 1.43523 1.50172 1.57484 1.65577 1.7459 1.84719 1.96218 2.09388 2.24628 2.42468 2.6357 2.88738 3.18923 3.5509 3.97862 4.46878 5 
4 3.58035 3.18467 2.82862 2.51834 2.25309 2.0285 1.83902 1.67917 1.54398 1.42914 1.33115 1.24723 1.17505 1.1127 1.0588 1.01217 0.971719 0.93673 0.906577 0.880636 0.858486 0.839798 0.824136 0.811321 0.801059 0.793211 0.787546 0.784004 0.782425 0.782682 0.784794 0.788565 0.794021 0.801134 0.809738 0.820012 0.831733 0.845026 0.859877 0.876198 0.894169 0.913664 0.934804 0.95765 0.982168 1.00855 1.03678 1.06699 1.09931 1.13386 1.1708 1.21032 1.25269 1.29807 1.34691 1.39955 1.45637 1.51802 1.58514 1.6584 1.73891 1.82789 1.92671 2.03728 2.162 2.30361 2.46555 2.65213 2.86832 3.11957 3.41146 3.74843 4.13125 4.55368 5 
4 3.64128 3.29768 2.98043 2.69554 2.44454 2.22599 2.03692 1.87391 1.73345 1.61223 1.50734 1.41644 1.3374 1.2685 1.2084 1.15597 1.11014 1.07019 1.03545 1.00533 0.979325 0.957084 0.938259 0.92243 0.909594 0.899295 0.891497 0.886068 0.882746 0.881569 0.882371 0.88505 0.889634 0.895983 0.904098 0.913969 0.92553 0.938807 0.953812 0.970499 0.988961 1.00918 1.0312 1.0551 1.08094 1.10873 1.1387 1.17079 1.20525 1.24223 1.28176 1.32427 1.36982 1.41875 1.47145 1.52828 1.5897 1.65631 1.7288 1.80787 1.89457 1.9901 2.09578 2.21333 2.34494 2.49295 2.66018 2.84993 3.06572 3.31095 3.58861 3.9002 4.24424 4.61459 5 
4 3.6871 3.38436 3.09987 2.83882 2.60346 2.3939 2.20879 2.04617 1.9037 1.77896 1.66963 1.57377 1.48958 1.41553 1.35041 1.29316 1.24277 1.1985 1.15979 1.12591 1.09643 1.07105 1.0492 1.03076 1.01544 1.00293 0.993164 0.985914 0.981025 0.978455 0.978023 0.979699 0.983409 0.989083 0.996697 1.00621 1.01761 1.03088 1.04602 1.06305 1.08197 1.10287 1.12572 1.15063 1.17766 1.20685 1.23837 1.27228 1.3087 1.3479 1.3899 1.43504 1.48359 1.53568 1.59185 1.65244 1.71783 1.78876 1.86583 1.94971 2.04143 2.14211 2.25295 2.37546 2.51151 2.66306 2.83232 3.02169 3.23354 3.4698 3.73182 4.0196 4.33088 4.6604 5 
4 3.72281 3.45277 3.19588 2.95634 2.73652 2.53727 2.35821 2.19837 2.05631 1.93027 1.8185 1.71941 1.63158 1.55369 1.48464 1.42347 1.3693 1.32144 1.27924 1.24209 1.2096 1.1813 1.15685 1.13599 1.1184 1.10391 1.09228 1.08337 1.07704 1.07312 1.07161 1.0723 1.07521 1.08026 1.08736 1.09658 1.10779 1.12104 1.13635 1.15364 1.17307 1.19455 1.21819 1.24406 1.27217 1.30268 1.33564 1.37119 1.40947 1.45064 1.49492 1.54246 1.59363 1.64862 1.70782 1.77168 1.84058 1.91509 1.99594 2.08375 2.1794 2.28393 2.3984 2.52414 2.66264 2.81549 2.98436 3.17097 3.37679 3.60275 3.84926 4.11554 4.39926 4.69609 5 
4 3.7514 3.50807 3.27448 3.05404 2.84895 2.66036 2.48848 2.33296 2.19295 2.06731 1.95466 1.85382 1.76364 1.68302 1.61102 1.54683 1.48964 1.43876 1.3936 1.35372 1.3185 1.28773 1.26098 1.23789 1.21835 1.202 1.18868 1.17828 1.17058 1.16547 1.16292 1.16271 1.16487 1.16934 1.17597 1.18491 1.19594 1.20918 1.22463 1.24218 1.26204 1.28409 1.30844 1.3352 1.36432 1.39601 1.43031 1.46737 1.5073 1.55035 1.59656 1.64634 1.69981 1.75729 1.81919 1.8858 1.95764 2.03519 2.11906 2.2099 2.30852 2.41577 2.5326 2.6601 2.79949 2.95195 3.11877 3.30108 3.49974 3.71506 3.94686 4.19407 4.4545 4.72466 5 
4 3.77482 3.55363 3.33989 3.13629 2.94481 2.7667 2.60246 2.45215 2.31534 2.1913 2.07899 1.97755 1.88609 1.80375 1.72967 1.66322 1.60364 1.55032 1.50281 1.46053 1.42306 1.39017 1.36133 1.33635 1.31504 1.29701 1.28222 1.27044 1.26149 1.25531 1.25177 1.25075 1.25224 1.25613 1.26237 1.271 1.2819 1.29512 1.31067 1.3285 1.34872 1.37131 1.39632 1.42385 1.45395 1.48668 1.52223 1.56063 1.60205 1.64675 1.69476 1.74641 1.80197 1.86157 1.92573 1.99472 2.06895 2.14892 2.23521 2.32831 2.42901 2.53799 2.65611 2.78422 2.92328 3.07416 3.2378 3.41491 3.60594 3.81079 4.029 4.25939 4.50001 4.74806 5 
4 3.79433 3.5918 3.39507 3.2063 3.02726 2.85914 2.70263 2.55798 2.42506 2.30347 2.19241 2.09128 1.99944 1.91617 1.84077 1.77271 1.71133 1.65617 1.60669 1.56249 1.5232 1.48841 1.45784 1.43123 1.40831 1.38885 1.37272 1.35969 1.34964 1.34248 1.33804 1.33629 1.33714 1.34052 1.3464 1.35474 1.36552 1.37873 1.39436 1.41244 1.43299 1.45606 1.48167 1.50991 1.54087 1.57458 1.61121 1.65085 1.6936 1.73973 1.78932 1.84262 1.8999 1.9614 2.02739 2.09833 2.1745 2.25635 2.34441 2.43915 2.54119 2.65111 2.76963 2.89743 3.03526 3.18371 3.34348 3.51495 3.69827 3.89314 4.09892 4.3145 4.53813 4.76755 5 
4 3.81085 3.62419 3.44217 3.26652 3.09874 2.94 2.79104 2.65221 2.52362 2.40502 2.29587 2.19577 2.10422 2.02069 1.94459 1.87545 1.8129 1.75632 1.70533 1.65966 1.61879 1.58247 1.55046 1.52242 1.49813 1.47744 1.46009 1.44597 1.43496 1.42686 1.42168 1.41924 1.41951 1.42245 1.42795 1.43607 1.4467 1.45988 1.47563 1.4939 1.51478 1.53826 1.56442 1.59331 1.625 1.65961 1.69719 1.7379 1.78185 1.8292 1.88017 1.93487 1.99362 2.05664 2.12422 2.19662 2.27433 2.35758 2.44687 2.54265 2.6454 2.75562 2.87386 3.00065 3.13659 3.28206 3.43753 3.60321 3.77899 3.96452 4.15905 4.36154 4.57048 4.78404 5 
4 3.82498 3.65202 3.48281 3.31875 3.16117 3.01113 2.86942 2.73639 2.6123 2.49705 2.39029 2.29171 2.20099 2.11773 2.04139 1.97179 1.90845 1.85086 1.79881 1.75198 1.70985 1.67234 1.63911 1.60985 1.58443 1.56265 1.54425 1.52919 1.51731 1.50841 1.50255 1.49949 1.49924 1.50178 1.50694 1.51485 1.52535 1.53851 1.55435 1.57277 1.59396 1.61781 1.64445 1.67393 1.70627 1.74165 1.78006 1.82171 1.86668 1.91512 1.9672 2.02313 2.08308 2.14732 2.21614 2.28972 2.36848 2.45277 2.54283 2.63913 2.74211 2.85206 2.9695 3.09479 3.22837 3.37052 3.52149 3.6814 3.84997 4.02682 4.21117 4.40209 4.59825 4.79815 5 
4 3.83722 3.67614 3.51816 3.36442 3.21603 3.07404 2.93916 2.8118 2.69227 2.58055 2.47646 2.37977 2.29028 2.20766 2.13159 2.0619 1.99812 1.93998 1.8872 1.83947 1.79644 1.75796 1.72373 1.69348 1.66712 1.64438 1.62514 1.60925 1.5966 1.58703 1.58054 1.57695 1.57624 1.57839 1.58326 1.59097 1.60135 1.61449 1.63039 1.64898 1.67041 1.6946 1.72166 1.75164 1.78457 1.8206 1.85975 1.9022 1.94801 1.99738 2.05041 2.1073 2.16826 2.23345 2.30321 2.37766 2.45719 2.54203 2.63255 2.72893 2.83169 2.941 3.05723 3.18067 3.31159 3.45025 3.59669 3.75095 3.91272 4.08154 4.25673 4.43735 4.62232 4.81036 5 
4 3.84789 3.69723 3.54916 3.40459 3.26453 3.12995 3.00148 2.87958 2.76451 2.65643 2.5552 2.46061 2.37259 2.29102 2.21556 2.14604 2.08222 2.02384 1.97058 1.92228 1.8786 1.83936 1.80435 1.77333 1.74616 1.72266 1.7027 1.68609 1.6728 1.66264 1.65558 1.65154 1.65042 1.65222 1.65687 1.66435 1.67466 1.68777 1.7037 1.72246 1.74407 1.76856 1.79599 1.82638 1.85984 1.89642 1.93619 1.97932 2.02583 2.07595 2.12975 2.18744 2.24915 2.31511 2.38551 2.46057 2.54055 2.62567 2.71624 2.81246 2.91461 3.02293 3.13767 3.25904 3.38714 3.52219 3.66421 3.81304 3.96844 4.12989 4.29678 4.46826 4.64335 4.821 5 
4 3.85729 3.71579 3.5765 3.44016 3.30763 3.17982 3.05736 2.94063 2.82993 2.72548 2.62713 2.53478 2.44853 2.36822 2.29355 2.22455 2.16099 2.10258 2.04912 2.00049 1.95638 1.91658 1.88101 1.84938 1.82156 1.79747 1.77687 1.75967 1.74584 1.73517 1.72764 1.7232 1.72171 1.72323 1.72764 1.73495 1.74517 1.75826 1.77422 1.79311 1.81488 1.83961 1.86736 1.8981 1.93198 1.96904 2.00932 2.05301 2.10013 2.15082 2.20526 2.26354 2.32582 2.39231 2.46317 2.53855 2.61876 2.70388 2.79423 2.88996 2.99133 3.09839 3.21143 3.33055 3.45581 3.58725 3.72494 3.86866 4.01808 4.1728 4.33219 4.49548 4.66183 4.83035 5 
4 3.86558 3.73224 3.60075 3.47176 3.34608 3.22449 3.10762 2.99575 2.88928 2.78833 2.69286 2.6029 2.5185 2.43957 2.366 2.29772 2.23459 2.17639 2.12295 2.07421 2.02981 1.98968 1.9537 1.92161 1.8933 1.86873 1.84761 1.82995 1.81567 1.80452 1.79664 1.79182 1.79003 1.79131 1.79551 1.80269 1.81282 1.82587 1.84188 1.86082 1.88276 1.90768 1.93567 1.96674 2.00094 2.03842 2.07911 2.12324 2.17085 2.222 2.2769 2.33563 2.39831 2.46514 2.53626 2.61178 2.69197 2.77692 2.86682 2.96186 3.06216 3.16788 3.27907 3.39585 3.51824 3.64623 3.77972 3.91861 4.0625 4.21104 4.36363 4.51961 4.67819 4.8386 5 
4 3.87297 3.74686 3.62235 3.50002 3.38051 3.26463 3.15291 3.04567 2.94316 2.84555 2.75301 2.66541 2.58293 2.50558 2.43321 2.36578 2.30328 2.24547 2.19224 2.14352 2.09903 2.05874 2.02248 1.99006 1.96141 1.93645 1.91493 1.89689 1.88222 1.87072 1.86251 1.85739 1.85534 1.85642 1.86042 1.86751 1.87754 1.89056 1.90659 1.92558 1.94765 1.97271 2.0009 2.03223 2.06669 2.10449 2.14553 2.19 2.23798 2.28949 2.34472 2.40374 2.46671 2.53369 2.60491 2.68039 2.7604 2.84496 2.93428 3.02846 3.12759 3.23175 3.34106 3.45551 3.57502 3.69967 3.82926 3.96357 4.10237 4.24523 4.3917 4.54107 4.69272 4.84594 5 
4 3.87956 3.75992 3.64168 3.5253 3.41145 3.30079 3.19386 3.09089 2.99209 2.8978 2.808 2.72276 2.64229 2.56655 2.49546 2.42905 2.36729 2.31003 2.25711 2.20858 2.16415 2.12381 2.08738 2.05479 2.02591 2.00063 1.97885 1.96049 1.9455 1.93372 1.92524 1.91987 1.91762 1.9185 1.92237 1.92933 1.93929 1.95227 1.96832 1.98735 2.00951 2.03469 2.06304 2.09455 2.12924 2.16726 2.20856 2.25331 2.30152 2.35332 2.40876 2.46796 2.53105 2.59809 2.66924 2.74455 2.82423 2.90828 2.99685 3.09007 3.18793 3.29051 3.39783 3.50996 3.62674 3.74814 3.87403 4.00414 4.13819 4.27592 4.41677 4.56024 4.70567 4.85248 5 
4 3.88547 3.77163 3.659 3.54805 3.43929 3.33343 3.23091 3.13188 3.03665 2.94537 2.85828 2.77542 2.69689 2.62278 2.55307 2.48775 2.42683 2.37019 2.31773 2.26949 2.22525 2.18494 2.1485 2.11583 2.08677 2.06129 2.03931 2.02071 2.00548 1.99351 1.98477 1.97922 1.97678 1.9775 1.98125 1.98811 1.998 2.01096 2.02698 2.04607 2.06825 2.09354 2.12201 2.15365 2.18852 2.2267 2.2682 2.31315 2.36151 2.41348 2.46907 2.52832 2.59142 2.6584 2.72938 2.80438 2.88363 2.96705 3.05482 3.14695 3.24348 3.34445 3.44988 3.55966 3.67378 3.79218 3.91457 4.04077 4.17049 4.30346 4.43929 4.57738 4.71726 4.85832 5 
4 3.89077 3.78214 3.67459 3.56849 3.46443 3.36294 3.26442 3.16912 3.0771 2.98877 2.90429 2.82365 2.74704 2.67462 2.6063 2.54211 2.48207 2.42616 2.37426 2.3264 2.28241 2.24225 2.20589 2.1732 2.14406 2.11848 2.09636 2.07758 2.06219 2.05004 2.04113 2.03542 2.03284 2.0334 2.03707 2.0438 2.05365 2.06656 2.08257 2.10168 2.12391 2.14926 2.17781 2.20953 2.24454 2.28282 2.32445 2.36952 2.41799 2.47002 2.52565 2.58491 2.64791 2.71474 2.78544 2.86009 2.93877 3.0215 3.10837 3.19942 3.29458 3.39392 3.49744 3.60505 3.7166 3.8321 3.9513 4.07385 4.19961 4.32829 4.45949 4.59279 4.72764 4.86356 5 
4 3.89554 3.79161 3.6886 3.58697 3.48712 3.38961 3.29484 3.20284 3.11393 3.02837 2.94629 2.86782 2.79312 2.72232 2.65539 2.59233 2.53328 2.47813 2.42683 2.3794 2.33577 2.29584 2.25961 2.22696 2.19781 2.17222 2.14999 2.13112 2.11562 2.10333 2.09429 2.08845 2.08574 2.0862 2.08976 2.09643 2.10621 2.11909 2.13506 2.15419 2.17642 2.20183 2.23041 2.26222 2.29728 2.33565 2.37733 2.42245 2.47097 2.52298 2.57859 2.63777 2.70063 2.76721 2.83756 2.91176 2.98985 3.07183 3.15776 3.24767 3.34149 3.43922 3.54089 3.64635 3.75556 3.86832 3.9845 4.10377 4.22587 4.35062 4.47768 4.60659 4.73697 4.86825 5 
4 3.89985 3.80012 3.70126 3.6036 3.50761 3.41376 3.32228 3.23347 3.14741 3.06437 2.98461 2.90821 2.83533 2.7661 2.70053 2.63866 2.58057 2.52621 2.47556 2.42864 2.3854 2.34576 2.30969 2.27717 2.2481 2.22251 2.20024 2.18132 2.16575 2.15336 2.14425 2.13828 2.13549 2.13585 2.13931 2.14592 2.15564 2.16846 2.18445 2.20352 2.22579 2.2512 2.27982 2.31166 2.34674 2.38514 2.42684 2.47194 2.52047 2.57243 2.62794 2.68696 2.74962 2.81591 2.88585 2.95955 3.03699 3.1182 3.20317 3.29195 3.38442 3.48064 3.58051 3.68397 3.79088 3.90118 4.01454 4.13072 4.24956 4.37074 4.49402 4.61902 4.74532 4.87248 5 
4 3.9037 3.80781 3.71265 3.61862 3.52612 3.43551 3.34718 3.2612 3.17775 3.09714 3.01953 2.94505 2.8739 2.8062 2.74198 2.68125 2.62413 2.57057 2.52061 2.47424 2.4314 2.39208 2.35624 2.3239 2.29493 2.26939 2.24715 2.22824 2.2126 2.20016 2.19098 2.18493 2.18206 2.18235 2.18572 2.1923 2.20193 2.21472 2.23067 2.24972 2.27198 2.2974 2.326 2.35786 2.39293 2.43134 2.47301 2.51807 2.56652 2.61838 2.67375 2.73256 2.79497 2.86092 2.93045 3.00359 3.08037 3.16076 3.24481 3.33245 3.42363 3.51834 3.61655 3.71811 3.82294 3.93085 4.04167 4.15506 4.27085 4.38885 4.50871 4.63017 4.75285 4.87625 5 
4 3.9072 3.8147 3.72291 3.63216 3.54276 3.45519 3.36961 3.28626 3.20528 3.12686 3.05123 2.97859 2.90909 2.84283 2.77986 2.72027 2.66411 2.61139 2.56209 2.51626 2.47386 2.4349 2.39935 2.3672 2.33838 2.31291 2.29075 2.27184 2.2562 2.24374 2.2345 2.22839 2.22547 2.22568 2.229 2.23551 2.2451 2.25784 2.27377 2.29277 2.31502 2.3404 2.369 2.40082 2.43587 2.47422 2.51586 2.56084 2.60916 2.66091 2.71608 2.77467 2.83677 2.90234 2.97141 3.04401 3.12012 3.19971 3.2828 3.36935 3.45929 3.55261 3.6492 3.74899 3.85186 3.95766 4.06607 4.17691 4.29 4.40506 4.5219 4.64017 4.75956 4.87965 5 
4 3.91029 3.82092 3.73214 3.64427 3.55776 3.47284 3.38983 3.30889 3.2301 3.15371 3.07995 3.00901 2.94102 2.87612 2.81438 2.75589 2.70064 2.64871 2.60009 2.55483 2.51289 2.4743 2.43904 2.4071 2.37847 2.35312 2.33104 2.31218 2.29653 2.28408 2.27479 2.26867 2.26568 2.26585 2.26912 2.27557 2.28511 2.29782 2.31367 2.33268 2.35485 2.38021 2.40877 2.44054 2.47555 2.51383 2.55538 2.60027 2.64845 2.70002 2.75497 2.81331 2.87509 2.94026 3.00887 3.08089 3.15634 3.23514 3.31735 3.40282 3.49159 3.58357 3.67871 3.77683 3.87791 3.98172 4.08801 4.19651 4.30712 4.4196 4.53365 4.64911 4.76559 4.88266 5 
4 3.91311 3.82645 3.74037 3.65519 3.57114 3.48868 3.408 3.32919 3.25242 3.17791 3.10586 3.03647 2.96988 2.90628 2.84568 2.78821 2.73385 2.6827 2.63474 2.59003 2.54855 2.51033 2.4754 2.44369 2.41527 2.39005 2.36807 2.34926 2.33366 2.32121 2.31191 2.30576 2.30274 2.30285 2.30611 2.31247 2.32201 2.33465 2.35045 2.36941 2.39153 2.41682 2.44535 2.47703 2.512 2.55017 2.59163 2.63638 2.68441 2.7358 2.79049 2.84856 2.90998 2.97477 3.04289 3.11436 3.18914 3.26719 3.34853 3.43302 3.52067 3.61141 3.70517 3.80181 3.90123 4.00324 4.10758 4.21402 4.32238 4.4325 4.54416 4.65705 4.77092 4.88536 5 
4 3.91556 3.8314 3.74774 3.66482 3.58311 3.50283 3.42419 3.34734 3.27241 3.19959 3.12908 3.06111 2.99585 2.93343 2.8739 2.81737 2.76387 2.71346 2.66612 2.62195 2.58093 2.54309 2.50848 2.47703 2.4488 2.42374 2.40185 2.38313 2.36756 2.35513 2.34584 2.33969 2.33663 2.33674 2.33994 2.34626 2.35574 2.36834 2.38407 2.403 2.42504 2.45029 2.47872 2.51034 2.5452 2.58328 2.62461 2.66922 2.71708 2.76826 2.8227 2.88048 2.94154 3.00592 3.07358 3.1445 3.21867 3.29598 3.37649 3.46005 3.54668 3.63627 3.72878 3.82404 3.92198 4.02236 4.12495 4.22951 4.33592 4.44395 4.55339 4.66409 4.77565 4.88772 5 
4 3.91776 3.83575 3.7542 3.67343 3.59368 3.51535 3.43859 3.36346 3.29013 3.21885 3.14978 3.08309 3.019 2.95767 2.89913 2.8435 2.79079 2.74104 2.6943 2.65067 2.61009 2.57264 2.53833 2.50713 2.4791 2.4542 2.43243 2.41379 2.39829 2.38587 2.3766 2.37043 2.36737 2.36745 2.37062 2.3769 2.38634 2.39888 2.41457 2.4334 2.4554 2.48055 2.5089 2.54043 2.57519 2.61315 2.65435 2.69879 2.74648 2.79742 2.85163 2.9091 2.96983 3.03379 3.10099 3.17138 3.24494 3.3216 3.40133 3.48405 3.56972 3.65827 3.74965 3.84369 3.94026 4.03919 4.14024 4.24317 4.34779 4.45398 4.56154 4.67022 4.77978 4.8898 5 
4 3.91966 3.83954 3.75991 3.68092 3.60299 3.52639 3.45123 3.37762 3.30576 3.23585 3.16803 3.10249 3.0395 2.97917 2.92151 2.86665 2.81468 2.76558 2.71941 2.67628 2.63611 2.59902 2.56501 2.53408 2.50623 2.4815 2.45983 2.44128 2.42584 2.41346 2.40422 2.39806 2.39498 2.39505 2.39816 2.40445 2.4138 2.4263 2.44193 2.46068 2.48261 2.50768 2.53592 2.56737 2.60197 2.63984 2.68086 2.72515 2.77264 2.82337 2.87732 2.93449 2.99488 3.05845 3.12522 3.1951 3.2681 3.34412 3.42314 3.5051 3.58992 3.67753 3.76787 3.86082 3.95621 4.05384 4.15351 4.25502 4.35814 4.4627 4.56857 4.67557 4.78333 4.89158 5 
4 3.92128 3.84284 3.76481 3.68746 3.61108 3.53596 3.46222 3.38995 3.31935 3.25064 3.18395 3.11944 3.05741 2.99794 2.94108 2.88696 2.83565 2.78713 2.74147 2.69881 2.65904 2.6223 2.58858 2.55788 2.53021 2.50563 2.4841 2.46562 2.45026 2.4379 2.42871 2.42254 2.41948 2.41952 2.42261 2.42885 2.43816 2.45058 2.46618 2.48481 2.50668 2.53164 2.5598 2.59111 2.62559 2.66331 2.70419 2.7483 2.7956 2.84609 2.89981 2.95668 3.01675 3.07994 3.1463 3.21569 3.28818 3.36363 3.44201 3.52328 3.60734 3.69413 3.78356 3.87555 3.96988 4.06641 4.1649 4.26516 4.36697 4.47017 4.5746 4.6801 4.78638 4.89308 5 
4 3.92268 3.84559 3.769 3.69305 3.618 3.54414 3.47162 3.4005 3.33099 3.26331 3.1976 3.13401 3.07281 3.01411 2.95795 2.90447 2.85374 2.80575 2.76057 2.71834 2.67893 2.64251 2.60905 2.57858 2.55109 2.52666 2.50523 2.48684 2.47155 2.45925 2.45007 2.44393 2.44084 2.44088 2.44393 2.45016 2.45939 2.47177 2.48728 2.50585 2.52761 2.55247 2.58051 2.61171 2.64604 2.68363 2.72432 2.76828 2.81536 2.86565 2.91912 2.97571 3.03547 3.09831 3.16428 3.23324 3.30525 3.38018 3.458 3.53866 3.62206 3.70814 3.79679 3.88794 3.98138 4.07695 4.17445 4.27367 4.37436 4.47641 4.57965 4.68389 4.78887 4.89435 5 
4 3.92379 3.84792 3.77249 3.6977 3.62379 3.551 3.47947 3.40931 3.34075 3.27395 3.20907 3.14625 3.08578 3.02775 2.97219 2.91925 2.86903 2.82152 2.77678 2.73492 2.69585 2.65971 2.62649 2.59622 2.5689 2.5446 2.52329 2.50497 2.48976 2.4775 2.46835 2.46222 2.45914 2.45916 2.46219 2.46834 2.47755 2.48985 2.50528 2.52377 2.54545 2.57018 2.59811 2.62917 2.66338 2.70079 2.74132 2.78509 2.83199 2.88205 2.93529 2.99161 3.05109 3.11361 3.17922 3.24779 3.31937 3.39383 3.47117 3.5513 3.63414 3.71961 3.80761 3.89805 3.99075 4.08554 4.18221 4.28056 4.38038 4.48149 4.58373 4.68695 4.79091 4.89533 5 
4 3.92473 3.84974 3.7753 3.7015 3.62848 3.55652 3.48584 3.4165 3.34866 3.28257 3.2184 3.15627 3.09637 3.03887 2.98383 2.93138 2.88159 2.83448 2.7901 2.74856 2.70981 2.67392 2.64092 2.61082 2.58365 2.55948 2.53827 2.52006 2.50489 2.49269 2.48354 2.47743 2.47435 2.47435 2.47735 2.48346 2.49262 2.50486 2.52017 2.53859 2.56014 2.58479 2.61257 2.6435 2.67757 2.71482 2.75519 2.79877 2.84546 2.89532 2.94832 3.00441 3.06361 3.12585 3.19111 3.25935 3.33056 3.40463 3.48156 3.56124 3.64361 3.72859 3.81608 3.90593 3.99801 4.09219 4.18824 4.2859 4.385 4.48541 4.5869 4.6893 4.79244 4.89611 5 
4 3.9254 3.85118 3.77748 3.70439 3.63208 3.5608 3.49074 3.42202 3.35479 3.28927 3.22564 3.16403 3.10461 3.04757 2.99295 2.94086 2.89142 2.84467 2.80062 2.75935 2.72085 2.68516 2.65236 2.62242 2.59541 2.57134 2.55023 2.53209 2.51696 2.50481 2.49571 2.4896 2.48652 2.48648 2.48946 2.4955 2.50462 2.51677 2.53201 2.55033 2.57177 2.5963 2.62396 2.65473 2.68865 2.72572 2.76594 2.80931 2.85583 2.90548 2.95826 3.01412 3.07307 3.13505 3.20003 3.26798 3.33887 3.41259 3.48919 3.56853 3.65053 3.73511 3.8222 3.91161 4.00326 4.09697 4.19253 4.2897 4.38832 4.48819 4.58913 4.69097 4.79355 4.89663 5 
4 3.92591 3.85217 3.779 3.70645 3.63462 3.56381 3.49421 3.42596 3.35914 3.29404 3.23082 3.16962 3.11055 3.05384 2.99954 2.94777 2.89861 2.85213 2.80832 2.76727 2.729 2.69349 2.66084 2.63105 2.60415 2.5802 2.55916 2.54111 2.52602 2.51392 2.50482 2.49873 2.49563 2.49557 2.49853 2.50452 2.51354 2.52563 2.54078 2.55902 2.5803 2.60472 2.63223 2.66287 2.69663 2.73354 2.77358 2.81677 2.86308 2.91254 2.9651 3.02076 3.07948 3.14124 3.20596 3.27368 3.34429 3.41777 3.49409 3.57316 3.65489 3.7392 3.82601 3.91511 4.00645 4.09987 4.19513 4.29198 4.39028 4.48985 4.59047 4.69195 4.79418 4.89696 5 
4 3.92621 3.85278 3.77989 3.70763 3.63611 3.56557 3.49627 3.42829 3.36176 3.29691 3.23396 3.17301 3.1142 3.05772 3.00366 2.9521 2.90316 2.85687 2.81325 2.77237 2.73426 2.6989 2.66639 2.63672 2.60993 2.58606 2.56511 2.54711 2.53208 2.52 2.51093 2.50483 2.50172 2.50162 2.50455 2.51047 2.51944 2.53143 2.5465 2.56461 2.58579 2.61006 2.63744 2.66791 2.70153 2.73825 2.77812 2.82112 2.86725 2.91651 2.96888 3.02433 3.08285 3.1444 3.20892 3.27643 3.34686 3.42014 3.49628 3.57516 3.65671 3.74085 3.8275 3.91643 4.00763 4.1009 4.19603 4.29275 4.39093 4.49038 4.59089 4.69226 4.79439 4.89706 5 
4 3.92631 3.85298 3.78017 3.70797 3.63653 3.56613 3.49691 3.42904 3.36263 3.29793 3.23508 3.17424 3.11556 3.05925 3.00531 2.95389 2.90506 2.85891 2.81542 2.77467 2.73666 2.70142 2.66901 2.63945 2.61275 2.58897 2.56808 2.55013 2.53514 2.52309 2.51403 2.50794 2.50481 2.50469 2.50754 2.51342 2.52231 2.53422 2.54916 2.56716 2.58822 2.61236 2.63958 2.6699 2.70333 2.73989 2.77956 2.82239 2.86833 2.9174 2.96957 3.02484 3.08317 3.14455 3.20892 3.27628 3.34656 3.41971 3.49573 3.57453 3.65599 3.74006 3.82665 3.91559 4.00678 4.10007 4.19522 4.292 4.39026 4.48977 4.59038 4.6919 4.79416 4.89693 5 
4 3.92624 3.85275 3.7798 3.70747 3.63593 3.5654 3.49616 3.42822 3.36177 3.29702 3.23417 3.17332 3.11467 3.05836 3.00448 2.95312 2.90438 2.85826 2.81482 2.77415 2.73621 2.70106 2.66874 2.63925 2.61262 2.5889 2.56809 2.55018 2.53525 2.5232 2.51415 2.50804 2.5049 2.50475 2.50754 2.51335 2.52217 2.53398 2.54882 2.56668 2.58763 2.61159 2.63866 2.66881 2.70207 2.73845 2.77793 2.82057 2.86631 2.91518 2.96719 3.02227 3.08046 3.14167 3.20593 3.27316 3.34338 3.41647 3.49245 3.57121 3.65269 3.7368 3.82347 3.91253 4.00386 4.09733 4.1927 4.28971 4.38821 4.48803 4.58897 4.69083 4.79345 4.89661 5 
4 3.9259 3.85214 3.77881 3.7061 3.63423 3.56349 3.49395 3.42578 3.35915 3.29425 3.23121 3.1702 3.11147 3.05512 3.00117 2.94978 2.90103 2.85492 2.81148 2.77084 2.73291 2.69781 2.66555 2.63613 2.60956 2.58591 2.56514 2.54726 2.53237 2.52035 2.51131 2.50519 2.50201 2.50183 2.50456 2.51032 2.51901 2.53073 2.54547 2.56319 2.58399 2.60779 2.63469 2.66468 2.69773 2.73394 2.7732 2.81567 2.86121 2.9099 2.96172 3.01663 3.07467 3.13577 3.19994 3.26711 3.33729 3.41039 3.48638 3.56523 3.64681 3.73107 3.81791 3.90725 3.99889 4.09268 4.1884 4.28586 4.38483 4.48512 4.58659 4.68907 4.79231 4.89602 5 
4 3.92542 3.85104 3.77716 3.70388 3.6315 3.56025 3.49034 3.42175 3.35475 3.28951 3.22621 3.16492 3.10598 3.04944 2.99538 2.94388 2.89505 2.84885 2.80537 2.76471 2.72678 2.6917 2.65947 2.63009 2.60357 2.57997 2.55925 2.54141 2.52655 2.51453 2.50551 2.49937 2.49617 2.49594 2.49861 2.50431 2.5129 2.5245 2.53913 2.55668 2.57734 2.60097 2.6277 2.65749 2.69034 2.72635 2.76541 2.80766 2.85301 2.9015 2.95316 3.0079 3.06582 3.1268 3.19092 3.25804 3.32825 3.40141 3.47751 3.55648 3.63827 3.72278 3.80995 3.89968 3.99176 4.08605 4.18234 4.2804 4.38001 4.48103 4.58328 4.68658 4.79064 4.89523 5 
4 3.92463 3.84954 3.77482 3.70078 3.62766 3.55576 3.48519 3.41607 3.34853 3.28283 3.21906 3.15742 3.09814 3.04134 2.98703 2.93536 2.88638 2.84007 2.79648 2.75576 2.71779 2.68271 2.65048 2.62113 2.59464 2.57109 2.55041 2.53263 2.51779 2.50579 2.49676 2.49062 2.48739 2.48712 2.48971 2.49533 2.50382 2.5153 2.52979 2.5472 2.56768 2.59115 2.61767 2.64725 2.67989 2.71569 2.75453 2.79656 2.84169 2.88999 2.94146 2.99607 3.05385 3.11476 3.17883 3.24597 3.31623 3.38951 3.46576 3.54497 3.62703 3.71192 3.79952 3.88976 3.98244 4.0774 4.17441 4.27328 4.37376 4.47571 4.57896 4.68332 4.78851 4.89414 5 
4 3.92365 3.8475 3.77183 3.69675 3.62271 3.54993 3.47857 3.40866 3.34047 3.27412 3.2098 3.14763 3.08793 3.03075 2.97615 2.92419 2.87499 2.82851 2.78481 2.74397 2.70594 2.6708 2.63859 2.60925 2.58282 2.55929 2.53864 2.5209 2.50609 2.49411 2.4851 2.47894 2.47568 2.47536 2.4779 2.4834 2.49181 2.50316 2.51749 2.53475 2.55504 2.57831 2.60462 2.63398 2.6664 2.70194 2.74056 2.78234 2.82727 2.87535 2.92663 2.98108 3.03875 3.09958 3.16364 3.23081 3.30117 3.37459 3.45108 3.53058 3.61304 3.69837 3.78654 3.87743 3.97086 4.06664 4.16458 4.26444 4.36601 4.46912 4.57362 4.6793 4.78579 4.8928 5 
4 3.92238 3.84501 3.76803 3.69183 3.61659 3.54271 3.47035 3.39956 3.33045 3.26333 3.1983 3.13556 3.07527 3.01762 2.96261 2.91036 2.86085 2.81416 2.77027 2.72931 2.69121 2.65604 2.62379 2.59445 2.56804 2.54456 2.52395 2.50627 2.49147 2.47953 2.47051 2.46436 2.46106 2.4607 2.46318 2.46857 2.47688 2.4881 2.50224 2.51935 2.53943 2.56248 2.58856 2.61767 2.64985 2.68512 2.72349 2.76502 2.80969 2.85757 2.90863 2.96294 3.02047 3.08125 3.14526 3.21251 3.28298 3.35661 3.43338 3.51325 3.59616 3.68207 3.77093 3.86258 3.95689 4.05369 4.15274 4.2538 4.35666 4.4612 4.5672 4.6744 4.78253 4.89116 5 
4 3.92085 3.84195 3.76355 3.68583 3.60928 3.53409 3.46048 3.38856 3.31849 3.2504 3.18452 3.12103 3.06013 3.00189 2.9464 2.89372 2.8439 2.79695 2.75288 2.71175 2.67356 2.63831 2.60606 2.57671 2.55034 2.52688 2.50634 2.48869 2.47394 2.46205 2.45303 2.44688 2.44356 2.44314 2.44557 2.45084 2.45904 2.47011 2.48408 2.50101 2.52085 2.54367 2.56951 2.59834 2.63025 2.66521 2.70331 2.74455 2.78897 2.8366 2.88745 2.94157 2.99898 3.05968 3.1237 3.191 3.26162 3.33545 3.41258 3.49286 3.57634 3.66291 3.75256 3.84509 3.94047 4.03845 4.13878 4.24124 4.34569 4.45188 4.5596 4.66866 4.77865 4.88921 5 
4 3.91906 3.83836 3.75819 3.67889 3.60065 3.52394 3.44892 3.37569 3.30437 3.23522 3.16836 3.10405 3.04235 2.98348 2.92742 2.8743 2.82405 2.77682 2.73253 2.69126 2.65295 2.61766 2.58536 2.55604 2.52969 2.50629 2.4858 2.46821 2.45351 2.44167 2.43267 2.42653 2.42319 2.42272 2.42508 2.43026 2.43833 2.44924 2.46302 2.47973 2.49934 2.5219 2.54745 2.57599 2.60759 2.64224 2.68001 2.72096 2.76505 2.81243 2.86302 2.91696 2.97421 3.03483 3.09881 3.16619 3.23693 3.31103 3.38854 3.46933 3.55341 3.64075 3.73129 3.82487 3.92143 4.02076 4.12259 4.22672 4.33292 4.44103 4.55082 4.66194 4.77414 4.88695 5 
4 3.91694 3.8342 3.75203 3.67072 3.59072 3.51219 3.43551 3.36079 3.28811 3.21766 3.14973 3.08443 3.02191 2.96226 2.9056 2.85194 2.80131 2.75372 2.7092 2.66776 2.62937 2.59402 2.56172 2.53241 2.5061 2.48275 2.46236 2.44483 2.43019 2.4184 2.40945 2.40332 2.39999 2.39947 2.40174 2.40685 2.41475 2.4255 2.4391 2.45556 2.47492 2.49719 2.52243 2.55063 2.58188 2.61618 2.6536 2.6942 2.73796 2.78501 2.83535 2.88903 2.94613 3.00661 3.07056 3.13796 3.20888 3.28325 3.36116 3.44248 3.52726 3.61544 3.70699 3.80172 3.89963 4.00049 4.10404 4.21001 4.31828 4.4286 4.54066 4.65425 4.76895 4.88432 5 
4 3.91455 3.8294 3.74492 3.66144 3.57922 3.49877 3.42018 3.34371 3.26948 3.19766 3.12844 3.06206 2.9986 2.93818 2.88079 2.82656 2.77548 2.72759 2.68281 2.64121 2.60271 2.56735 2.53505 2.50581 2.47955 2.45628 2.43596 2.41854 2.40399 2.39227 2.38338 2.37726 2.37394 2.3734 2.37558 2.38061 2.38835 2.39891 2.41232 2.4285 2.44759 2.46954 2.49442 2.52228 2.55312 2.58704 2.62405 2.66425 2.70763 2.75433 2.80436 2.85775 2.91461 2.97495 3.03881 3.10627 3.17732 3.25197 3.33027 3.41221 3.49772 3.58684 3.67945 3.7755 3.8749 3.97748 4.08291 4.19103 4.30161 4.41439 4.52912 4.64545 4.76301 4.88136 5 
4 3.91179 3.82397 3.73685 3.65081 3.56623 3.48342 3.4028 3.32438 3.24835 3.17499 3.10445 3.03682 2.97232 2.91101 2.85294 2.79808 2.74655 2.69827 2.65329 2.61155 2.57302 2.53761 2.50536 2.47619 2.45005 2.4269 2.40668 2.38937 2.37495 2.3633 2.3545 2.34841 2.3451 2.34454 2.34665 2.35157 2.35917 2.36954 2.38271 2.3986 2.41739 2.43898 2.46347 2.49093 2.52133 2.55482 2.59138 2.63111 2.67409 2.72034 2.77 2.82303 2.87963 2.93976 3.00351 3.07094 3.14211 3.21703 3.29577 3.3783 3.4646 3.55467 3.64851 3.74599 3.84703 3.95145 4.05907 4.16955 4.2827 4.39831 4.51601 4.63547 4.7563 4.87795 5 
4 3.90869 3.81779 3.72772 3.6388 3.55145 3.46616 3.38309 3.30256 3.2246 3.14949 3.07744 3.00855 2.9429 2.88068 2.82181 2.76636 2.71437 2.66578 2.62054 2.57869 2.54012 2.50478 2.4726 2.44356 2.41753 2.39458 2.37449 2.35733 2.34305 2.33152 2.32281 2.3168 2.3135 2.31292 2.31498 2.31978 2.32723 2.33739 2.3503 2.36591 2.38433 2.40555 2.42961 2.4566 2.48652 2.51951 2.55555 2.59479 2.63726 2.68302 2.73222 2.78486 2.84109 2.90096 2.96451 3.0319 3.10314 3.17831 3.25743 3.34058 3.42768 3.51881 3.61392 3.71293 3.81574 3.92228 4.03223 4.14533 4.26142 4.38013 4.5012 4.62421 4.74868 4.87413 5 
4 3.90517 3.81085 3.71741 3.62527 3.53484 3.44662 3.36103 3.27802 3.19793 3.12098 3.0473 2.97697 2.91017 2.84696 2.78733 2.73123 2.67882 2.62992 2.58452 2.54257 2.50402 2.46875 2.43675 2.40786 2.38203 2.35927 2.33943 2.32243 2.30834 2.29696 2.28835 2.28243 2.27917 2.27857 2.28061 2.28526 2.29257 2.30251 2.31512 2.33043 2.34845 2.36924 2.39285 2.41931 2.44872 2.48113 2.51659 2.55525 2.59713 2.64231 2.69099 2.74313 2.79892 2.85841 2.92173 2.98898 3.06026 3.13558 3.21509 3.29883 3.38676 3.47894 3.57542 3.67606 3.78084 3.88958 4.00214 4.11819 4.23743 4.35968 4.48453 4.6115 4.74012 4.8698 5 
4 3.90121 3.803 3.70581 3.61002 3.51616 3.42475 3.33616 3.25062 3.16815 3.08916 3.01377 2.94196 2.87388 2.80969 2.74927 2.69262 2.63975 2.59062 2.54507 2.50316 2.46466 2.42954 2.39773 2.36912 2.34354 2.32104 2.30147 2.28473 2.27083 2.25966 2.25118 2.24539 2.24217 2.24158 2.24356 2.24811 2.25524 2.26495 2.27726 2.29221 2.30982 2.33013 2.35323 2.37912 2.40793 2.4397 2.4745 2.5125 2.55367 2.59822 2.64624 2.69778 2.75301 2.81207 2.87504 2.94206 3.01325 3.08869 3.16851 3.2528 3.34153 3.43482 3.53269 3.63509 3.74189 3.85311 3.9685 4.0877 4.21054 4.33671 4.46576 4.59721 4.73045 4.86493 5 
4 3.89675 3.79416 3.69274 3.59291 3.49517 3.40019 3.3084 3.2199 3.135 3.05379 2.97652 2.90319 2.83387 2.76862 2.70743 2.65024 2.59707 2.54771 2.50212 2.46027 2.42196 2.38707 2.35554 2.32724 2.30205 2.27985 2.26063 2.24419 2.23058 2.21962 2.21135 2.20567 2.20254 2.20197 2.2039 2.20834 2.21529 2.22475 2.23675 2.25129 2.26846 2.28825 2.31077 2.33603 2.36416 2.39521 2.42928 2.46649 2.50689 2.55067 2.59792 2.64873 2.70333 2.76179 2.82431 2.89095 2.96199 3.03743 3.11748 3.20222 3.29174 3.38612 3.48543 3.58959 3.69863 3.81247 3.93087 4.05361 4.18038 4.31089 4.44468 4.58109 4.71957 4.85943 5 
4 3.89171 3.7842 3.67803 3.57362 3.47164 3.37269 3.27732 3.18569 3.098 3.01456 2.93532 2.86033 2.78977 2.72358 2.66164 2.60398 2.55051 2.50112 2.45556 2.41391 2.37582 2.34132 2.31015 2.28227 2.2575 2.23577 2.21691 2.20089 2.1876 2.17692 2.1689 2.16338 2.16035 2.15984 2.16169 2.16605 2.17278 2.18197 2.19364 2.20775 2.22444 2.24365 2.26553 2.29012 2.31745 2.34773 2.38093 2.41726 2.45676 2.49965 2.54598 2.59596 2.64975 2.70749 2.76937 2.83554 2.90625 2.98156 3.0617 3.14685 3.23707 3.3325 3.43319 3.53926 3.65059 3.76718 3.8889 4.01546 4.14657 4.28193 4.42091 4.56295 4.70728 4.85322 5 
4 3.88603 3.77294 3.6614 3.55194 3.44517 3.34189 3.24257 3.14751 3.05693 2.97096 2.88978 2.81317 2.74132 2.6742 2.61167 2.55361 2.50002 2.45062 2.4053 2.36393 2.32625 2.29218 2.26157 2.23418 2.20996 2.18876 2.17039 2.15482 2.14198 2.13161 2.1239 2.11857 2.11568 2.11522 2.11705 2.12128 2.12783 2.13673 2.14802 2.16167 2.17782 2.19639 2.21758 2.24139 2.26787 2.29726 2.32949 2.3648 2.40331 2.44511 2.49043 2.53939 2.59221 2.64903 2.71014 2.77562 2.84583 2.92084 3.00094 3.08632 3.17713 3.2735 3.37563 3.48355 3.59724 3.7168 3.84204 3.97275 4.10866 4.24931 4.39417 4.54244 4.69339 4.84621 5 
4 3.87958 3.7602 3.64262 3.52743 3.4154 3.3073 3.20371 3.1049 3.01121 2.92274 2.8394 2.76124 2.68821 2.62025 2.55718 2.49894 2.44533 2.39614 2.35113 2.31028 2.27314 2.23968 2.20972 2.183 2.15939 2.13887 2.12107 2.10606 2.0937 2.08378 2.07637 2.07134 2.06859 2.06821 2.07003 2.07414 2.08049 2.08908 2.09996 2.11314 2.12867 2.14657 2.16698 2.18992 2.21546 2.24383 2.27496 2.30916 2.34649 2.38708 2.4312 2.47898 2.53061 2.58636 2.64644 2.71105 2.78053 2.85505 2.93489 3.02032 3.11154 3.20878 3.31219 3.42194 3.5381 3.6607 3.78968 3.92494 4.06604 4.21259 4.36391 4.51924 4.67765 4.83825 5 
4 3.87227 3.74572 3.62129 3.49971 3.3818 3.26841 3.16016 3.05738 2.96034 2.86923 2.78387 2.70409 2.63002 2.56141 2.49797 2.43967 2.38629 2.33748 2.29304 2.2528 2.21645 2.18374 2.15461 2.12869 2.1059 2.08608 2.06905 2.05464 2.04286 2.03345 2.02644 2.02172 2.0192 2.0189 2.02075 2.02472 2.03087 2.03913 2.04957 2.06222 2.07709 2.09425 2.1138 2.13575 2.16029 2.18748 2.21742 2.25034 2.28633 2.32555 2.36828 2.41465 2.46491 2.51933 2.57816 2.64164 2.71015 2.78388 2.86324 2.94846 3.03993 3.13776 3.24234 3.35387 3.47246 3.59821 3.73122 3.87128 4.01806 4.17109 4.32965 4.49288 4.65975 4.8292 5 
4 3.86389 3.7292 3.59701 3.46821 3.34375 3.22457 3.11127 3.00426 2.90377 2.80992 2.72254 2.64139 2.56632 2.49726 2.43376 2.37566 2.32267 2.27453 2.23086 2.19152 2.15609 2.12443 2.09623 2.07132 2.04947 2.03054 2.01433 2.00071 1.98955 1.98076 1.9742 1.96986 1.96759 1.96744 1.96929 1.9732 1.97909 1.98703 1.99699 2.00904 2.0232 2.03954 2.05813 2.07904 2.10241 2.12834 2.15693 2.18842 2.22286 2.26057 2.30165 2.34641 2.39505 2.44787 2.50516 2.56723 2.63444 2.70711 2.78565 2.8704 2.96172 3.05996 3.16551 3.27865 3.39958 3.52859 3.66575 3.81095 3.96389 4.12404 4.29068 4.46281 4.6393 4.81884 5 
4 3.85429 3.71024 3.56919 3.43226 3.30051 3.17495 3.05624 2.94474 2.84075 2.74418 2.65485 2.57246 2.4968 2.42745 2.36414 2.3066 2.25434 2.20709 2.16453 2.1263 2.09206 2.06161 2.03465 2.01086 1.99018 1.97225 1.95702 1.94426 1.9339 1.92573 1.91977 1.91581 1.91388 1.9139 1.91578 1.91962 1.92528 1.93284 1.94234 1.9537 1.96712 1.98253 2.00009 2.01985 2.04192 2.06645 2.09355 2.12341 2.15618 2.1921 2.23136 2.27423 2.32099 2.37188 2.42737 2.48765 2.55323 2.62446 2.70183 2.78563 2.87652 2.97482 3.081 3.19549 3.31867 3.45089 3.59229 3.74293 3.90251 4.07051 4.24615 4.42835 4.61579 4.80693 5 
4 3.84316 3.68834 3.53717 3.39101 3.25114 3.11859 2.99409 2.87794 2.77039 2.67126 2.58019 2.49681 2.42079 2.35168 2.28886 2.23219 2.1811 2.13508 2.09387 2.05715 2.02434 1.99536 1.96983 1.94745 1.92801 1.91137 1.89719 1.88546 1.87598 1.86856 1.86323 1.85978 1.85818 1.85845 1.86036 1.86414 1.86955 1.87673 1.88569 1.89637 1.90896 1.92339 1.9398 1.95831 1.97894 2.00196 2.02737 2.05545 2.08632 2.12023 2.1574 2.19813 2.24266 2.29137 2.34465 2.40278 2.46631 2.5357 2.61135 2.69386 2.78381 2.88167 2.98809 3.1036 3.22878 3.36404 3.50972 3.66603 3.8327 4.00931 4.19499 4.38862 4.58861 4.79312 5 
4 3.8302 3.66283 3.50001 3.3434 3.19446 3.05432 2.92366 2.80278 2.69176 2.59029 2.49781 2.41386 2.33792 2.2694 2.20769 2.15225 2.10271 2.05841 2.01892 1.98397 1.953 1.9257 1.90188 1.8811 1.86318 1.84791 1.83505 1.82442 1.81596 1.80939 1.80477 1.80187 1.8007 1.80118 1.80324 1.80689 1.8121 1.81886 1.82725 1.8372 1.84887 1.86224 1.87744 1.89455 1.91367 1.93497 1.95855 1.98464 2.0134 2.04504 2.07988 2.11811 2.16013 2.20628 2.25693 2.31248 2.37354 2.44049 2.51396 2.59459 2.68301 2.7799 2.886 3.00203 3.12878 3.26679 3.41667 3.57874 3.75297 3.93895 4.13587 4.34246 4.55692 4.777 5 
4 3.8149 3.63287 3.45654 3.28802 3.12899 2.98063 2.84356 2.71798 2.60371 2.50031 2.40694 2.32295 2.24766 2.18031 2.12016 2.06666 2.01905 1.97692 1.93964 1.90679 1.87798 1.85278 1.83085 1.81196 1.79576 1.78205 1.77064 1.76133 1.75394 1.74841 1.74452 1.74228 1.74155 1.74231 1.74449 1.74808 1.75304 1.7594 1.76716 1.77636 1.78703 1.79929 1.81315 1.82875 1.84622 1.86564 1.88722 1.91112 1.93749 1.96668 1.99884 2.03432 2.07346 2.11663 2.16419 2.21675 2.27472 2.33869 2.40939 2.48742 2.57363 2.66882 2.77389 2.88978 3.01746 3.15773 3.3115 3.47932 3.66143 3.85758 4.06701 4.2884 4.51964 4.75796 5 
4 3.79666 3.59725 3.40518 3.22306 3.05284 2.8957 2.75209 2.62202 2.50499 2.40024 2.30669 2.22342 2.14951 2.08403 2.02611 1.97507 1.93012 1.89056 1.85599 1.82572 1.79936 1.7766 1.75693 1.74009 1.72592 1.71394 1.70416 1.69629 1.69016 1.68568 1.68273 1.68114 1.68096 1.68202 1.68432 1.68786 1.69257 1.69847 1.70563 1.71397 1.72365 1.73466 1.74711 1.7611 1.77675 1.79414 1.81354 1.83502 1.85881 1.88525 1.91444 1.94681 1.98272 2.02241 2.06653 2.11547 2.16979 2.23016 2.29733 2.372 2.45519 2.5478 2.65094 2.76575 2.89348 3.03526 3.19234 3.36564 3.55581 3.76282 3.98616 4.22444 4.47528 4.73524 5 
4 3.77459 3.55437 3.34378 3.14614 2.9636 2.79726 2.64725 2.51318 2.39416 2.28896 2.19619 2.11459 2.04299 1.98024 1.92534 1.87746 1.83574 1.79947 1.76797 1.74083 1.71734 1.6973 1.68024 1.66577 1.65376 1.64384 1.63579 1.62954 1.6248 1.62148 1.61952 1.61872 1.61907 1.62055 1.62295 1.62649 1.6309 1.63635 1.64284 1.65028 1.6589 1.6686 1.67952 1.69181 1.70546 1.72074 1.7377 1.75658 1.77756 1.80093 1.82685 1.85579 1.88798 1.92386 1.96395 2.00868 2.05875 2.11478 2.1776 2.24806 2.32722 2.4162 2.51625 2.62879 2.75537 2.89756 3.057 3.23517 3.43322 3.65165 3.89031 4.14792 4.42182 4.70771 5 
4 3.7474 3.50189 3.26938 3.05403 2.85813 2.68246 2.52659 2.38949 2.26964 2.16526 2.07454 1.99583 1.92766 1.86867 1.81772 1.77381 1.736 1.70358 1.67585 1.65214 1.63209 1.61512 1.60093 1.58918 1.57955 1.57185 1.5658 1.56125 1.55807 1.55602 1.55514 1.55517 1.55617 1.55801 1.56064 1.56409 1.56828 1.57323 1.57901 1.58552 1.59298 1.60129 1.61061 1.62102 1.63261 1.64554 1.65995 1.676 1.69393 1.71394 1.73634 1.76139 1.78954 1.8211 1.85658 1.89658 1.94165 1.99253 2.05016 2.1154 2.18938 2.27345 2.36902 2.47777 2.60164 2.74266 2.90299 3.08484 3.29013 3.52014 3.77543 4.05512 4.35634 4.67379 5 
4 3.71318 3.43644 3.17781 2.94239 2.73237 2.54779 2.38724 2.2487 2.12976 2.02794 1.94088 1.86657 1.80318 1.74912 1.70314 1.66412 1.63102 1.60307 1.57965 1.56001 1.54364 1.53027 1.51924 1.51044 1.50352 1.49818 1.49432 1.49169 1.4901 1.48952 1.48973 1.49073 1.49238 1.49467 1.49752 1.50093 1.50485 1.50932 1.51432 1.51991 1.52608 1.53297 1.54055 1.549 1.55838 1.5688 1.58047 1.59351 1.60809 1.62457 1.64304 1.66393 1.6876 1.71431 1.74472 1.77932 1.81865 1.86363 1.91508 1.97392 2.04148 2.11916 2.20858 2.31167 2.4308 2.56848 2.72756 2.91111 3.12216 3.36323 3.63611 3.94082 4.27463 4.63105 5 
4 3.66892 3.35288 3.06302 2.80529 2.58113 2.38903 2.22595 2.08841 1.97285 1.87587 1.79453 1.72642 1.66936 1.62159 1.58171 1.54854 1.52098 1.49826 1.47966 1.46457 1.45244 1.44286 1.43549 1.42983 1.42589 1.42316 1.4216 1.42104 1.42122 1.42213 1.42363 1.42557 1.428 1.43073 1.43382 1.43721 1.44087 1.4448 1.44906 1.45358 1.45851 1.46383 1.46962 1.47599 1.48302 1.49079 1.49956 1.50934 1.52042 1.53304 1.54729 1.56369 1.5824 1.60388 1.62864 1.65717 1.69012 1.72826 1.7725 1.82378 1.88348 1.95312 2.03443 2.12963 2.24146 2.37296 2.52771 2.7099 2.92402 3.17443 3.46494 3.79748 4.17027 4.57577 5 
4 3.60964 3.24315 2.91611 2.63459 2.39775 2.20115 2.03917 1.90625 1.79738 1.70817 1.63506 1.57521 1.52625 1.48622 1.45367 1.42738 1.40621 1.38941 1.3763 1.36621 1.3587 1.3534 1.34981 1.34776 1.34688 1.34704 1.34796 1.34957 1.35168 1.35417 1.35701 1.36001 1.36318 1.3665 1.36977 1.37321 1.37655 1.37997 1.38342 1.38687 1.39048 1.39417 1.39807 1.40228 1.4068 1.41186 1.41749 1.42388 1.43121 1.43968 1.4495 1.46096 1.47443 1.49016 1.50874 1.53062 1.55638 1.5868 1.62279 1.66524 1.71557 1.77534 1.84637 1.93108 2.0325 2.15416 2.30044 2.47677 2.68946 2.94542 3.25173 3.61398 4.03319 4.5017 5 
4 3.52648 3.09398 2.72374 2.41918 2.17402 1.9786 1.82335 1.70012 1.60225 1.52437 1.46237 1.41315 1.37417 1.34343 1.31946 1.30106 1.28715 1.27698 1.26991 1.26538 1.26288 1.26214 1.26272 1.26438 1.26694 1.27004 1.2737 1.27759 1.28173 1.28592 1.29014 1.29426 1.29828 1.3021 1.30571 1.30908 1.3122 1.31504 1.31767 1.32002 1.32223 1.32426 1.32619 1.32812 1.33009 1.33223 1.33463 1.33746 1.3408 1.34496 1.34999 1.35627 1.36408 1.37365 1.38555 1.40014 1.418 1.43984 1.46648 1.49883 1.53824 1.58622 1.64461 1.71591 1.80331 1.91068 2.04311 2.20726 2.41147 2.66593 2.9826 3.3736 3.84678 4.39778 5 
4 3.40229 2.88256 2.46575 2.1444 1.90047 1.71577 1.57553 1.4687 1.3871 1.32467 1.27699 1.24087 1.21383 1.19391 1.17976 1.17024 1.16439 1.16151 1.16108 1.16249 1.16545 1.16957 1.17459 1.18021 1.18631 1.19265 1.19902 1.20548 1.21164 1.21769 1.22334 1.22865 1.23353 1.23791 1.24182 1.24519 1.24802 1.25033 1.25208 1.25334 1.25408 1.25442 1.25431 1.25389 1.25322 1.2523 1.25139 1.2504 1.24966 1.24922 1.24926 1.25008 1.25186 1.25492 1.2596 1.26638 1.27562 1.28807 1.30437 1.32539 1.35232 1.3866 1.42993 1.48472 1.55411 1.64207 1.75406 1.89765 2.08306 2.32408 2.6392 3.05116 3.58253 4.24254 5 
4 3.20006 2.56823 2.11239 1.79231 1.56763 1.40839 1.29433 1.2121 1.15278 1.11021 1.08011 1.05957 1.04632 1.0387 1.03549 1.03578 1.0387 1.04373 1.05037 1.05822 1.0669 1.07622 1.08587 1.09568 1.1055 1.11513 1.12449 1.13342 1.1419 1.14972 1.15699 1.16346 1.16926 1.17426 1.17844 1.18184 1.18438 1.18611 1.18703 1.1871 1.18642 1.18497 1.18279 1.17997 1.1765 1.17252 1.16805 1.16324 1.15816 1.15298 1.14782 1.14288 1.13839 1.1345 1.13163 1.13001 1.13009 1.13236 1.13744 1.146 1.15907 1.17783 1.20377 1.23898 1.28628 1.34933 1.43341 1.5462 1.69885 1.90803 2.19908 2.60947 3.1896 3.98974 5 
4 2.82961 2.07785 1.62338 1.34492 1.16933 1.05577 0.981306 0.932659 0.901713 0.883241 0.873774 0.871004 0.873206 0.879121 0.887831 0.898663 0.910985 0.924402 0.938548 0.953114 0.96785 0.982575 0.99709 1.01123 1.02492 1.03797 1.05036 1.06194 1.07266 1.08248 1.09127 1.09908 1.10576 1.11143 1.11592 1.11935 1.12161 1.12275 1.1228 1.12168 1.11954 1.11625 1.11197 1.10664 1.10036 1.09317 1.08511 1.07631 1.06678 1.05673 1.04614 1.03528 1.02421 1.01315 1.00231 0.991938 0.982323 0.973834 0.966938 0.962102 0.960109 0.961799 0.968315 0.981209 1.00264 1.03549 1.08406 1.15484 1.25798 1.41007 1.63978 1.99814 2.57658 3.52665 5 
4 2.04042 1.2901 0.958393 0.79476 0.708998 0.66399 0.64247 0.635535 0.63816 0.647233 0.660784 0.677474 0.696375 0.716742 0.738104 0.760028 0.782212 0.804361 0.82632 0.847856 0.868846 0.889164 0.908674 0.927305 0.944941 0.961551 0.976999 0.991312 1.00435 1.01612 1.02658 1.03564 1.04338 1.04964 1.05454 1.05796 1.05998 1.06056 1.05968 1.05742 1.05368 1.04861 1.0421 1.03427 1.02509 1.01462 1.00294 0.990003 0.976002 0.960881 0.944812 0.927815 0.910037 0.891554 0.872521 0.853095 0.833411 0.813751 0.794298 0.775412 0.757446 0.740946 0.72648 0.714967 0.70756 0.705919 0.712478 0.731108 0.768075 0.834497 0.951942 1.1668 1.59181 2.54011 5 
0 0.0418757 0.0836778 0.125333 0.166769 0.207912 0.24869 0.289032 0.328867 0.368125 0.406737 0.444635 0.481754 0.518027 0.553392 0.587785 0.621148 0.653421 0.684547 0.714473 0.743145 0.770513 0.79653 0.821149 0.844328 0.866025 0.886204 0.904827 0.921863 0.937282 0.951057 0.963163 0.973579 0.982287 0.989272 0.994522 0.998027 0.999781 0.999781 0.998027 0.994522 0.989272 0.982287 0.973579 0.963163 0.951057 0.937282 0.921863 0.904827 0.886204 0.866025 0.844328 0.821149 0.79653 0.770513 0.743145 0.714473 0.684547 0.653421 0.621148 0.587785 0.553392 0.518027 0.481754 0.444635 0.406737 0.368125 0.328867 0.289032 0.24869 0.207912 0.166769 0.125333 0.0836778 0.0418757 0 
