C h:0.0149254
C GRID SIZE:68
C N:66
0 0.000222767 0.000891067 0.0020049 0.00356427 0.00556917 0.0080196 0.0109156 0.0142571 0.0180441 0.0222767 0.0269548 0.0320784 0.0376476 0.0436623 0.0501225 0.0570283 0.0643796 0.0721764 0.0804188 0.0891067 0.0982401 0.107819 0.117844 0.128314 0.139229 0.15059 0.162397 0.174649 0.187347 0.20049 0.214079 0.228113 0.242593 0.257518 0.272889 0.288706 0.304968 0.321675 0.338828 0.356427 0.374471 0.392961 0.411896 0.431276 0.451103 0.471374 0.492092 0.513255 0.534863 0.556917 0.579416 0.602361 0.625752 0.649588 0.673869 0.698597 0.723769 0.749387 0.775451 0.80196 0.828915 0.856315 0.884161 0.912453 0.94119 0.970372 1 
4 2.00142 1.21251 0.842707 0.641496 0.518741 0.437493 0.380614 0.339201 0.308292 0.284888 0.267087 0.253567 0.243502 0.236219 0.231294 0.228338 0.227155 0.227463 0.229172 0.232115 0.236178 0.241333 0.247406 0.254484 0.262369 0.271167 0.280761 0.291143 0.302366 0.314268 0.327024 0.340434 0.35464 0.369559 0.385185 0.40161 0.418692 0.436619 0.455239 0.474687 0.494934 0.515975 0.537928 0.560697 0.584467 0.609162 0.634949 0.661859 0.689997 0.719542 0.750571 0.78338 0.818157 0.855303 0.895234 0.938636 0.986314 1.03959 1.10036 1.17163 1.25836 1.36947 1.5221 1.75316 2.1528 2.97155 5 
4 2.79304 2.00505 1.51479 1.20093 0.990398 0.842626 0.734816 0.653636 0.591022 0.541908 0.502886 0.471625 0.446534 0.426451 0.41044 0.397935 0.388373 0.381399 0.376665 0.373961 0.373066 0.37377 0.376066 0.37967 0.384674 0.390895 0.398295 0.406905 0.416547 0.427351 0.439148 0.452027 0.465909 0.480819 0.496752 0.513694 0.531711 0.550734 0.570906 0.592128 0.614548 0.638159 0.662992 0.689216 0.716774 0.745902 0.776656 0.809204 0.843791 0.880611 0.920028 0.962374 1.00825 1.0582 1.11318 1.17435 1.24328 1.32229 1.41478 1.52582 1.66349 1.84114 2.08156 2.42528 2.94536 3.76317 5 
4 3.16575 2.49991 2.01041 1.65696 1.39932 1.20784 1.06238 0.949485 0.860286 0.788837 0.730913 0.683536 0.644613 0.612569 0.586186 0.564576 0.54709 0.533082 0.522166 0.514026 0.508237 0.504748 0.503226 0.503577 0.505706 0.509425 0.514746 0.521519 0.529741 0.539336 0.550296 0.562571 0.576172 0.591066 0.607273 0.624787 0.643638 0.66384 0.68543 0.708469 0.732962 0.75907 0.786759 0.816248 0.847597 0.880937 0.916557 0.954557 0.995307 1.03917 1.0865 1.13796 1.19421 1.25614 1.32496 1.40228 1.49014 1.59151 1.7106 1.85336 2.02869 2.25005 2.53761 2.92094 3.44024 4.1359 5 
4 3.37011 2.81842 2.36991 2.01713 1.74215 1.52712 1.35734 1.22163 1.11188 1.02226 0.9484 0.887041 0.83588 0.793089 0.757196 0.727245 0.702331 0.681729 0.665009 0.65161 0.64128 0.633664 0.628561 0.625771 0.6251 0.626475 0.629706 0.634774 0.641568 0.65003 0.660158 0.671868 0.685179 0.700078 0.716524 0.734606 0.754253 0.775576 0.798577 0.823302 0.849878 0.878315 0.908805 0.941417 0.976359 1.01379 1.05398 1.0972 1.14377 1.19421 1.24897 1.30876 1.37453 1.44721 1.52829 1.61962 1.72345 1.84301 1.98266 2.14826 2.3479 2.59283 2.89774 3.28042 3.75875 4.34025 5 
4 3.49628 3.0337 2.63361 2.29945 2.02512 1.80121 1.61819 1.46778 1.3434 1.23995 1.15336 1.08043 1.01885 0.966665 0.922422 0.884903 0.853231 0.826615 0.804405 0.786235 0.771547 0.760105 0.751618 0.745805 0.742512 0.74161 0.742859 0.746295 0.751724 0.7591 0.768453 0.779597 0.792663 0.807537 0.824231 0.842834 0.86325 0.885632 0.90998 0.936328 0.964861 0.995571 1.02867 1.06429 1.10261 1.14387 1.18839 1.23641 1.28842 1.3449 1.40639 1.47376 1.54787 1.62997 1.72147 1.82439 1.94099 2.07441 2.22871 2.40903 2.62192 2.87572 3.18 3.54408 3.97401 4.4664 5 
4 3.58127 3.18649 2.83134 2.52198 2.25776 2.03442 1.84633 1.68785 1.55406 1.44081 1.3446 1.26254 1.19241 1.13239 1.08086 1.03673 0.999089 0.966965 0.939876 0.917271 0.898587 0.883604 0.871945 0.863285 0.857569 0.854454 0.853889 0.855744 0.859879 0.866259 0.874825 0.885486 0.89828 0.913145 0.930082 0.949154 0.970326 0.993693 1.01931 1.04722 1.07755 1.11046 1.14597 1.18443 1.22592 1.27071 1.31922 1.37165 1.42857 1.49051 1.55801 1.63195 1.71337 1.80329 1.90337 2.01545 2.1417 2.28494 2.44868 2.63708 2.85506 3.10831 3.40248 3.74177 4.12676 4.55138 5 
4 3.64228 3.29961 2.9833 2.69942 2.44959 2.23236 2.04477 1.88322 1.74424 1.62468 1.52168 1.43278 1.35598 1.28951 1.23191 1.18219 1.13926 1.10237 1.07092 1.0443 1.02202 1.0038 0.989173 0.977956 0.969905 0.964794 0.962502 0.962882 0.96581 0.971238 0.979064 0.989268 1.0018 1.01666 1.03382 1.05333 1.07522 1.09951 1.12633 1.15569 1.18774 1.22262 1.26045 1.30146 1.34589 1.39392 1.44602 1.50246 1.56372 1.63045 1.70319 1.78275 1.87021 1.96662 2.07336 2.19231 2.32539 2.47497 2.64393 2.83543 3.05293 3.30008 3.57989 3.89371 4.23987 4.61237 5 
4 3.68816 3.38638 3.10286 2.8429 2.60881 2.40066 2.2171 2.05601 1.91509 1.79207 1.68474 1.59104 1.50921 1.43767 1.37524 1.32078 1.27345 1.23245 1.19716 1.167 1.14154 1.12032 1.10309 1.0895 1.07931 1.07239 1.06846 1.06749 1.0693 1.0738 1.08099 1.09071 1.10303 1.11787 1.13523 1.15519 1.17769 1.20288 1.23079 1.26148 1.29514 1.33183 1.37177 1.41514 1.46217 1.51318 1.56845 1.62842 1.69352 1.76434 1.8415 1.92576 2.01808 2.11952 2.23134 2.35511 2.49254 2.64562 2.81656 3.00762 3.22111 3.45922 3.7233 4.01323 4.32661 4.65824 5 
4 3.72392 3.45487 3.19894 2.96056 2.7421 2.54433 2.36689 2.20863 2.06816 1.94392 1.83424 1.73746 1.65203 1.57681 1.51054 1.4523 1.40136 1.35687 1.31827 1.28511 1.25676 1.23297 1.21338 1.19762 1.18555 1.17693 1.17153 1.16932 1.17008 1.17374 1.18033 1.18961 1.20172 1.21655 1.23407 1.25445 1.27753 1.30354 1.33245 1.36437 1.39948 1.43783 1.47965 1.52516 1.57455 1.6281 1.68625 1.74922 1.81761 1.89192 1.97267 2.06073 2.15686 2.26204 2.37741 2.50429 2.64411 2.79844 2.96896 3.15722 3.36463 3.59238 3.84088 4.10924 4.39506 4.69398 5 
4 3.75255 3.51021 3.2776 3.05836 2.85469 2.66765 2.4974 2.3435 2.20517 2.08134 1.97091 1.87239 1.78477 1.70689 1.63777 1.57664 1.52277 1.4754 1.43409 1.39831 1.3675 1.34148 1.31977 1.30213 1.28835 1.2782 1.27149 1.26814 1.26795 1.27086 1.27685 1.28575 1.29766 1.31246 1.33018 1.35089 1.37453 1.40125 1.43109 1.46412 1.50051 1.54038 1.58387 1.63125 1.68273 1.73852 1.7991 1.86469 1.93578 2.01295 2.09665 2.18758 2.28657 2.39438 2.51201 2.64059 2.78119 2.93515 3.10356 3.28751 3.48776 3.70481 3.93855 4.18782 4.45034 4.72259 5 
4 3.776 3.55578 3.34301 3.14064 2.95065 2.77412 2.61153 2.46288 2.32777 2.20562 2.09551 1.99653 1.9077 1.82813 1.75707 1.69378 1.6376 1.588 1.54444 1.50645 1.47362 1.44562 1.4221 1.4028 1.38753 1.37601 1.36815 1.36375 1.36272 1.36496 1.3704 1.37897 1.39067 1.40546 1.42334 1.44434 1.46849 1.49585 1.52651 1.56054 1.59805 1.63926 1.68423 1.73324 1.78651 1.84425 1.90686 1.97464 2.04797 2.12738 2.21336 2.30647 2.40739 2.5169 2.63572 2.76484 2.90508 3.0574 3.22263 3.40134 3.59398 3.80057 4.02068 4.25311 4.49584 4.74599 5 
4 3.79551 3.59393 3.39815 3.21063 3.03311 2.86658 2.71172 2.56877 2.4376 2.31783 2.20908 2.11047 2.02126 1.94085 1.86856 1.80373 1.7459 1.69458 1.64919 1.60944 1.57491 1.54525 1.52019 1.49949 1.48287 1.47021 1.46128 1.45598 1.45419 1.45581 1.4608 1.46906 1.48058 1.49535 1.51335 1.53463 1.55921 1.58714 1.61852 1.65341 1.69196 1.73429 1.78057 1.83097 1.88576 1.94514 2.00943 2.07896 2.15411 2.23522 2.32288 2.4175 2.51968 2.63002 2.74925 2.87797 3.01695 3.16684 3.32818 3.50124 3.68617 3.8828 4.09048 4.30812 4.53389 4.76546 5 
4 3.812 3.62626 3.44515 3.27074 3.10451 2.94734 2.80005 2.66291 2.53599 2.41929 2.31245 2.21486 2.126 2.04539 1.97247 1.90667 1.84773 1.79509 1.74834 1.7072 1.6713 1.64027 1.61395 1.59202 1.57427 1.56061 1.55075 1.54467 1.54223 1.54328 1.54788 1.55583 1.56721 1.58197 1.60006 1.6216 1.64652 1.67497 1.70697 1.74261 1.78205 1.82534 1.87273 1.92433 1.98037 2.04111 2.10675 2.17767 2.25416 2.3366 2.42534 2.52096 2.62375 2.73433 2.8532 2.98094 3.11799 3.26491 3.42197 3.58928 3.76667 3.95399 4.15042 4.35499 4.56614 4.7819 5 
4 3.82608 3.654 3.48564 3.32283 3.16675 3.01832 2.87817 2.74675 2.62439 2.511 2.40651 2.31047 2.22248 2.14216 2.06908 2.00286 1.94321 1.88968 1.84194 1.79977 1.76275 1.73066 1.70328 1.68034 1.66165 1.64713 1.63649 1.62973 1.62671 1.62729 1.63153 1.63921 1.65046 1.66518 1.68336 1.70512 1.73035 1.75923 1.79177 1.82805 1.86823 1.91235 1.96066 2.01323 2.07031 2.13209 2.19883 2.27077 2.34825 2.43157 2.52103 2.61707 2.72005 2.83032 2.94836 3.07456 3.20931 3.3529 3.50549 3.66707 3.83738 4.01598 4.20232 4.39533 4.59378 4.79594 5 
4 3.83826 3.67797 3.52082 3.36825 3.2214 3.08091 2.94748 2.82173 2.70385 2.59397 2.49212 2.39797 2.31121 2.23157 2.1588 2.0925 2.03252 1.97846 1.93008 1.88714 1.8493 1.81638 1.78814 1.7644 1.74494 1.72968 1.71841 1.71107 1.70754 1.70772 1.71162 1.71909 1.73021 1.7449 1.76317 1.78508 1.81059 1.83983 1.87281 1.90964 1.95041 1.99524 2.04427 2.09762 2.15553 2.21813 2.28568 2.35837 2.43649 2.52034 2.61013 2.70625 2.80892 2.91855 3.03535 3.15972 3.29182 3.43197 3.58007 3.73607 3.89966 4.07039 4.24753 4.43036 4.61765 4.80807 5 
4 3.84883 3.69891 3.55156 3.40816 3.26954 3.13633 3.00926 2.8888 2.77538 2.66909 2.57004 2.47796 2.39269 2.31408 2.2419 2.17587 2.11584 2.06159 2.01282 1.96935 1.93096 1.89741 1.86853 1.84416 1.82407 1.80822 1.79643 1.78857 1.78464 1.78447 1.78806 1.79537 1.80635 1.82101 1.83935 1.86138 1.88714 1.91667 1.95001 1.9873 2.02855 2.07392 2.12355 2.1775 2.23603 2.29923 2.36732 2.44051 2.51903 2.60307 2.69291 2.78876 2.89087 2.99948 3.11483 3.23712 3.36649 3.50306 3.64678 3.79748 3.95479 4.11825 4.28723 4.46094 4.63848 4.81859 5 
4 3.85812 3.71726 3.57865 3.44336 3.31216 3.18562 3.06434 2.949 2.83989 2.73714 2.64089 2.55106 2.4675 2.39009 2.31876 2.25322 2.19344 2.13923 2.0903 2.04656 2.0078 1.97379 1.94445 1.9196 1.89902 1.88272 1.87049 1.86223 1.85795 1.85747 1.86083 1.86797 1.87884 1.89347 1.91186 1.93398 1.95992 1.98969 2.02332 2.06096 2.10261 2.14838 2.19846 2.25287 2.31182 2.37545 2.44389 2.51735 2.59601 2.68002 2.76962 2.86499 2.96626 3.07368 3.18734 3.30743 3.434 3.56709 3.70653 3.8522 4.00373 4.16059 4.32218 4.48785 4.65671 4.82782 5 
4 3.86628 3.73348 3.60258 3.47453 3.35003 3.2295 3.11366 3.00309 2.89808 2.79875 2.70535 2.61783 2.53604 2.46001 2.38969 2.32487 2.26554 2.21153 2.16265 2.11881 2.07988 2.04558 2.01594 1.99073 1.96978 1.95314 1.94053 1.93197 1.9274 1.92667 1.92984 1.93683 1.94761 1.96221 1.98061 2.00282 2.02887 2.05884 2.09269 2.13058 2.17254 2.21861 2.26902 2.32374 2.38296 2.44685 2.51545 2.589 2.6676 2.75139 2.84055 2.93522 3.03549 3.14156 3.25348 3.37128 3.49505 3.62474 3.76015 3.90108 4.04724 4.19812 4.35309 4.51156 4.6728 4.83591 5 
4 3.87352 3.74783 3.62379 3.50224 3.38368 3.26869 3.15784 3.05172 2.95055 2.85457 2.76395 2.67868 2.59875 2.52419 2.45503 2.39105 2.33231 2.27868 2.23001 2.18624 2.14723 2.11283 2.08299 2.05754 2.03634 2.01943 2.00654 1.99774 1.99294 1.992 1.99504 2.00188 2.0126 2.02715 2.04554 2.06782 2.09394 2.12404 2.15806 2.19612 2.23831 2.28459 2.3352 2.39012 2.44951 2.51348 2.58212 2.65559 2.73397 2.81739 2.90595 2.9998 3.09893 3.20356 3.31364 3.42922 3.55025 3.67665 3.80825 3.94481 4.08603 4.23145 4.38051 4.53256 4.68699 4.84308 5 
4 3.87993 3.76056 3.64266 3.52683 3.41372 3.30374 3.19746 3.09541 2.99794 2.9051 2.81713 2.7341 2.65604 2.58301 2.51505 2.45201 2.39399 2.34085 2.29253 2.24893 2.21001 2.17561 2.14566 2.12008 2.09872 2.08159 2.06852 2.05953 2.05454 2.05346 2.05636 2.0631 2.07374 2.08826 2.10663 2.12895 2.15511 2.18529 2.21942 2.2576 2.29991 2.34634 2.39706 2.45206 2.51152 2.57546 2.644 2.71727 2.7953 2.87822 2.96608 3.059 3.15694 3.26006 3.36831 3.48167 3.60009 3.72341 3.8514 3.98392 4.12064 4.26111 4.4048 4.55118 4.69957 4.84941 5 
4 3.88562 3.7719 3.65938 3.54878 3.44051 3.33507 3.23297 3.13476 3.04062 2.95075 2.86533 2.78448 2.70826 2.63674 2.57002 2.50802 2.45077 2.39823 2.35033 2.30703 2.26827 2.23396 2.20399 2.17836 2.15691 2.13964 2.12646 2.11732 2.11219 2.111 2.11378 2.12044 2.13102 2.14548 2.16385 2.18614 2.21234 2.24254 2.27674 2.31499 2.35734 2.40386 2.45461 2.50961 2.56904 2.63286 2.70121 2.77417 2.85176 2.93409 3.02117 3.11308 3.2098 3.31143 3.41786 3.52909 3.645 3.76541 3.8901 4.01888 4.15149 4.28749 4.4264 4.56764 4.71072 4.85501 5 
4 3.89069 3.7819 3.67429 3.56828 3.46441 3.36308 3.26481 3.17001 3.07904 2.99195 2.90891 2.83013 2.75568 2.68568 2.62022 2.55926 2.50283 2.45094 2.40356 2.36061 2.32211 2.28793 2.25803 2.23242 2.21093 2.19359 2.18034 2.17109 2.16586 2.1646 2.16726 2.17386 2.18436 2.19879 2.21712 2.23939 2.26561 2.2958 2.33001 2.36829 2.41063 2.45715 2.50788 2.56281 2.62213 2.68577 2.75384 2.82642 2.9035 2.98517 3.07144 3.16232 3.25781 3.35795 3.46265 3.57184 3.68541 3.80309 3.9247 4.05012 4.17898 4.31094 4.44554 4.58227 4.72055 4.85998 5 
4 3.89513 3.79084 3.68749 3.58563 3.48571 3.3881 3.29323 3.20165 3.11354 3.02899 2.94821 2.87139 2.79865 2.73009 2.66585 2.60595 2.55037 2.4992 2.45235 2.40981 2.3716 2.33762 2.30786 2.28231 2.26083 2.24347 2.23018 2.22087 2.21558 2.21423 2.21683 2.22335 2.2338 2.24816 2.26646 2.28868 2.31489 2.34506 2.37925 2.41751 2.45982 2.50628 2.55692 2.61175 2.67086 2.73427 2.80201 2.87416 2.95069 3.03165 3.11708 3.20691 3.3012 3.39992 3.50294 3.61022 3.72158 3.83678 3.9556 4.07789 4.20342 4.33176 4.4625 4.59517 4.72927 4.86433 5 
4 3.89911 3.79866 3.69918 3.60105 3.50463 3.41031 3.31861 3.22988 3.14438 3.06219 2.98349 2.90852 2.83736 2.77019 2.70715 2.64827 2.59356 2.54308 2.49681 2.45471 2.41684 2.3831 2.35352 2.32805 2.30663 2.28932 2.27599 2.26666 2.26131 2.25991 2.26243 2.2689 2.27928 2.2936 2.31183 2.33403 2.36019 2.39032 2.42446 2.46265 2.5049 2.55125 2.60176 2.65644 2.71532 2.77845 2.84581 2.9175 2.99344 3.0737 3.15827 3.2471 3.34021 3.43756 3.53904 3.64451 3.75385 3.86676 3.98304 4.10256 4.22504 4.35016 4.47749 4.60655 4.73689 4.8682 5 
4 3.90254 3.8056 3.70951 3.61463 3.52135 3.43005 3.34111 3.25497 3.17183 3.09178 3.01502 2.94171 2.87204 2.80619 2.74429 2.68639 2.63253 2.58275 2.53705 2.49541 2.4579 2.42442 2.39504 2.3697 2.34839 2.33112 2.31779 2.30846 2.30308 2.30161 2.30411 2.31048 2.32082 2.33507 2.35325 2.3754 2.40149 2.43156 2.46565 2.50373 2.5459 2.59211 2.64245 2.69693 2.75556 2.81837 2.88534 2.95654 3.03189 3.11144 3.19518 3.28304 3.37503 3.47111 3.57113 3.67498 3.78245 3.89328 4.00728 4.1243 4.2441 4.36633 4.49063 4.61654 4.7436 4.87153 5 
4 3.9056 3.81166 3.71854 3.6266 3.53609 3.44738 3.36096 3.27715 3.19612 3.11799 3.04296 2.97121 2.90292 2.83829 2.77745 2.72047 2.66743 2.61833 2.57319 2.53202 2.49486 2.46167 2.43251 2.40734 2.38613 2.36893 2.35561 2.3463 2.34088 2.33938 2.34183 2.34815 2.35842 2.37263 2.39073 2.41282 2.43882 2.46884 2.50282 2.5408 2.58285 2.62891 2.67906 2.73329 2.79164 2.85411 2.92068 2.99139 3.06616 3.14503 3.22795 3.3149 3.40586 3.50074 3.59943 3.70177 3.80757 3.91656 4.02853 4.14333 4.26072 4.38046 4.5021 4.6252 4.74942 4.87446 5 
4 3.90825 3.81692 3.72643 3.63699 3.54891 3.46256 3.37834 3.29655 3.21739 3.14098 3.06754 2.99717 2.93012 2.8666 2.80677 2.75065 2.69837 2.64991 2.60529 2.56459 2.52779 2.49492 2.46597 2.44097 2.41988 2.40273 2.38949 2.38016 2.37475 2.3732 2.37561 2.38188 2.39209 2.40622 2.42427 2.44627 2.4722 2.50212 2.536 2.57386 2.61574 2.66164 2.71159 2.76557 2.82364 2.88573 2.95191 3.02211 3.09633 3.17456 3.25673 3.34283 3.43281 3.52662 3.6241 3.72512 3.8294 3.93675 4.04694 4.15981 4.27512 4.39262 4.51196 4.63269 4.75441 4.87697 5 
4 3.91052 3.82149 3.73318 3.64593 3.55998 3.47565 3.39336 3.31335 3.23583 3.16093 3.08886 3.01974 2.95383 2.89132 2.83237 2.77704 2.72545 2.67759 2.63349 2.59323 2.55677 2.52419 2.49547 2.47065 2.44968 2.43262 2.41942 2.4101 2.40467 2.40311 2.40547 2.41171 2.42185 2.43591 2.45388 2.47579 2.50162 2.53143 2.56519 2.60293 2.64464 2.69036 2.74009 2.79381 2.85158 2.91332 2.9791 3.04882 3.12251 3.20012 3.2816 3.36693 3.45605 3.54888 3.64528 3.74511 3.84809 3.95402 4.06266 4.17386 4.28737 4.40298 4.52033 4.63901 4.7587 4.8791 5 
4 3.9125 3.82532 3.73892 3.65351 3.56936 3.48679 3.40613 3.32767 3.25156 3.17795 3.10708 3.03905 2.97415 2.91253 2.85438 2.79975 2.74878 2.70146 2.65783 2.61799 2.58188 2.54957 2.52108 2.49642 2.47557 2.45859 2.44545 2.43613 2.43072 2.42913 2.43144 2.43763 2.44771 2.46168 2.47959 2.50139 2.52713 2.55681 2.59043 2.62803 2.66957 2.71509 2.7646 2.81805 2.87552 2.93691 3.0023 3.07157 3.14477 3.22182 3.30267 3.38732 3.47566 3.56764 3.66309 3.76189 3.86375 3.96847 4.07581 4.18559 4.29759 4.4116 4.52729 4.64428 4.76221 4.88092 5 
4 3.9141 3.82857 3.74366 3.65977 3.57714 3.49604 3.41678 3.33958 3.26466 3.19216 3.1223 3.05523 2.99117 2.93033 2.87287 2.81886 2.76843 2.7216 2.6784 2.63892 2.60313 2.5711 2.54281 2.51831 2.49757 2.48067 2.46756 2.45827 2.45286 2.45126 2.45352 2.45967 2.46967 2.48358 2.50138 2.52308 2.54871 2.57826 2.61172 2.64917 2.69053 2.73585 2.78513 2.83833 2.8955 2.95656 3.02156 3.09042 3.16315 3.23971 3.32002 3.40405 3.49173 3.58298 3.67763 3.77556 3.87648 3.9802 4.08646 4.1951 4.30585 4.41854 4.53288 4.64851 4.7651 4.88234 5 
4 3.91546 3.83112 3.74746 3.6648 3.58341 3.50349 3.42532 3.3492 3.27526 3.20363 3.1346 3.06833 3.00501 2.94482 2.88795 2.83445 2.78448 2.73808 2.69527 2.65611 2.62062 2.5888 2.56071 2.53635 2.51573 2.4989 2.48584 2.47657 2.47116 2.46952 2.47177 2.47784 2.4878 2.50161 2.51931 2.54089 2.56639 2.5958 2.62912 2.66638 2.70756 2.75266 2.80172 2.85466 2.91155 2.9723 3.03694 3.10544 3.17774 3.25384 3.33369 3.41722 3.50433 3.59498 3.68896 3.78616 3.88636 3.98929 4.0947 4.20241 4.31222 4.42389 4.53717 4.65175 4.76728 4.88349 5 
4 3.91643 3.83311 3.75036 3.66861 3.58817 3.50918 3.43188 3.35655 3.28335 3.21244 3.14408 3.07845 3.01569 2.95603 2.89965 2.84659 2.79699 2.75095 2.70846 2.66957 2.63435 2.60273 2.57481 2.55059 2.53004 2.5133 2.50027 2.49104 2.48561 2.48397 2.48617 2.49218 2.50205 2.51579 2.53336 2.55485 2.58018 2.60945 2.64261 2.67967 2.72067 2.76556 2.81439 2.86708 2.92368 2.98416 3.04845 3.11663 3.18857 3.26429 3.34374 3.42684 3.5135 3.60366 3.69715 3.79379 3.89342 3.99576 4.10055 4.20761 4.31672 4.42765 4.54018 4.65403 4.76885 4.88426 5 
4 3.91715 3.83447 3.75235 3.67128 3.59149 3.51313 3.43643 3.36169 3.28905 3.21864 3.15076 3.08561 3.0233 2.96403 2.90802 2.85529 2.80601 2.76025 2.71803 2.67936 2.64436 2.6129 2.58513 2.56103 2.54058 2.5239 2.5109 2.5017 2.49626 2.49458 2.49677 2.5027 2.5125 2.52612 2.54358 2.56495 2.59013 2.61922 2.65222 2.68908 2.72989 2.77454 2.82315 2.87559 2.93194 2.99214 3.05615 3.12402 3.19565 3.27106 3.35019 3.43296 3.51928 3.60908 3.7022 3.79846 3.89771 3.99967 4.10406 4.21068 4.31938 4.42987 4.54195 4.65536 4.76975 4.88474 5 
4 3.91752 3.83523 3.7535 3.67279 3.59338 3.51538 3.43903 3.36464 3.29234 3.22227 3.15469 3.08985 3.02783 2.96885 2.91311 2.86063 2.81157 2.76604 2.72401 2.68553 2.65068 2.61937 2.59171 2.56771 2.54734 2.53072 2.51776 2.50858 2.50312 2.50142 2.50356 2.50943 2.51913 2.53266 2.54999 2.57121 2.59623 2.62516 2.65795 2.69462 2.73521 2.77965 2.82801 2.88022 2.93631 2.99627 3.06002 3.12765 3.19901 3.27417 3.35305 3.43559 3.52166 3.61124 3.70413 3.80018 3.89924 4.001 4.10521 4.21167 4.3202 4.43055 4.54248 4.65575 4.77 4.88486 5 
4 3.91758 3.8354 3.75377 3.67317 3.59382 3.51593 3.4397 3.36541 3.29324 3.22331 3.1559 3.09119 3.02932 2.97049 2.91491 2.86259 2.81371 2.7683 2.72641 2.68805 2.65332 2.62212 2.59457 2.57065 2.55035 2.53377 2.52085 2.51167 2.50623 2.50449 2.50656 2.51236 2.52198 2.53539 2.55259 2.57364 2.59851 2.62724 2.65984 2.69629 2.73665 2.78085 2.82899 2.88095 2.93682 2.99653 3.06007 3.12747 3.19866 3.27362 3.35233 3.4347 3.52065 3.61012 3.70295 3.79896 3.89799 3.99976 4.10401 4.21056 4.31918 4.42966 4.54177 4.6552 4.76962 4.88465 5 
4 3.91737 3.83494 3.75318 3.67239 3.59287 3.51477 3.43838 3.36401 3.29176 3.2218 3.15435 3.08962 3.02777 2.96899 2.91344 2.8612 2.81239 2.76707 2.72525 2.687 2.65231 2.6212 2.59371 2.56987 2.54963 2.5331 2.52022 2.51103 2.50558 2.50382 2.50582 2.51156 2.52106 2.53435 2.5514 2.57228 2.59697 2.62551 2.65787 2.69412 2.73422 2.7782 2.82607 2.87781 2.93344 2.99294 3.0563 3.12352 3.19454 3.26939 3.34798 3.4303 3.51622 3.60572 3.6986 3.79475 3.89394 3.99592 4.10043 4.20729 4.3163 4.42722 4.53978 4.65368 4.76856 4.88412 5 
4 3.91678 3.83394 3.75169 3.67045 3.59043 3.51189 3.43514 3.36039 3.28786 3.21767 3.15006 3.08514 3.02315 2.96428 2.9087 2.85644 2.80765 2.76233 2.72053 2.68231 2.64766 2.61661 2.58918 2.56538 2.5452 2.5287 2.51586 2.50667 2.50122 2.49942 2.50135 2.50701 2.51639 2.52954 2.54646 2.56714 2.59165 2.61995 2.65208 2.68809 2.72793 2.77166 2.81929 2.87077 2.9262 2.98547 3.04868 3.11573 3.18667 3.26143 3.33999 3.42231 3.50832 3.59795 3.69106 3.78751 3.88703 3.98941 4.09442 4.20187 4.31151 4.42315 4.53649 4.65118 4.76686 4.88321 5 
4 3.91598 3.83225 3.7493 3.6673 3.58652 3.50725 3.42984 3.35455 3.28152 3.21091 3.14293 3.0777 3.01545 2.95639 2.90064 2.84828 2.79942 2.75407 2.71223 2.67402 2.63936 2.60834 2.58094 2.5572 2.53707 2.5206 2.50779 2.49861 2.49313 2.4913 2.49317 2.49874 2.508 2.521 2.53775 2.55824 2.58252 2.6106 2.64247 2.67822 2.71778 2.76125 2.8086 2.85984 2.91504 2.97412 3.03717 3.10411 3.17497 3.24971 3.32829 3.41072 3.49689 3.5868 3.68024 3.77714 3.87718 3.9802 4.08592 4.19419 4.30475 4.41743 4.53185 4.64765 4.76443 4.88202 5 
4 3.91478 3.83002 3.74594 3.66288 3.58107 3.50081 3.4225 3.34639 3.27267 3.20145 3.13294 3.06723 3.00461 2.94523 2.88925 2.83669 2.78771 2.74225 2.70036 2.6621 2.62744 2.59642 2.56905 2.54534 2.52525 2.50883 2.49603 2.48687 2.48137 2.47949 2.48131 2.48677 2.49591 2.50876 2.52531 2.5456 2.56963 2.59745 2.62906 2.6645 2.70379 2.74695 2.79402 2.845 2.89996 2.95884 3.02175 3.08857 3.15939 3.23414 3.31282 3.39541 3.48187 3.57213 3.66607 3.76356 3.86432 3.96815 4.07483 4.18418 4.29596 4.40996 4.52579 4.64303 4.76134 4.88041 5 
4 3.91333 3.82706 3.74162 3.65717 3.574 3.4925 3.41303 3.33588 3.26122 3.18921 3.11999 3.05371 2.99055 2.93076 2.87444 2.82164 2.77245 2.72686 2.68486 2.64654 2.61186 2.58085 2.5535 2.52981 2.50976 2.49338 2.4806 2.47147 2.46595 2.46403 2.46578 2.47112 2.48014 2.49282 2.50915 2.52923 2.55298 2.58053 2.61184 2.64695 2.68592 2.72877 2.77553 2.82623 2.88093 2.93962 3.00234 3.06908 3.13985 3.21467 3.29347 3.37631 3.46311 3.55386 3.64841 3.74665 3.84829 3.95316 4.06103 4.17174 4.28503 4.40065 4.51823 4.6373 4.75744 4.87847 5 
4 3.91151 3.82347 3.7362 3.65006 3.56529 3.48221 3.40131 3.32289 3.24712 3.17408 3.10398 3.03696 2.97322 2.9129 2.85616 2.80302 2.75358 2.70781 2.66573 2.62731 2.59261 2.56158 2.53427 2.51062 2.49062 2.47428 2.46152 2.45241 2.44688 2.44492 2.44661 2.45184 2.46071 2.47321 2.48932 2.50914 2.53261 2.55984 2.59082 2.62557 2.66421 2.70668 2.75311 2.8035 2.85791 2.91637 2.97891 3.04555 3.11629 3.19116 3.27016 3.35329 3.44053 3.53185 3.62713 3.72623 3.82898 3.9351 4.04441 4.15673 4.27183 4.38942 4.50908 4.63032 4.75278 4.87612 5 
4 3.90931 3.81911 3.72972 3.64148 3.55475 3.46989 3.38726 3.30729 3.23016 3.15595 3.08481 3.01693 2.95244 2.89154 2.83432 2.78082 2.73105 2.68508 2.64286 2.60439 2.56967 2.53867 2.51138 2.48777 2.46782 2.45155 2.43883 2.42973 2.4242 2.42221 2.42381 2.42894 2.43765 2.44995 2.46583 2.48537 2.50853 2.5354 2.56601 2.60039 2.63862 2.6807 2.72675 2.77679 2.83087 2.88907 2.95137 3.01789 3.08858 3.16354 3.24275 3.32621 3.41393 3.50591 3.60203 3.70218 3.80617 3.91376 4.02475 4.13899 4.25622 4.37609 4.4982 4.62208 4.74723 4.87332 5 
4 3.90676 3.81391 3.72201 3.63136 3.54234 3.45529 3.37072 3.28897 3.21025 3.13464 3.0623 2.99345 2.92815 2.86654 2.80879 2.75486 2.7048 2.6586 2.61625 2.5777 2.543 2.51202 2.48481 2.46128 2.4414 2.42518 2.41254 2.40346 2.39794 2.39593 2.39744 2.40246 2.411 2.42309 2.43871 2.45792 2.48076 2.50724 2.53743 2.57139 2.60916 2.6508 2.69643 2.74605 2.79976 2.85762 2.91967 2.98602 3.05666 3.13167 3.2111 3.29491 3.38318 3.47588 3.57295 3.67424 3.77968 3.88895 4.00188 4.11831 4.23798 4.36053 4.48551 4.61239 4.7407 4.87008 5 
4 3.90367 3.8079 3.71299 3.61952 3.52785 3.43838 3.35148 3.2677 3.18718 3.10999 3.0363 2.96632 2.90012 2.8378 2.77945 2.72508 2.67467 2.62829 2.58581 2.54725 2.51256 2.48166 2.45453 2.43115 2.41136 2.39523 2.38268 2.37363 2.36812 2.3661 2.36752 2.37243 2.38079 2.39264 2.40799 2.42686 2.44932 2.47537 2.5051 2.53859 2.57584 2.61699 2.66211 2.71123 2.7645 2.82196 2.88369 2.94982 3.02035 3.09539 3.17501 3.2592 3.34803 3.44153 3.5396 3.64221 3.74923 3.86041 3.97553 4.09446 4.21694 4.34253 4.47077 4.60117 4.73317 4.86625 5 
4 3.90017 3.80081 3.70259 3.60585 3.51114 3.41884 3.32942 3.24326 3.1607 3.08176 3.00661 2.9354 2.8682 2.80509 2.74617 2.69134 2.64064 2.59404 2.55151 2.51294 2.47835 2.44757 2.42058 2.39735 2.37773 2.36172 2.34928 2.3403 2.33482 2.33277 2.33413 2.3389 2.34708 2.35868 2.37371 2.39222 2.41425 2.43984 2.46906 2.50199 2.53867 2.57925 2.62378 2.67232 2.72507 2.78204 2.84337 2.90919 2.97954 3.05457 3.13433 3.21888 3.30827 3.40258 3.50176 3.60578 3.71454 3.8278 3.94539 4.06717 4.19279 4.32184 4.45385 4.58826 4.72442 4.86188 5 
4 3.89605 3.79273 3.69054 3.59017 3.49199 3.39649 3.30413 3.21544 3.13057 3.04968 2.97294 2.90043 2.83219 2.76826 2.70872 2.65348 2.60252 2.55581 2.51322 2.47474 2.44027 2.4097 2.3829 2.3599 2.34048 2.32467 2.31235 2.3035 2.29806 2.29599 2.2973 2.30192 2.30991 2.32124 2.33592 2.35404 2.37558 2.40066 2.4293 2.46161 2.49765 2.53755 2.5814 2.62927 2.68138 2.73776 2.79858 2.864 2.93409 3.00901 3.08883 3.17369 3.26362 3.35878 3.45909 3.56462 3.67524 3.79083 3.91117 4.03606 4.16522 4.29821 4.43448 4.5734 4.71441 4.85681 5 
4 3.89136 3.78338 3.6768 3.57217 3.47014 3.37103 3.27543 3.18381 3.09649 3.01349 2.93502 2.86112 2.7918 2.72708 2.66699 2.61133 2.5602 2.51342 2.47094 2.43259 2.39835 2.36802 2.34155 2.31881 2.29967 2.28412 2.27198 2.26328 2.25793 2.25584 2.25711 2.26158 2.26935 2.28039 2.2947 2.31239 2.3334 2.35791 2.38589 2.41748 2.45281 2.49189 2.53496 2.58205 2.63339 2.68905 2.74924 2.81412 2.88381 2.9585 3.03829 3.12338 3.2138 3.30975 3.41125 3.51834 3.63098 3.74906 3.87237 4.00076 4.13389 4.27127 4.41232 4.55646 4.70291 4.85102 5 
4 3.88598 3.77271 3.66102 3.55171 3.4452 3.34209 3.24288 3.14813 3.05802 2.97279 2.89252 2.81721 2.7468 2.68129 2.6207 2.56477 2.51352 2.46683 2.42449 2.38645 2.35252 2.32256 2.29647 2.27412 2.25531 2.2401 2.2282 2.21969 2.21447 2.21242 2.21363 2.21797 2.22551 2.23623 2.25014 2.26733 2.28776 2.31161 2.33885 2.36965 2.40413 2.4423 2.48445 2.53062 2.58103 2.63585 2.69523 2.75942 2.82854 2.90284 2.98246 3.06764 3.15845 3.25517 3.35781 3.46651 3.58124 3.70198 3.82857 3.96077 4.09828 4.24059 4.38709 4.53705 4.68978 4.8444 5 
4 3.87982 3.76052 3.64303 3.52826 3.41688 3.30923 3.20604 3.10783 3.01484 2.92716 2.84502 2.76831 2.69686 2.63066 2.56963 2.51354 2.46236 2.41585 2.37384 2.33619 2.30277 2.27326 2.2477 2.22581 2.20746 2.19263 2.18109 2.1728 2.16776 2.16578 2.16694 2.17117 2.17846 2.18884 2.20231 2.21893 2.23874 2.26183 2.28825 2.31814 2.35163 2.38877 2.42987 2.47495 2.52427 2.57805 2.63644 2.69973 2.76811 2.84181 2.92108 3.00617 3.09725 3.19459 3.29834 3.4086 3.52552 3.6491 3.77916 3.91552 4.05789 4.2057 4.35826 4.5149 4.67476 4.83681 5 
4 3.87278 3.74653 3.62245 3.50155 3.38454 3.27199 3.1644 3.06243 2.96634 2.87621 2.79213 2.714 2.64163 2.57487 2.51358 2.45749 2.4065 2.36041 2.31889 2.28185 2.24903 2.2202 2.19524 2.17398 2.15617 2.14182 2.1307 2.12274 2.1179 2.11605 2.11718 2.1213 2.12833 2.13834 2.15134 2.16733 2.18643 2.20869 2.23416 2.26304 2.29539 2.33137 2.37122 2.41503 2.46308 2.5156 2.57277 2.63492 2.7023 2.77516 2.85385 2.93864 3.02976 3.12758 3.23225 3.34408 3.46319 3.58969 3.72344 3.86434 4.01203 4.16592 4.32537 4.48957 4.65754 4.82813 5 
4 3.86467 3.73053 3.59887 3.471 3.34773 3.22959 3.11732 3.01131 2.91194 2.81927 2.73336 2.65391 2.58071 2.51357 2.45224 2.39639 2.34584 2.30034 2.25957 2.2233 2.19132 2.16332 2.13916 2.11863 2.10153 2.08775 2.07715 2.06957 2.06501 2.06331 2.06448 2.06846 2.07526 2.08486 2.09733 2.11265 2.13094 2.15226 2.17669 2.2044 2.23548 2.27013 2.30855 2.35087 2.39744 2.44842 2.50413 2.56486 2.63094 2.70268 2.78048 2.86465 2.95556 3.05357 3.15905 3.27228 3.39352 3.52297 3.66064 3.80639 3.95985 4.12054 4.28772 4.46049 4.63778 4.81811 5 
4 3.85532 3.71204 3.57179 3.43596 3.30564 3.18141 3.0639 2.95372 2.85097 2.75576 2.66806 2.58751 2.51374 2.44644 2.38534 2.33 2.28021 2.23556 2.19577 2.16058 2.1296 2.10267 2.07948 2.05987 2.04359 2.03055 2.02051 2.01344 2.00921 2.0077 2.00894 2.01281 2.01935 2.02855 2.0404 2.05503 2.0724 2.09269 2.11594 2.14233 2.17199 2.2051 2.24187 2.2825 2.32729 2.37648 2.43042 2.48941 2.55385 2.62414 2.70064 2.78387 2.87417 2.97211 3.07803 3.19245 3.31567 3.44811 3.58977 3.74063 3.90041 4.06862 4.24445 4.42703 4.61493 4.80655 5 
4 3.84443 3.69064 3.54046 3.39565 3.25733 3.12639 3.00338 2.88868 2.7826 2.68497 2.59568 2.51424 2.44021 2.37316 2.31261 2.25814 2.20944 2.166 2.12748 2.09362 2.06397 2.03828 2.01632 1.99779 1.98249 1.97032 1.961 1.9545 1.95068 1.94941 1.95076 1.9545 1.96079 1.96954 1.98076 1.99459 2.01098 2.03013 2.05208 2.07698 2.10506 2.13639 2.17131 2.20996 2.25269 2.29977 2.35158 2.40846 2.47088 2.53926 2.61406 2.69585 2.78515 2.8825 2.98851 3.10375 3.22876 3.36399 3.50967 3.66592 3.8325 4.00894 4.19461 4.38826 4.58843 4.79307 5 
4 3.83171 3.66561 3.50402 3.34893 3.20177 3.06337 2.93446 2.81528 2.70581 2.60604 2.5155 2.43358 2.35967 2.2933 2.2338 2.1806 2.13339 2.09157 2.05469 2.02245 1.99443 1.97026 1.94973 1.93252 1.91837 1.90722 1.89873 1.89291 1.88958 1.88862 1.89006 1.89375 1.89975 1.90803 1.91857 1.93154 1.94685 1.96474 1.98524 2.00853 2.03478 2.06415 2.09694 2.13335 2.17369 2.21834 2.2676 2.32197 2.38189 2.44786 2.52041 2.60027 2.68793 2.78417 2.88971 3.00533 3.13164 3.2694 3.41904 3.58078 3.75455 3.94016 4.13672 4.34308 4.55738 4.77727 5 
4 3.81664 3.63612 3.46127 3.29447 3.13739 2.99097 2.85581 2.7321 2.61964 2.51798 2.42671 2.34488 2.27169 2.20649 2.14859 2.09724 2.05195 2.01221 1.97739 1.94714 1.92105 1.89871 1.87984 1.86417 1.85141 1.84139 1.83393 1.82886 1.8261 1.82551 1.82709 1.83072 1.83643 1.8442 1.85404 1.86603 1.88022 1.8967 1.91563 1.9371 1.96134 1.98852 2.01891 2.05274 2.09039 2.13217 2.17851 2.22988 2.28678 2.34975 2.41951 2.49669 2.58207 2.67649 2.78088 2.89611 3.02317 3.16297 3.31624 3.48344 3.66484 3.86031 4.06913 4.28999 4.52075 4.75856 5 
4 3.79864 3.60098 3.41062 3.23044 3.06234 2.90733 2.76582 2.63776 2.52267 2.41992 2.32848 2.24746 2.17576 2.11247 2.05677 2.0079 1.96512 1.92789 1.89562 1.86779 1.84396 1.82378 1.80686 1.79293 1.78176 1.77308 1.76674 1.76258 1.76046 1.76032 1.76206 1.76565 1.77106 1.7783 1.78736 1.79834 1.81127 1.82626 1.84343 1.86294 1.88492 1.90969 1.93736 1.96834 2.00291 2.04142 2.08437 2.13222 2.18548 2.24487 2.31107 2.38484 2.46709 2.55884 2.66109 2.7751 2.90203 3.04309 3.19942 3.37186 3.56104 3.76709 3.98954 4.22701 4.47704 4.73615 5 
4 3.77678 3.55857 3.34994 3.15443 2.97418 2.81016 2.66246 2.53055 2.41362 2.31051 2.22006 2.14068 2.07138 2.01088 1.95817 1.91242 1.87287 1.8387 1.80944 1.78449 1.7633 1.74561 1.73095 1.71902 1.70962 1.70247 1.69738 1.69425 1.6929 1.69323 1.69524 1.69876 1.7039 1.71056 1.71879 1.72869 1.74023 1.75359 1.76888 1.78619 1.80578 1.82782 1.85255 1.88031 1.91143 1.94622 1.98531 2.02904 2.07807 2.13317 2.19498 2.26445 2.34263 2.43058 2.5296 2.6412 2.76675 2.908 3.06644 3.2435 3.44027 3.65745 3.89495 4.15146 4.42421 4.70893 5 
4 3.74982 3.50657 3.27628 3.06326 2.86981 2.69663 2.54326 2.4085 2.29086 2.18873 2.10036 2.02403 1.95812 1.90145 1.85267 1.81084 1.77516 1.74476 1.71898 1.69739 1.67928 1.66438 1.65229 1.64263 1.6352 1.62979 1.62609 1.62412 1.62361 1.6245 1.6268 1.6303 1.63514 1.64123 1.64855 1.65731 1.66735 1.67897 1.69219 1.70715 1.7241 1.74317 1.76466 1.78888 1.81613 1.84681 1.88148 1.92051 1.96467 2.01465 2.07121 2.13541 2.20833 2.29124 2.38566 2.49326 2.61595 2.75576 2.91486 3.09532 3.29902 3.52751 3.78138 4.05965 4.35939 4.67532 5 
4 3.71582 3.4416 3.18545 2.95257 2.74518 2.56327 2.4054 2.26936 2.15279 2.05333 1.96872 1.89681 1.83579 1.78399 1.74023 1.70323 1.67217 1.64616 1.62454 1.60668 1.59214 1.58039 1.57115 1.56404 1.55881 1.55529 1.55318 1.55244 1.55289 1.5544 1.55702 1.56054 1.56508 1.57054 1.57696 1.58444 1.59296 1.60268 1.6137 1.62612 1.6402 1.65607 1.67402 1.69434 1.71733 1.74345 1.77312 1.80692 1.84542 1.88946 1.93984 1.99762 2.06401 2.14044 2.22853 2.33034 2.44808 2.58431 2.74189 2.92377 3.13294 3.37222 3.64339 3.94638 4.27836 4.63291 5 
4 3.6718 3.35855 3.07144 2.81646 2.5951 2.40585 2.24563 2.11077 1.99773 1.90327 1.82445 1.75874 1.70409 1.65866 1.62089 1.58979 1.56415 1.54322 1.52631 1.5128 1.50212 1.49398 1.48786 1.48355 1.48077 1.47928 1.47893 1.47956 1.48102 1.48327 1.4862 1.48979 1.49399 1.49883 1.50429 1.51044 1.51734 1.52504 1.53372 1.54345 1.55444 1.56689 1.58099 1.59706 1.61546 1.63646 1.66068 1.68852 1.72066 1.75791 1.80107 1.85119 1.90967 1.97791 2.05774 2.15152 2.26176 2.39154 2.54452 2.72477 2.93674 3.18506 3.47357 3.8041 4.17469 4.57796 5 
4 3.61276 3.24936 2.92536 2.64679 2.41292 2.21938 2.06044 1.93037 1.82418 1.73764 1.66714 1.60975 1.56317 1.52551 1.49509 1.47073 1.45149 1.43631 1.4247 1.41602 1.40969 1.40542 1.40282 1.40151 1.40141 1.40215 1.40366 1.40578 1.40836 1.41137 1.41472 1.41834 1.42226 1.42643 1.43087 1.43567 1.44082 1.44645 1.45264 1.45951 1.46722 1.47601 1.48596 1.49751 1.51084 1.52634 1.54454 1.5658 1.59083 1.62039 1.65522 1.69648 1.7455 1.8037 1.87316 1.95627 2.05586 2.17553 2.31978 2.49389 2.70413 2.95771 3.26176 3.62168 4.03832 4.50423 5 
4 3.52987 3.10075 2.73385 2.43251 2.19049 1.9983 1.8463 1.72611 1.63109 1.55602 1.49676 1.45004 1.41348 1.38505 1.36322 1.34672 1.33459 1.326 1.32022 1.31686 1.31529 1.31525 1.31639 1.3184 1.32109 1.32431 1.32777 1.33151 1.33531 1.33911 1.34293 1.34659 1.35023 1.35373 1.35713 1.36052 1.36385 1.36729 1.37088 1.37471 1.37901 1.38383 1.38945 1.3961 1.40403 1.41359 1.42523 1.43931 1.4565 1.47745 1.50293 1.53405 1.57198 1.61834 1.67499 1.7445 1.82982 1.93495 2.06507 2.22671 2.42817 2.67996 2.99411 3.38243 3.85264 4.40065 5 
4 3.40593 2.8899 2.47677 2.15893 1.91835 1.73707 1.60028 1.49669 1.41813 1.35866 1.31383 1.28031 1.2557 1.23812 1.22602 1.21838 1.21423 1.21275 1.21351 1.21582 1.21945 1.22394 1.22908 1.23462 1.24033 1.24609 1.25171 1.25713 1.26222 1.26692 1.2712 1.275 1.2783 1.28114 1.28346 1.28538 1.28684 1.28799 1.28885 1.28953 1.29019 1.29089 1.29191 1.29336 1.29557 1.29878 1.30336 1.30974 1.31835 1.3299 1.34504 1.36472 1.39015 1.42263 1.46407 1.51685 1.58392 1.66937 1.77877 1.91954 2.10191 2.33998 2.65227 3.06115 3.58913 4.24576 5 
4 3.20395 2.57613 2.12431 1.80806 1.58702 1.43141 1.32099 1.24223 1.18614 1.14669 1.11957 1.10173 1.09098 1.08568 1.08453 1.08658 1.09111 1.09742 1.10503 1.1136 1.12262 1.13201 1.14137 1.15059 1.15952 1.16794 1.17583 1.18302 1.18949 1.19514 1.19995 1.20387 1.20691 1.20903 1.21028 1.21064 1.21018 1.20893 1.20695 1.20436 1.20119 1.19767 1.1938 1.18989 1.18606 1.18254 1.17972 1.1778 1.1773 1.17872 1.18259 1.18978 1.20121 1.21805 1.24192 1.27487 1.31959 1.37986 1.46105 1.57069 1.72001 1.92593 2.21374 2.6206 3.19693 3.9933 5 
4 2.83379 2.08634 1.6362 1.36192 1.19028 1.08062 1.01001 0.965047 0.937554 0.922376 0.916018 0.916064 0.920838 0.929101 0.939839 0.952413 0.96619 0.980747 0.995674 1.01069 1.02553 1.03991 1.0538 1.06683 1.07909 1.09034 1.10052 1.10965 1.11749 1.12419 1.12954 1.13364 1.13639 1.13782 1.13793 1.13672 1.13427 1.13053 1.12567 1.11963 1.1126 1.10461 1.09575 1.08625 1.07612 1.06566 1.05503 1.04448 1.03437 1.02502 1.01694 1.01063 1.00689 1.00651 1.01073 1.0211 1.0397 1.06948 1.11481 1.18212 1.28161 1.43005 1.65607 2.01045 2.58469 3.5306 5 
4 2.04497 1.29928 0.972189 0.813052 0.731609 0.690803 0.673391 0.670372 0.676687 0.689244 0.706049 0.725692 0.747262 0.770005 0.793415 0.817027 0.840571 0.863696 0.886244 0.907985 0.928738 0.948431 0.966814 0.983954 0.999581 1.01379 1.02641 1.03741 1.04682 1.05446 1.06049 1.06468 1.06718 1.06791 1.06684 1.06409 1.05953 1.05336 1.04546 1.03598 1.02494 1.01237 0.998435 0.983086 0.96657 0.948871 0.930226 0.910748 0.890624 0.870134 0.849459 0.829023 0.80915 0.790412 0.773415 0.759096 0.748563 0.743551 0.746526 0.761341 0.794302 0.856643 0.969898 1.18035 1.6008 2.54454 5 
0 0.0468723 0.0936415 0.140205 0.18646 0.232305 0.27764 0.322364 0.36638 0.40959 0.4519 0.493217 0.533449 0.572509 0.61031 0.64677 0.681808 0.715347 0.747314 0.777638 0.806252 0.833094 0.858105 0.88123 0.902417 0.921621 0.938798 0.953913 0.96693 0.977821 0.986564 0.993137 0.997528 0.999725 0.999725 0.997528 0.993137 0.986564 0.977821 0.96693 0.953913 0.938798 0.921621 0.902417 0.88123 0.858105 0.833094 0.806252 0.777638 0.747314 0.715347 0.681808 0.64677 0.61031 0.572509 0.533449 0.493217 0.4519 0.40959 0.36638 0.322364 0.27764 0.232305 0.18646 0.140205 0.0936415 0.0468723 0 
