C h:0.010989
C GRID SIZE:92
C N:90
0 0.000120758 0.000483033 0.00108683 0.00193213 0.00301896 0.0043473 0.00591716 0.00772854 0.00978143 0.0120758 0.0146118 0.0173892 0.0204082 0.0236686 0.0271706 0.0309141 0.0348992 0.0391257 0.0435938 0.0483033 0.0532544 0.058447 0.0638812 0.0695568 0.075474 0.0816327 0.0880328 0.0946746 0.101558 0.108683 0.116049 0.123657 0.131506 0.139597 0.147929 0.156503 0.165318 0.174375 0.183673 0.193213 0.202995 0.213018 0.223282 0.233788 0.244536 0.255525 0.266755 0.278227 0.289941 0.301896 0.314093 0.326531 0.33921 0.352131 0.365294 0.378698 0.392344 0.406231 0.42036 0.43473 0.449342 0.464195 0.47929 0.494626 0.510204 0.526023 0.542084 0.558387 0.574931 0.591716 0.608743 0.626011 0.643521 0.661273 0.679266 0.6975 0.715976 0.734694 0.753653 0.772854 0.792296 0.811979 0.831904 0.852071 0.872479 0.893129 0.91402 0.935153 0.956527 0.978143 1 
4 1.99672 1.20298 0.828231 0.621987 0.494117 0.407639 0.345396 0.298543 0.262104 0.233082 0.209566 0.190281 0.174346 0.161132 0.150176 0.141133 0.133736 0.127779 0.123095 0.119552 0.117041 0.115471 0.114765 0.11486 0.115698 0.117231 0.119416 0.122215 0.125596 0.129527 0.133982 0.138936 0.144368 0.150258 0.156589 0.163344 0.17051 0.178075 0.186027 0.194358 0.203061 0.212129 0.221559 0.231347 0.241492 0.251995 0.262857 0.274082 0.285673 0.297639 0.309987 0.322726 0.335867 0.349425 0.363412 0.377846 0.392745 0.408127 0.424016 0.440433 0.457406 0.474962 0.493132 0.511948 0.531449 0.551673 0.572666 0.594478 0.617168 0.640799 0.665449 0.691209 0.718185 0.74651 0.776345 0.807896 0.841424 0.877271 0.915895 0.95792 1.00422 1.05607 1.11536 1.18509 1.27023 1.37962 1.53041 1.75956 2.15722 2.97385 5 
4 2.78383 1.98657 1.48698 1.16381 0.943993 0.786891 0.669708 0.579188 0.507279 0.448871 0.400594 0.360144 0.325898 0.296681 0.271623 0.250065 0.231498 0.215523 0.201821 0.190133 0.180247 0.171986 0.1652 0.159761 0.15556 0.152501 0.150499 0.14948 0.149377 0.150131 0.151688 0.154001 0.157026 0.160723 0.165059 0.170002 0.175523 0.1816 0.188211 0.195337 0.202964 0.211081 0.219679 0.228752 0.238298 0.248317 0.258813 0.269793 0.281265 0.293243 0.305744 0.318785 0.332391 0.346585 0.361397 0.37686 0.393009 0.409883 0.427526 0.445984 0.465308 0.485554 0.506783 0.529059 0.552457 0.577054 0.602941 0.630216 0.658993 0.689399 0.721586 0.755728 0.792035 0.830764 0.872228 0.91682 0.965041 1.01754 1.07518 1.13913 1.21099 1.29306 1.3887 1.50299 1.64399 1.82493 2.06859 2.4156 2.93901 3.76007 5 
4 3.15211 2.47261 1.96948 1.6025 1.33144 1.12655 0.967728 0.841635 0.7394 0.65501 0.584305 0.524338 0.472976 0.428645 0.390158 0.356604 0.327273 0.301602 0.27914 0.259517 0.242427 0.227616 0.214866 0.203992 0.194834 0.187252 0.181121 0.176333 0.172789 0.170402 0.169092 0.16879 0.169429 0.170954 0.173312 0.176457 0.180347 0.184947 0.190226 0.196156 0.202716 0.209888 0.21766 0.226023 0.234974 0.244514 0.254647 0.265384 0.276739 0.288732 0.301385 0.314728 0.328795 0.343622 0.359254 0.375738 0.393127 0.411481 0.430861 0.451339 0.47299 0.495895 0.520144 0.545836 0.573075 0.60198 0.632681 0.665323 0.70007 0.73711 0.77666 0.818974 0.864352 0.91316 0.965842 1.02295 1.08519 1.15345 1.22891 1.31312 1.4082 1.51708 1.64391 1.79466 1.97821 2.20784 2.50368 2.89542 3.42328 4.12748 5 
4 3.35211 2.78246 2.3161 1.94562 1.6531 1.42062 1.23353 1.0808 0.954299 0.848135 0.757989 0.680672 0.6138 0.555566 0.504578 0.459752 0.420228 0.38532 0.354466 0.327208 0.303162 0.282006 0.263463 0.247298 0.233304 0.221301 0.211129 0.202645 0.195724 0.19025 0.18612 0.183243 0.181533 0.180915 0.181322 0.182692 0.184971 0.188112 0.192073 0.19682 0.202324 0.208562 0.215517 0.223179 0.231542 0.240607 0.250382 0.260879 0.272118 0.284125 0.29693 0.310572 0.325094 0.340547 0.356987 0.374479 0.393091 0.412901 0.433993 0.456457 0.480394 0.50591 0.533123 0.562159 0.593158 0.626271 0.661667 0.699534 0.740082 0.783551 0.830215 0.880397 0.934475 0.992901 1.05622 1.12512 1.20044 1.28324 1.3749 1.4772 1.59251 1.72398 1.87592 2.0542 2.26689 2.52503 2.84323 3.23938 3.73138 4.32661 5 
4 3.47401 2.98927 2.56716 2.21119 1.91523 1.66987 1.46566 1.29446 1.14966 1.0261 0.919752 0.827514 0.746979 0.676263 0.613884 0.558662 0.509646 0.466063 0.427278 0.392763 0.362074 0.334832 0.310715 0.289442 0.270768 0.254477 0.240376 0.228295 0.218079 0.20959 0.202703 0.197304 0.193292 0.190572 0.189063 0.188688 0.189383 0.191089 0.193754 0.197337 0.2018 0.207118 0.213268 0.220237 0.22802 0.236618 0.246039 0.2563 0.267424 0.279444 0.292398 0.306332 0.321302 0.337368 0.354602 0.373081 0.392892 0.414128 0.436894 0.4613 0.487469 0.515532 0.545631 0.577921 0.61257 0.649763 0.689702 0.732611 0.778742 0.828378 0.881843 0.939513 1.00183 1.0693 1.14256 1.22236 1.30964 1.40555 1.51155 1.6295 1.76178 1.91147 2.08254 2.28014 2.51084 2.78276 3.10529 3.48783 3.93647 4.44765 5 
4 3.55482 3.13374 2.7525 2.41726 2.12739 1.87867 1.66558 1.4826 1.32477 1.18789 1.06851 0.963812 0.87154 0.789865 0.717305 0.652659 0.594936 0.543322 0.497133 0.455799 0.41883 0.38581 0.356376 0.330214 0.307046 0.286625 0.268732 0.25317 0.239761 0.228345 0.218776 0.210922 0.204664 0.199893 0.196511 0.194432 0.193576 0.193875 0.19527 0.19771 0.201154 0.205567 0.210927 0.217216 0.224429 0.232566 0.24164 0.251667 0.262678 0.274709 0.287807 0.302026 0.317432 0.334097 0.352104 0.371545 0.392522 0.415147 0.43954 0.465832 0.494167 0.524697 0.557589 0.593022 0.631192 0.672309 0.716607 0.764342 0.815798 0.871295 0.931195 0.995911 1.06593 1.1418 1.2242 1.31393 1.41194 1.51943 1.63784 1.76897 1.91504 2.07883 2.26377 2.474 2.71444 2.99059 3.30791 3.6706 4.07924 4.52763 5 
4 3.61173 3.23873 2.8923 2.57855 2.29912 2.05268 1.83635 1.64664 1.48006 1.33341 1.20387 1.08904 0.986918 0.895805 0.814305 0.741247 0.675651 0.616693 0.563675 0.515999 0.473155 0.434696 0.400235 0.36943 0.341978 0.317609 0.29608 0.277172 0.260687 0.246445 0.234282 0.22405 0.215614 0.20885 0.203647 0.199907 0.19754 0.196468 0.196623 0.197947 0.200393 0.203923 0.208509 0.214132 0.220787 0.228473 0.237204 0.247002 0.2579 0.26994 0.283176 0.29767 0.313497 0.330742 0.349498 0.369871 0.391978 0.415945 0.441911 0.470025 0.500448 0.533354 0.56893 0.607379 0.648918 0.693784 0.742234 0.79455 0.851043 0.912059 0.977986 1.04927 1.1264 1.20998 1.30068 1.39931 1.50682 1.62435 1.75326 1.89522 2.0522 2.22654 2.42103 2.63882 2.88336 3.15808 3.46583 3.80788 4.18256 4.58372 5 
4 3.65361 3.31752 2.99996 2.70621 2.43868 2.19755 1.98158 1.78875 1.61673 1.46321 1.326 1.20313 1.0929 0.993799 0.904567 0.824106 0.75148 0.685887 0.626634 0.573122 0.524828 0.481296 0.442119 0.406938 0.375433 0.347314 0.32232 0.300215 0.280784 0.263829 0.249171 0.236648 0.226108 0.217417 0.210452 0.205103 0.201269 0.198865 0.197815 0.198054 0.199528 0.202197 0.206028 0.211002 0.217111 0.224356 0.232752 0.242324 0.253109 0.265155 0.278521 0.293279 0.309512 0.327314 0.346791 0.368062 0.391256 0.416515 0.443991 0.473852 0.506277 0.541456 0.579597 0.62092 0.665664 0.714085 0.76646 0.823092 0.88431 0.950479 1.022 1.09934 1.183 1.27356 1.37171 1.47822 1.594 1.7201 1.85777 2.00845 2.17383 2.3558 2.55651 2.77824 3.02324 3.29349 3.59019 3.91308 4.25973 4.62479 5 
4 3.68546 3.37822 3.08442 2.80843 2.55276 2.31833 2.10488 1.91138 1.73638 1.57827 1.43544 1.30634 1.18955 1.0838 0.987972 0.901076 0.822244 0.750717 0.685828 0.626992 0.573689 0.52546 0.481892 0.442618 0.407303 0.375645 0.347371 0.32223 0.299992 0.280446 0.263401 0.24868 0.23612 0.225576 0.216912 0.210009 0.204759 0.201067 0.198849 0.198036 0.198568 0.200401 0.203499 0.207841 0.213418 0.220234 0.228302 0.237652 0.248324 0.260371 0.27386 0.288869 0.305489 0.323824 0.343992 0.366122 0.390356 0.416849 0.445769 0.477298 0.511629 0.548971 0.589546 0.633591 0.681363 0.733132 0.789193 0.849861 0.915479 0.986423 1.0631 1.14598 1.23555 1.33239 1.43715 1.55056 1.67346 1.80679 1.95163 2.10923 2.28092 2.46822 2.67269 2.89587 3.13917 3.40354 3.68919 3.99515 4.31885 4.65585 5 
4 3.71028 3.42597 3.15174 2.89117 2.64663 2.41934 2.20958 2.01699 1.84074 1.6798 1.53299 1.39915 1.27716 1.16595 1.06456 0.972136 0.88788 0.811096 0.741158 0.677504 0.619632 0.567087 0.519461 0.47638 0.437507 0.402531 0.371169 0.34316 0.318263 0.296257 0.276938 0.26012 0.245629 0.233308 0.223015 0.21462 0.208007 0.203073 0.19973 0.197901 0.197523 0.198546 0.200934 0.204664 0.209726 0.216122 0.223871 0.233003 0.243562 0.255607 0.269209 0.284454 0.301442 0.320284 0.341109 0.364056 0.38928 0.416947 0.447238 0.480348 0.516486 0.555872 0.598744 0.645353 0.695968 0.750872 0.81037 0.874787 0.944474 1.01981 1.1012 1.1891 1.28399 1.38643 1.49701 1.6164 1.74536 1.88471 2.03537 2.19835 2.37471 2.56557 2.77202 2.99507 3.23545 3.49348 3.7688 4.06014 4.36506 4.67992 5 
4 3.73002 3.46418 3.20613 2.95882 2.72438 2.5041 2.29859 2.10787 1.93158 1.76908 1.61958 1.48224 1.35617 1.24053 1.13451 1.03738 0.948421 0.867019 0.792592 0.724613 0.662601 0.606119 0.554764 0.508168 0.465992 0.427922 0.393668 0.362965 0.335562 0.31123 0.289757 0.270947 0.254618 0.240604 0.228754 0.218931 0.211011 0.204887 0.200462 0.197656 0.196401 0.196645 0.198348 0.201485 0.206048 0.212038 0.219476 0.228394 0.238841 0.250878 0.264584 0.28005 0.297383 0.316705 0.338152 0.361872 0.388032 0.416809 0.448396 0.482998 0.520837 0.562146 0.607174 0.656183 0.70945 0.767271 0.829955 0.897835 0.971259 1.0506 1.13627 1.2287 1.32834 1.43572 1.55139 1.67593 1.81001 1.95434 2.10966 2.27677 2.45649 2.6496 2.85683 3.07874 3.31564 3.56742 3.83342 4.11227 4.40177 4.69891 5 
4 3.74594 3.49517 3.25058 3.01462 2.78917 2.57551 2.37439 2.18609 2.01054 1.84741 1.6962 1.55633 1.42712 1.30793 1.19809 1.09698 1.00398 0.918555 0.840164 0.768326 0.70259 0.642536 0.587778 0.537953 0.492727 0.451787 0.414841 0.381619 0.351866 0.325347 0.301842 0.281148 0.263077 0.247455 0.234124 0.22294 0.213774 0.206511 0.201051 0.197309 0.195212 0.194707 0.195751 0.198318 0.202399 0.207997 0.215132 0.223841 0.234175 0.2462 0.259999 0.275671 0.293328 0.3131 0.335131 0.359579 0.38662 0.416441 0.449245 0.485248 0.524681 0.567789 0.614828 0.66607 0.721801 0.78232 0.847941 0.918997 0.995835 1.07882 1.16835 1.26483 1.36869 1.48041 1.60048 1.72943 1.86781 2.01622 2.17524 2.34549 2.52756 2.72197 2.92916 3.14938 3.38262 3.62853 3.88628 4.15453 4.43132 4.71413 5 
4 3.75896 3.52059 3.28726 3.061 2.84348 2.6359 2.43908 2.25344 2.07912 1.91601 1.76383 1.62219 1.49061 1.3686 1.25564 1.15119 1.05475 0.965827 0.883959 0.808699 0.739629 0.676355 0.618506 0.565732 0.517705 0.474116 0.434676 0.39911 0.367163 0.338596 0.313183 0.290716 0.271001 0.253858 0.239124 0.226649 0.216298 0.207951 0.201504 0.196867 0.193966 0.192744 0.193156 0.195176 0.198792 0.204011 0.210854 0.219359 0.22958 0.241588 0.25547 0.27133 0.289289 0.309481 0.332058 0.357188 0.385054 0.415851 0.449793 0.487104 0.528023 0.572804 0.621711 0.675021 0.733026 0.796028 0.864342 0.938297 1.01824 1.10451 1.1975 1.29759 1.40518 1.52069 1.64457 1.77726 1.91923 2.07095 2.23289 2.4055 2.58916 2.78421 2.99084 3.20909 3.43874 3.67928 3.92983 4.18909 4.45534 4.72646 5 
4 3.76971 3.54164 3.31776 3.0998 2.88922 2.68715 2.4944 2.3115 2.13869 1.97602 1.8234 1.68058 1.54725 1.42303 1.30752 1.2003 1.10093 1.00901 0.924102 0.845824 0.773787 0.707623 0.646981 0.591526 0.540939 0.494918 0.453175 0.41544 0.381455 0.350977 0.323781 0.299652 0.278391 0.259817 0.243758 0.230061 0.218588 0.209212 0.201827 0.19634 0.192673 0.190765 0.190573 0.192069 0.195241 0.200096 0.206656 0.214961 0.225069 0.237055 0.25101 0.267043 0.285279 0.30586 0.328946 0.354711 0.383344 0.415051 0.450051 0.488577 0.530875 0.577204 0.627836 0.683053 0.743147 0.808422 0.879193 0.955781 1.03852 1.12776 1.22384 1.32712 1.43798 1.55679 1.68394 1.8198 1.96475 2.11917 2.2834 2.45774 2.64244 2.83767 3.04343 3.25962 3.48588 3.7216 3.9659 4.21756 4.47505 4.73654 5 
4 3.77865 3.5592 3.3433 3.13244 2.92792 2.73078 2.54181 2.36158 2.19041 2.02849 1.8758 1.73225 1.59764 1.47171 1.35415 1.24463 1.1428 1.04829 0.960751 0.879823 0.805157 0.736411 0.673257 0.615375 0.562459 0.514213 0.470357 0.430621 0.394749 0.362499 0.333641 0.30796 0.285253 0.265335 0.248031 0.233184 0.22065 0.210303 0.20203 0.195736 0.191341 0.188782 0.188015 0.18901 0.191757 0.196262 0.202549 0.21066 0.220656 0.232615 0.246632 0.26282 0.281311 0.302253 0.325809 0.352161 0.381506 0.414055 0.450034 0.489683 0.533254 0.58101 0.633228 0.690192 0.752197 0.819544 0.892545 0.971515 1.05678 1.14866 1.24748 1.35359 1.46732 1.58899 1.71893 1.85746 2.00489 2.16149 2.3275 2.50311 2.68845 2.88354 3.08828 3.30243 3.52556 3.75702 3.99593 4.24115 4.49132 4.74485 5 
4 3.78615 3.57394 3.3648 3.16003 2.96079 2.76803 2.58252 2.40483 2.23535 2.07432 1.92184 1.77789 1.64238 1.51514 1.39594 1.28453 1.18062 1.08391 0.994086 0.910841 0.833854 0.762812 0.697408 0.637339 0.582311 0.53204 0.48625 0.444676 0.407065 0.373175 0.342776 0.315651 0.291596 0.270422 0.251952 0.236025 0.222495 0.211231 0.20212 0.195063 0.189979 0.186804 0.18549 0.186009 0.18835 0.19252 0.198545 0.206468 0.216353 0.22828 0.242348 0.258676 0.277399 0.29867 0.322659 0.349553 0.379554 0.412879 0.44976 0.490442 0.535182 0.584248 0.637918 0.696477 0.760221 0.829449 0.904466 0.985579 1.0731 1.16734 1.2686 1.37719 1.49341 1.61755 1.74988 1.89067 2.04014 2.1985 2.36589 2.54242 2.7281 2.92286 3.12652 3.33874 3.55904 3.78675 4.02102 4.26079 4.50483 4.75173 5 
4 3.79246 3.58638 3.38299 3.18346 2.9888 2.79992 2.61753 2.44221 2.27439 2.11434 1.96224 1.81814 1.68202 1.55379 1.43328 1.32032 1.21467 1.11609 1.0243 0.939037 0.86001 0.786933 0.719521 0.657488 0.600554 0.548445 0.500893 0.457638 0.41843 0.383029 0.351205 0.322742 0.297434 0.27509 0.255531 0.238594 0.22413 0.212007 0.202108 0.194333 0.188598 0.184839 0.183008 0.183076 0.185031 0.188881 0.194654 0.202395 0.212169 0.22406 0.238171 0.254623 0.273555 0.295127 0.319512 0.346901 0.377504 0.411541 0.44925 0.490878 0.536688 0.586949 0.641942 0.701952 0.767273 0.8382 0.915032 0.998067 1.0876 1.18393 1.28734 1.39811 1.51651 1.64278 1.77715 1.91983 2.07099 2.23076 2.39923 2.5764 2.76223 2.95655 3.15912 3.36955 3.58732 3.81177 4.04205 4.2772 4.51609 4.75746 5 
4 3.79781 3.59692 3.39844 3.2034 3.01274 2.82727 2.64769 2.47456 2.30831 2.14928 1.99767 1.85359 1.71708 1.58811 1.46658 1.35235 1.24525 1.14508 1.0516 0.964584 0.883768 0.808894 0.739695 0.675905 0.617256 0.563485 0.514332 0.469544 0.428875 0.392087 0.358952 0.329253 0.302785 0.279354 0.258782 0.240903 0.225568 0.21264 0.202002 0.193552 0.187207 0.182898 0.180578 0.180218 0.181807 0.185354 0.190886 0.19845 0.208115 0.219966 0.234109 0.25067 0.269791 0.291635 0.31638 0.344222 0.375374 0.410061 0.448525 0.491017 0.537801 0.589149 0.645342 0.706666 0.77341 0.845867 0.924328 1.00908 1.10041 1.1986 1.3039 1.41657 1.53685 1.66495 1.80106 1.94533 2.09789 2.25881 2.4281 2.60572 2.79155 2.98538 3.18691 3.39571 3.61125 3.83285 4.05973 4.29096 4.52551 4.76225 5 
4 3.80235 3.60589 3.41161 3.22044 3.03324 2.85077 2.6737 2.50256 2.3378 2.17977 2.02871 1.88478 1.74805 1.61854 1.4962 1.38094 1.27264 1.17112 1.07619 0.987656 0.905277 0.828819 0.758037 0.692678 0.632491 0.577223 0.526622 0.480441 0.438439 0.400381 0.366042 0.335206 0.307667 0.283232 0.261721 0.242967 0.226819 0.213141 0.201813 0.192732 0.185813 0.180988 0.178209 0.177446 0.178688 0.181946 0.187248 0.194642 0.204199 0.216007 0.230174 0.246829 0.266118 0.288207 0.313278 0.341531 0.373182 0.40846 0.44761 0.490886 0.538553 0.590886 0.648165 0.710673 0.778699 0.852528 0.932445 1.01873 1.11165 1.21147 1.31843 1.43277 1.55468 1.68436 1.82195 1.96756 2.12127 2.28311 2.45304 2.63096 2.81671 3.01004 3.21059 3.41792 3.63149 3.85064 4.0746 4.30251 4.53341 4.76626 5 
4 3.80622 3.61354 3.42286 3.23503 3.05084 2.87101 2.69615 2.52682 2.36344 2.20638 2.0559 1.91218 1.77535 1.64546 1.52249 1.40641 1.2971 1.19445 1.09828 1.00843 0.924691 0.846841 0.774658 0.707905 0.646342 0.589728 0.53782 0.490377 0.447164 0.407948 0.372508 0.340628 0.312104 0.286743 0.264364 0.2448 0.227898 0.213522 0.201551 0.191881 0.184426 0.179117 0.175907 0.174764 0.17568 0.178664 0.183747 0.190978 0.200429 0.212191 0.226374 0.243109 0.262546 0.284854 0.310219 0.338843 0.370945 0.406759 0.446529 0.490514 0.53898 0.592201 0.650457 0.714031 0.783205 0.858261 0.939476 1.02712 1.12145 1.22271 1.33113 1.44691 1.57024 1.70127 1.84011 1.98685 2.14152 2.3041 2.47453 2.65265 2.83827 3.03109 3.23075 3.43678 3.64864 3.86567 4.08714 4.31223 4.54005 4.76963 5 
4 3.80953 3.62008 3.43249 3.24754 3.06597 2.88844 2.71556 2.54784 2.38573 2.22958 2.07968 1.93624 1.7994 1.66924 1.5458 1.42904 1.3189 1.21529 1.11807 1.02709 0.942161 0.863092 0.789673 0.721682 0.658893 0.601074 0.547989 0.499407 0.455095 0.414827 0.378382 0.345547 0.31612 0.289907 0.266728 0.246416 0.228818 0.213795 0.201227 0.191008 0.183053 0.177293 0.173679 0.172181 0.172789 0.175515 0.18039 0.187464 0.196811 0.208524 0.222715 0.239519 0.259086 0.281589 0.307216 0.336174 0.368683 0.404978 0.445308 0.489932 0.539116 0.593136 0.652269 0.716796 0.786997 0.863147 0.945515 1.03436 1.12993 1.23246 1.34215 1.4592 1.58375 1.71594 1.85585 2.00354 2.15901 2.32219 2.493 2.67124 2.8567 3.04905 3.2479 3.45279 3.66315 3.87837 4.09772 4.32042 4.54563 4.77247 5 
4 3.81236 3.62568 3.44075 3.25829 3.07899 2.90348 2.73234 2.56607 2.4051 2.24981 2.10048 1.95734 1.82055 1.69022 1.56641 1.44911 1.33829 1.23388 1.13576 1.0438 0.957838 0.877703 0.803196 0.73411 0.67023 0.611333 0.557194 0.507585 0.46228 0.421057 0.383699 0.349994 0.31974 0.292747 0.268834 0.247833 0.229591 0.213971 0.200849 0.190122 0.181703 0.175522 0.171531 0.169701 0.170021 0.172504 0.177181 0.184105 0.193351 0.205013 0.219206 0.236065 0.255746 0.278421 0.304283 0.333538 0.366411 0.403139 0.443972 0.489168 0.538997 0.593732 0.653649 0.719028 0.790142 0.867264 0.950655 1.04057 1.13723 1.24087 1.35167 1.46981 1.59542 1.72861 1.86944 2.01793 2.17405 2.33773 2.50883 2.68715 2.87243 3.06435 3.26248 3.46636 3.67544 3.8891 4.10664 4.32732 4.55034 4.77485 5 
4 3.81478 3.63049 3.44785 3.26753 3.0902 2.91646 2.74685 2.58187 2.42194 2.26744 2.11865 1.97582 1.83913 1.7087 1.58461 1.46688 1.3555 1.25041 1.15152 1.05872 0.97187 0.890803 0.815341 0.745288 0.680439 0.620582 0.565498 0.514967 0.468768 0.426682 0.388495 0.353998 0.322992 0.295286 0.270699 0.249066 0.230233 0.214061 0.20043 0.189232 0.180382 0.173811 0.16947 0.167329 0.167379 0.169634 0.174125 0.180906 0.190053 0.201663 0.215851 0.232756 0.252534 0.275361 0.301429 0.33095 0.364148 0.401262 0.442544 0.488253 0.538657 0.59403 0.654646 0.720782 0.792709 0.870692 0.954987 1.04583 1.14346 1.24807 1.35985 1.47894 1.60546 1.7395 1.88111 2.03027 2.18695 2.35103 2.52236 2.70073 2.88584 3.07735 3.27486 3.47787 3.68584 3.89816 4.11417 4.33314 4.5543 4.77686 5 
4 3.81687 3.63463 3.45395 3.27549 3.09987 2.92767 2.75941 2.59557 2.43658 2.28279 2.13452 1.992 1.85543 1.72495 1.60066 1.48258 1.37073 1.26508 1.16554 1.07202 0.984397 0.902519 0.826218 0.755313 0.689607 0.628896 0.572969 0.521611 0.474608 0.431743 0.392807 0.357592 0.325902 0.297545 0.272344 0.250133 0.230757 0.214079 0.199978 0.188346 0.179099 0.172166 0.167499 0.165069 0.164868 0.166908 0.171224 0.177869 0.186921 0.198477 0.212656 0.229597 0.249458 0.272416 0.298667 0.328422 0.361909 0.399367 0.441048 0.487213 0.53813 0.59407 0.655308 0.722116 0.794762 0.873506 0.958598 1.05027 1.14874 1.2542 1.36682 1.48673 1.61405 1.74883 1.8911 2.04083 2.19797 2.36239 2.53391 2.71229 2.89723 3.08839 3.28534 3.4876 3.69462 3.90581 4.12052 4.33804 4.55764 4.77855 5 
4 3.81866 3.63818 3.4592 3.28235 3.10821 2.93735 2.77028 2.60745 2.44929 2.29616 2.14836 2.00614 1.86972 1.73923 1.61478 1.49643 1.3842 1.27807 1.17798 1.08384 0.995553 0.912968 0.835935 0.76428 0.697816 0.636347 0.579669 0.527573 0.479849 0.436284 0.396672 0.360808 0.328497 0.29955 0.273789 0.251049 0.231178 0.214036 0.199503 0.187472 0.177858 0.170591 0.165624 0.162926 0.162491 0.164331 0.168481 0.174997 0.183957 0.195459 0.209624 0.226592 0.246523 0.269595 0.296006 0.325968 0.35971 0.397473 0.439508 0.486078 0.537449 0.593892 0.65568 0.723083 0.796364 0.875779 0.961571 1.05397 1.15317 1.25938 1.37273 1.49336 1.62136 1.75677 1.8996 2.04983 2.20736 2.37205 2.54372 2.7221 2.9069 3.09775 3.29422 3.49583 3.70204 3.91227 4.12587 4.34216 4.56045 4.77997 5 
4 3.8202 3.64123 3.46372 3.28826 3.11541 2.94572 2.77968 2.61775 2.46034 2.30779 2.16043 2.0185 1.88222 1.75174 1.62719 1.50863 1.39609 1.28956 1.189 1.09433 1.00547 0.922268 0.844594 0.77228 0.705148 0.643008 0.585663 0.532909 0.484539 0.440346 0.400126 0.363676 0.330804 0.301322 0.275053 0.251832 0.231508 0.213943 0.199014 0.186618 0.176667 0.169093 0.163847 0.160901 0.160248 0.161902 0.165898 0.172292 0.181163 0.192612 0.206759 0.223746 0.243734 0.266904 0.293454 0.323598 0.357564 0.395596 0.437944 0.484871 0.536644 0.593532 0.655806 0.723732 0.797573 0.877578 0.963985 1.05702 1.15687 1.26372 1.37771 1.49896 1.62754 1.7635 1.90682 2.05746 2.21532 2.38025 2.55203 2.73041 2.91508 3.10565 3.30171 3.50277 3.7083 3.9177 4.13037 4.34564 4.56281 4.78117 5 
4 3.82153 3.64387 3.46762 3.29335 3.12162 2.95295 2.78782 2.62668 2.46992 2.3179 2.17094 2.02928 1.89315 1.76271 1.63808 1.51935 1.40655 1.29969 1.19873 1.10362 1.01425 0.930524 0.852292 0.779401 0.711681 0.648949 0.591012 0.537671 0.488726 0.443971 0.403205 0.366229 0.33285 0.302884 0.276155 0.252498 0.231762 0.213811 0.198522 0.18579 0.175531 0.167674 0.162172 0.158998 0.158144 0.159624 0.163475 0.169754 0.178541 0.189936 0.204062 0.221061 0.241097 0.26435 0.29102 0.321322 0.355485 0.393752 0.436377 0.483619 0.535745 0.593024 0.655726 0.724113 0.798445 0.878967 0.965913 1.0595 1.15991 1.26732 1.38187 1.50366 1.63275 1.76917 1.91292 2.06391 2.22205 2.38717 2.55905 2.73743 2.92198 3.11232 3.30803 3.50862 3.71356 3.92227 4.13416 4.34855 4.56479 4.78218 5 
4 3.82267 3.64613 3.47097 3.29774 3.12698 2.9592 2.79486 2.63441 2.47823 2.32669 2.18008 2.03868 1.90269 1.7723 1.64763 1.52876 1.41576 1.30862 1.20732 1.11182 1.02203 0.937839 0.859121 0.785725 0.717489 0.654234 0.595773 0.541913 0.492455 0.447198 0.405944 0.368495 0.334662 0.304259 0.277114 0.253062 0.231954 0.213651 0.198033 0.184997 0.174455 0.166339 0.160603 0.157218 0.156178 0.157498 0.161214 0.167384 0.17609 0.187433 0.201535 0.218541 0.238615 0.261938 0.288711 0.319149 0.353484 0.391958 0.434823 0.482342 0.534779 0.592402 0.655478 0.724269 0.799031 0.880006 0.967423 1.06149 1.1624 1.2703 1.38532 1.50758 1.63711 1.77393 1.91804 2.06933 2.22771 2.393 2.56496 2.74333 2.92778 3.11793 3.31334 3.51353 3.71798 3.92611 4.13733 4.351 4.56646 4.78302 5 
4 3.82365 3.64808 3.47386 3.30153 3.13161 2.96459 2.80094 2.6411 2.48544 2.33432 2.18804 2.04686 1.91102 1.78068 1.65598 1.53701 1.42384 1.31647 1.21489 1.11906 1.0289 0.944308 0.865167 0.791331 0.722642 0.658927 0.600004 0.545684 0.49577 0.450067 0.408376 0.370505 0.336263 0.305469 0.277949 0.253541 0.232095 0.213474 0.197558 0.184244 0.173444 0.165093 0.159142 0.155563 0.154352 0.155523 0.159114 0.165183 0.173812 0.185102 0.19918 0.216187 0.23629 0.259672 0.286533 0.317089 0.351572 0.390226 0.433302 0.481062 0.53377 0.591693 0.655097 0.724242 0.79938 0.88075 0.968577 1.06307 1.1644 1.27272 1.38817 1.51082 1.64073 1.77791 1.92231 2.07387 2.23246 2.39788 2.56992 2.74829 2.93265 3.12263 3.31779 3.51764 3.72168 3.92933 4.13999 4.35305 4.56785 4.78373 5 
4 3.82449 3.64976 3.47635 3.30479 3.13559 2.96925 2.8062 2.64689 2.49168 2.34093 2.19495 2.05399 1.91828 1.78799 1.66328 1.54424 1.43092 1.32336 1.22154 1.12543 1.03495 0.950019 0.870511 0.796291 0.727206 0.663087 0.603758 0.549031 0.498714 0.452614 0.410535 0.372287 0.33768 0.306534 0.278678 0.253949 0.232198 0.21329 0.197104 0.183538 0.172505 0.163938 0.15779 0.154035 0.152667 0.153701 0.157175 0.163149 0.171705 0.182946 0.196996 0.214001 0.234127 0.257556 0.284491 0.315148 0.349759 0.388568 0.431827 0.479797 0.532742 0.590927 0.654617 0.724069 0.799534 0.881248 0.969432 1.06429 1.16599 1.27468 1.39049 1.51348 1.64372 1.7812 1.92587 2.07766 2.23642 2.40196 2.57406 2.75243 2.93673 3.12656 3.32151 3.52109 3.72477 3.93201 4.14222 4.35476 4.56902 4.78432 5 
4 3.82522 3.6512 3.47849 3.3076 3.13903 2.97327 2.81075 2.65189 2.49709 2.34667 2.20094 2.06018 1.92459 1.79437 1.66965 1.55055 1.43712 1.3294 1.22738 1.13103 1.04028 0.955053 0.875227 0.800674 0.731243 0.666771 0.607085 0.551999 0.501327 0.454875 0.412452 0.373867 0.338935 0.307475 0.279317 0.2543 0.232276 0.213109 0.19668 0.182885 0.171641 0.162878 0.156552 0.152636 0.151123 0.152031 0.155398 0.161284 0.169771 0.180963 0.194985 0.211984 0.232125 0.255593 0.28259 0.313333 0.348054 0.386996 0.430414 0.478565 0.531715 0.590127 0.654065 0.723785 0.799534 0.881546 0.970039 1.06521 1.16723 1.27624 1.39236 1.51566 1.64618 1.78391 1.92881 2.08079 2.2397 2.40536 2.57751 2.75588 2.94012 3.12984 3.32461 3.52396 3.72735 3.93425 4.14407 4.35619 4.56999 4.78481 5 
4 3.82584 3.65245 3.48034 3.31002 3.142 2.97673 2.81467 2.65622 2.50176 2.35164 2.20614 2.06555 1.93008 1.79992 1.67521 1.55606 1.44254 1.33469 1.2325 1.13595 1.04497 0.959485 0.879386 0.804543 0.734811 0.670031 0.610032 0.554632 0.503645 0.456883 0.414155 0.375273 0.340051 0.308311 0.279885 0.25461 0.23234 0.212941 0.196293 0.182293 0.170857 0.161918 0.155429 0.151366 0.149722 0.150514 0.153782 0.159586 0.168008 0.179153 0.193147 0.210137 0.230288 0.253786 0.280834 0.311649 0.346464 0.385521 0.429074 0.477382 0.530709 0.589317 0.65347 0.723421 0.799415 0.881686 0.970446 1.06589 1.16819 1.27747 1.39386 1.51742 1.64818 1.78613 1.93123 2.08338 2.24242 2.40817 2.58037 2.75874 2.94294 3.13256 3.32719 3.52634 3.7295 3.93612 4.14561 4.35738 4.57079 4.78522 5 
4 3.82638 3.65352 3.48192 3.31211 3.14455 2.97972 2.81806 2.65996 2.50581 2.35594 2.21065 2.07021 1.93485 1.80475 1.68005 1.56087 1.44728 1.33932 1.23699 1.14026 1.04909 0.963385 0.88305 0.807957 0.737965 0.672916 0.612643 0.556968 0.505706 0.458671 0.415674 0.376528 0.34105 0.309062 0.280396 0.254892 0.232403 0.212796 0.195951 0.181767 0.170158 0.16106 0.154425 0.150228 0.148464 0.149151 0.152328 0.158055 0.166416 0.177517 0.191482 0.20846 0.228617 0.252139 0.279228 0.310103 0.344996 0.38415 0.427819 0.476262 0.52974 0.588518 0.652855 0.723004 0.799211 0.881703 0.970693 1.06637 1.16891 1.27843 1.39505 1.51882 1.64979 1.78794 1.93321 2.0855 2.24466 2.41048 2.58273 2.76111 2.94527 3.13482 3.32932 3.52832 3.73128 3.93766 4.14689 4.35836 4.57146 4.78556 5 
4 3.82684 3.65443 3.48329 3.3139 3.14675 2.9823 2.82097 2.66318 2.5093 2.35966 2.21455 2.07426 1.93899 1.80894 1.68426 1.56506 1.45141 1.34336 1.24091 1.14404 1.0527 0.966816 0.886279 0.81097 0.740753 0.675472 0.614961 0.559045 0.507543 0.460269 0.417036 0.377658 0.341953 0.309746 0.280868 0.25516 0.232476 0.212684 0.195663 0.181314 0.169551 0.160309 0.153541 0.149224 0.147352 0.147943 0.151036 0.156693 0.164997 0.176054 0.189991 0.206955 0.227114 0.250652 0.277775 0.308699 0.343657 0.382894 0.426661 0.475217 0.528825 0.587747 0.652241 0.722562 0.798949 0.881632 0.970819 1.0667 1.16944 1.27916 1.39598 1.51995 1.65109 1.78941 1.93482 2.08723 2.24649 2.41238 2.58467 2.76306 2.94719 3.13667 3.33109 3.52995 3.73275 3.93894 4.14795 4.35918 4.57202 4.78584 5 
4 3.82724 3.65522 3.48446 3.31544 3.14864 2.98451 2.82349 2.66597 2.51232 2.36287 2.21793 2.07776 1.94258 1.81259 1.68793 1.56871 1.45502 1.3469 1.24435 1.14736 1.05588 0.969836 0.889126 0.813633 0.743222 0.67774 0.617024 0.5609 0.509188 0.461705 0.418266 0.378685 0.342781 0.310381 0.281315 0.255428 0.232571 0.212614 0.195438 0.180941 0.16904 0.159669 0.152783 0.148357 0.146387 0.14689 0.149907 0.155499 0.16375 0.174766 0.188675 0.205624 0.22578 0.249331 0.276478 0.307442 0.342455 0.381759 0.425608 0.474261 0.527978 0.587022 0.65165 0.722115 0.798657 0.881501 0.970857 1.06691 1.16982 1.27972 1.3967 1.52083 1.65213 1.79058 1.93612 2.08864 2.24798 2.41394 2.58626 2.76465 2.94876 3.1382 3.33254 3.53129 3.73395 3.93999 4.14882 4.35985 4.57248 4.78607 5 
4 3.82758 3.6559 3.48547 3.31677 3.15027 2.98642 2.82566 2.66837 2.51492 2.36565 2.22085 2.08079 1.9457 1.81576 1.69112 1.5719 1.45817 1.34999 1.24736 1.15027 1.05868 0.972497 0.891641 0.815992 0.745415 0.679761 0.618868 0.562564 0.510672 0.463008 0.419389 0.37963 0.343554 0.310984 0.281754 0.255708 0.2327 0.212597 0.195283 0.180655 0.168631 0.159146 0.152154 0.14763 0.145572 0.145996 0.148943 0.154475 0.162677 0.173655 0.187535 0.204468 0.224619 0.248176 0.275343 0.306338 0.341393 0.380754 0.424671 0.473403 0.527212 0.586358 0.651099 0.721686 0.798358 0.881339 0.970836 1.06703 1.17009 1.28013 1.39726 1.52153 1.65296 1.79153 1.93717 2.08978 2.24919 2.4152 2.58756 2.76596 2.95005 3.13945 3.33372 3.53239 3.73495 3.94085 4.14953 4.3604 4.57285 4.78626 5 
4 3.82787 3.65648 3.48633 3.3179 3.15167 2.98806 2.82752 2.67043 2.51716 2.36805 2.22338 2.08342 1.9484 1.81851 1.69389 1.57467 1.46092 1.3527 1.25001 1.15283 1.06114 0.974849 0.89387 0.818088 0.747371 0.681571 0.620527 0.56407 0.512022 0.464202 0.420428 0.380517 0.34429 0.311573 0.2822 0.256016 0.232875 0.212644 0.195208 0.180466 0.168333 0.158746 0.151659 0.147049 0.14491 0.145263 0.148147 0.153625 0.161781 0.172722 0.186575 0.20349 0.223633 0.247193 0.274372 0.305391 0.34048 0.379885 0.423857 0.472655 0.526539 0.58577 0.650605 0.721293 0.798073 0.881168 0.970784 1.0671 1.17028 1.28045 1.39769 1.52208 1.65362 1.79229 1.93802 2.0907 2.25018 2.41623 2.58861 2.76702 2.9511 3.14047 3.33469 3.53329 3.73576 3.94155 4.15012 4.36085 4.57316 4.78641 5 
4 3.82812 3.65698 3.48708 3.31888 3.15287 2.98947 2.82913 2.67221 2.5191 2.37012 2.22556 2.0857 1.95075 1.8209 1.69631 1.57709 1.46333 1.35507 1.25233 1.15509 1.06332 0.976934 0.895854 0.819962 0.749128 0.683205 0.622034 0.565446 0.513266 0.465314 0.421407 0.381365 0.345008 0.312165 0.282669 0.256364 0.233107 0.212766 0.195224 0.180381 0.168153 0.158476 0.151305 0.146617 0.144408 0.144697 0.147523 0.152951 0.161065 0.171971 0.185797 0.202693 0.222827 0.246385 0.273572 0.304606 0.339722 0.379161 0.423176 0.472026 0.525971 0.58527 0.650181 0.720952 0.797821 0.88101 0.970724 1.06714 1.17042 1.28069 1.39803 1.52251 1.65414 1.79289 1.9387 2.09145 2.25097 2.41706 2.58947 2.76788 2.95196 3.1413 3.33548 3.53402 3.73642 3.94213 4.15059 4.36122 4.57341 4.78654 5 
4 3.82834 3.65741 3.48771 3.31972 3.1539 2.99069 2.83051 2.67375 2.52077 2.37191 2.22745 2.08767 1.95278 1.82298 1.69841 1.5792 1.46543 1.35715 1.25437 1.15709 1.06525 0.978794 0.897632 0.82165 0.750719 0.684694 0.623417 0.566721 0.51443 0.466366 0.422348 0.382194 0.345728 0.312776 0.283175 0.256768 0.233412 0.212975 0.195341 0.18041 0.168099 0.158343 0.1511 0.146343 0.144071 0.144302 0.147077 0.152459 0.160533 0.171406 0.185206 0.202083 0.222204 0.245757 0.272947 0.303991 0.339124 0.378589 0.422637 0.471527 0.525519 0.584872 0.649843 0.72068 0.79762 0.880885 0.970677 1.06718 1.17054 1.28089 1.39831 1.52287 1.65457 1.79339 1.93925 2.09205 2.25162 2.41774 2.59016 2.76858 2.95265 3.14198 3.33612 3.53461 3.73695 3.94259 4.15098 4.36152 4.57361 4.78665 5 
4 3.82852 3.65778 3.48826 3.32044 3.15478 2.99173 2.83169 2.67507 2.52221 2.37345 2.22909 2.08938 1.95455 1.82479 1.70025 1.58106 1.46729 1.35899 1.25618 1.15886 1.06698 0.980464 0.899237 0.823184 0.752175 0.686068 0.624705 0.56792 0.515539 0.467383 0.423272 0.383026 0.346467 0.313426 0.283735 0.257242 0.233801 0.213283 0.19557 0.180564 0.168181 0.158358 0.15105 0.146234 0.143906 0.144086 0.146814 0.152155 0.160192 0.171034 0.184808 0.201665 0.221772 0.245317 0.272504 0.303553 0.338696 0.378177 0.422248 0.471166 0.525193 0.584587 0.649604 0.720491 0.797486 0.880808 0.970661 1.06722 1.17065 1.28106 1.39855 1.52316 1.65492 1.79379 1.93971 2.09254 2.25214 2.41829 2.59073 2.76915 2.95321 3.14252 3.33664 3.53509 3.73738 3.94297 4.15129 4.36176 4.57377 4.78673 5 
4 3.82868 3.65809 3.48872 3.32105 3.15554 2.99262 2.83271 2.6762 2.52345 2.37479 2.2305 2.09086 1.95609 1.82637 1.70186 1.58269 1.46892 1.36062 1.2578 1.16045 1.06853 0.981979 0.900703 0.824595 0.753527 0.687355 0.625925 0.569069 0.516615 0.468385 0.4242 0.383879 0.347246 0.31413 0.284367 0.257802 0.234291 0.213704 0.195926 0.180856 0.168412 0.158531 0.151168 0.146299 0.143922 0.144057 0.146744 0.152046 0.16005 0.170862 0.184611 0.201446 0.221537 0.24507 0.272251 0.303298 0.338444 0.377934 0.422018 0.470955 0.525005 0.584426 0.649475 0.720398 0.797432 0.880797 0.970694 1.0673 1.17078 1.28124 1.39877 1.52343 1.65523 1.79414 1.94009 2.09295 2.25257 2.41874 2.59118 2.76961 2.95366 3.14296 3.33705 3.53548 3.73773 3.94327 4.15154 4.36195 4.57391 4.78679 5 
4 3.82881 3.65836 3.48912 3.32158 3.15619 2.99339 2.83359 2.67718 2.52452 2.37594 2.23173 2.09215 1.95743 1.82776 1.70328 1.58413 1.47037 1.36207 1.25925 1.16189 1.06995 0.983367 0.902058 0.825911 0.7548 0.688582 0.627101 0.570192 0.517683 0.469397 0.425153 0.384774 0.348082 0.314908 0.285086 0.258463 0.234896 0.214254 0.196421 0.181299 0.168804 0.158874 0.151464 0.14655 0.144131 0.144226 0.146875 0.152143 0.160115 0.170899 0.184622 0.201436 0.221508 0.245027 0.272196 0.303236 0.338379 0.377869 0.421958 0.470903 0.524965 0.584402 0.64947 0.720415 0.797473 0.880865 0.970791 1.06743 1.17093 1.28142 1.39899 1.52368 1.65551 1.79444 1.94041 2.0933 2.25293 2.4191 2.59156 2.76998 2.95403 3.14331 3.33738 3.53578 3.738 3.94351 4.15173 4.3621 4.57401 4.78685 5 
4 3.82892 3.65858 3.48946 3.32203 3.15674 2.99404 2.83434 2.67802 2.52544 2.37694 2.23279 2.09327 1.9586 1.82897 1.70453 1.5854 1.47167 1.36338 1.26056 1.1632 1.07125 0.984657 0.90333 0.82716 0.756021 0.689772 0.628258 0.571313 0.518765 0.470438 0.426153 0.385731 0.348996 0.315777 0.285911 0.259244 0.235633 0.214948 0.197072 0.181907 0.169371 0.159401 0.151951 0.147 0.144545 0.144604 0.147221 0.152457 0.1604 0.171155 0.184854 0.201644 0.221696 0.245197 0.27235 0.303377 0.338511 0.377993 0.422078 0.471021 0.525084 0.584525 0.649599 0.720552 0.797621 0.881025 0.970966 1.06762 1.17114 1.28165 1.39923 1.52393 1.65577 1.79472 1.9407 2.0936 2.25324 2.41941 2.59186 2.77028 2.95432 3.14358 3.33764 3.53602 3.73821 3.94369 4.15188 4.36222 4.57409 4.78689 5 
4 3.82902 3.65877 3.48974 3.3224 3.15721 2.9946 2.83498 2.67874 2.52623 2.37779 2.23371 2.09425 1.95963 1.83004 1.70564 1.58655 1.47284 1.36457 1.26177 1.16441 1.07247 0.985875 0.904543 0.828365 0.757215 0.690951 0.629418 0.572453 0.519883 0.471532 0.42722 0.38677 0.350006 0.316758 0.286862 0.260164 0.236521 0.215803 0.197896 0.182699 0.170131 0.160128 0.152647 0.147664 0.145178 0.145207 0.147794 0.153002 0.160916 0.171646 0.185318 0.202084 0.222113 0.245592 0.272726 0.303734 0.33885 0.378318 0.422389 0.471321 0.525374 0.584807 0.649874 0.720823 0.797888 0.88129 0.97123 1.06788 1.1714 1.28191 1.39949 1.5242 1.65604 1.79499 1.94097 2.09386 2.2535 2.41967 2.59211 2.77052 2.95455 3.1438 3.33784 3.5362 3.73837 3.94383 4.152 4.3623 4.57415 4.78692 5 
4 3.8291 3.65893 3.48998 3.32272 3.1576 2.99507 2.83552 2.67935 2.52691 2.37853 2.23451 2.0951 1.96054 1.83099 1.70663 1.58757 1.4739 1.36566 1.26288 1.16555 1.07362 0.987042 0.90572 0.829548 0.758402 0.692139 0.630604 0.573635 0.521058 0.472698 0.428376 0.387913 0.351135 0.317871 0.287957 0.261241 0.237578 0.21684 0.19891 0.183691 0.171099 0.161073 0.153567 0.148559 0.146047 0.146051 0.148611 0.153793 0.161681 0.172384 0.18603 0.20277 0.222773 0.246226 0.273335 0.304319 0.339411 0.378856 0.422904 0.471815 0.525846 0.585259 0.650307 0.721238 0.798286 0.881671 0.971595 1.06823 1.17174 1.28223 1.3998 1.5245 1.65633 1.79526 1.94123 2.09411 2.25373 2.41989 2.59232 2.77071 2.95472 3.14396 3.33799 3.53633 3.73849 3.94392 4.15207 4.36236 4.57419 4.78694 5 
4 3.82917 3.65907 3.49018 3.32299 3.15793 2.99546 2.83597 2.67986 2.52748 2.37917 2.2352 2.09585 1.96133 1.83184 1.70752 1.58851 1.47487 1.36667 1.26393 1.16663 1.07473 0.988179 0.906881 0.830732 0.759605 0.693358 0.631838 0.57488 0.522312 0.473959 0.429641 0.389181 0.352403 0.319136 0.289219 0.262496 0.238826 0.218078 0.200137 0.184905 0.172298 0.162255 0.154732 0.149705 0.147172 0.147154 0.149691 0.154848 0.162711 0.173388 0.187007 0.203718 0.223692 0.247116 0.274194 0.305147 0.340208 0.37962 0.423637 0.472515 0.526514 0.585895 0.65091 0.721808 0.798825 0.882178 0.972071 1.06868 1.17216 1.28262 1.40016 1.52482 1.65663 1.79554 1.94148 2.09434 2.25394 2.42007 2.59248 2.77086 2.95485 3.14407 3.33808 3.53641 3.73856 3.94398 4.15212 4.36239 4.57421 4.78695 5 
4 3.82922 3.65917 3.49034 3.3232 3.1582 2.99578 2.83635 2.68029 2.52797 2.3797 2.23579 2.09649 1.96203 1.83259 1.70832 1.58936 1.47577 1.36762 1.26492 1.16767 1.07582 0.989305 0.908047 0.831935 0.760843 0.694629 0.633139 0.576209 0.523666 0.475336 0.431038 0.390595 0.353832 0.320577 0.290669 0.263953 0.240287 0.21954 0.201598 0.186362 0.173749 0.163698 0.156163 0.151123 0.148574 0.148537 0.151054 0.156189 0.164027 0.174676 0.188266 0.204947 0.224888 0.248277 0.275319 0.306234 0.341256 0.380627 0.424601 0.473436 0.527391 0.586725 0.651695 0.722546 0.799515 0.882821 0.972666 1.06923 1.17266 1.28308 1.40057 1.52519 1.65696 1.79583 1.94173 2.09455 2.25412 2.42023 2.59261 2.77096 2.95493 3.14414 3.33813 3.53645 3.73858 3.944 4.15213 4.3624 4.57421 4.78695 5 
4 3.82926 3.65925 3.49046 3.32336 3.15841 2.99603 2.83664 2.68064 2.52836 2.38015 2.23629 2.09704 1.96263 1.83325 1.70905 1.59014 1.47661 1.36852 1.26588 1.16869 1.07689 0.990436 0.909234 0.833176 0.762135 0.695971 0.634528 0.577643 0.525142 0.476851 0.432589 0.392179 0.355445 0.322217 0.292332 0.265635 0.241985 0.221251 0.203318 0.188087 0.175477 0.165424 0.157885 0.152836 0.150276 0.150225 0.152723 0.157837 0.16565 0.176272 0.189831 0.206478 0.226382 0.249731 0.27673 0.307599 0.342572 0.381893 0.425813 0.474592 0.528489 0.587764 0.652673 0.723461 0.800367 0.883609 0.97339 1.06989 1.17325 1.28361 1.40104 1.52561 1.65731 1.79613 1.94198 2.09476 2.25428 2.42035 2.5927 2.77102 2.95497 3.14415 3.33813 3.53643 3.73856 3.94397 4.15211 4.36238 4.5742 4.78694 5 
4 3.82929 3.65931 3.49055 3.32348 3.15855 2.99621 2.83687 2.6809 2.52867 2.38051 2.2367 2.09751 1.96316 1.83384 1.7097 1.59086 1.4774 1.36938 1.26681 1.16969 1.07797 0.991587 0.910457 0.83447 0.763499 0.697403 0.636025 0.579202 0.526761 0.478526 0.434317 0.393956 0.357267 0.32408 0.294232 0.267568 0.243946 0.223236 0.205322 0.190107 0.177507 0.16746 0.159923 0.154871 0.152304 0.152241 0.154724 0.159817 0.167606 0.178198 0.191724 0.208333 0.228195 0.251498 0.278446 0.309261 0.344176 0.383434 0.42729 0.475999 0.529824 0.589025 0.653856 0.724565 0.801389 0.884549 0.974247 1.07066 1.17395 1.28422 1.40157 1.52606 1.65769 1.79644 1.94223 2.09494 2.25441 2.42043 2.59274 2.77102 2.95494 3.1441 3.33807 3.53636 3.73849 3.9439 4.15205 4.36233 4.57416 4.78692 5 
4 3.8293 3.65934 3.49059 3.32354 3.15864 2.99633 2.83701 2.68108 2.5289 2.38078 2.23702 2.09789 1.9636 1.83435 1.71028 1.59152 1.47815 1.37021 1.26773 1.17069 1.07906 0.99277 0.911731 0.835834 0.764951 0.698941 0.637648 0.580907 0.528544 0.480383 0.436244 0.395949 0.359322 0.326192 0.296395 0.269778 0.246197 0.225523 0.20764 0.192449 0.179869 0.169836 0.162307 0.157258 0.154688 0.154616 0.157085 0.162158 0.169921 0.180482 0.193971 0.210538 0.230352 0.253601 0.280491 0.311242 0.346088 0.385272 0.429048 0.477674 0.531411 0.59052 0.655256 0.725867 0.802591 0.885649 0.975244 1.07156 1.17474 1.28491 1.40217 1.52656 1.6581 1.79676 1.94246 2.0951 2.25451 2.42047 2.59272 2.77097 2.95485 3.14399 3.33794 3.53623 3.73836 3.94378 4.15194 4.36225 4.5741 4.78689 5 
4 3.8293 3.65934 3.4906 3.32356 3.15867 2.99637 2.83708 2.68118 2.52903 2.38096 2.23725 2.09818 1.96396 1.83478 1.7108 1.59213 1.47885 1.37101 1.26863 1.1717 1.08018 0.993995 0.913066 0.837279 0.766506 0.700604 0.639415 0.582776 0.530511 0.482444 0.438395 0.398185 0.361636 0.328579 0.29885 0.272293 0.248767 0.228141 0.2103 0.195145 0.182593 0.172581 0.165067 0.160026 0.157457 0.157379 0.159835 0.164888 0.172625 0.183153 0.196601 0.21312 0.232879 0.256067 0.282889 0.313565 0.348329 0.387425 0.431107 0.479633 0.533265 0.592263 0.656885 0.727378 0.80398 0.886915 0.976384 1.07257 1.17563 1.28568 1.40281 1.52708 1.65851 1.79707 1.94268 2.09523 2.25455 2.42044 2.59264 2.77083 2.95468 3.1438 3.33773 3.53602 3.73815 3.9436 4.15178 4.36212 4.57401 4.78685 5 
4 3.82929 3.65931 3.49056 3.32351 3.15862 2.99633 2.83705 2.68118 2.52906 2.38103 2.23738 2.09837 1.96423 1.83513 1.71124 1.59267 1.4795 1.37178 1.26952 1.17271 1.08132 0.99527 0.914473 0.838819 0.768177 0.702405 0.641345 0.584829 0.532685 0.484733 0.440793 0.400687 0.364236 0.33127 0.301624 0.275145 0.251688 0.231123 0.213336 0.198226 0.185712 0.17573 0.168237 0.163209 0.160645 0.160564 0.163008 0.168042 0.175749 0.18624 0.199643 0.216108 0.235805 0.258923 0.285665 0.316254 0.350922 0.389915 0.433486 0.481894 0.535402 0.594269 0.658754 0.729105 0.805563 0.888349 0.977669 1.0737 1.17661 1.28651 1.4035 1.52764 1.65893 1.79736 1.94285 2.0953 2.25453 2.42033 2.59246 2.7706 2.95441 3.1435 3.33742 3.53572 3.73787 3.94333 4.15156 4.36194 4.57389 4.78679 5 
4 3.82925 3.65925 3.49047 3.3234 3.1585 2.9962 2.83693 2.68107 2.52898 2.38099 2.2374 2.09846 1.96439 1.83539 1.7116 1.59315 1.4801 1.37251 1.27039 1.17374 1.08249 0.996598 0.915958 0.840461 0.769977 0.70436 0.643452 0.587085 0.535084 0.487271 0.443463 0.403482 0.367149 0.334293 0.304749 0.278363 0.25499 0.234501 0.21678 0.201727 0.18926 0.179317 0.171852 0.166843 0.164288 0.164206 0.166639 0.171652 0.179329 0.189779 0.203131 0.219535 0.23916 0.262196 0.288847 0.319335 0.353892 0.392764 0.436206 0.484476 0.537836 0.59655 0.660873 0.731059 0.807345 0.889956 0.979098 1.07495 1.17768 1.28741 1.40423 1.5282 1.65933 1.79761 1.94297 2.09529 2.25441 2.42012 2.59217 2.77025 2.95402 3.14308 3.337 3.5353 3.73747 3.94298 4.15126 4.36171 4.57373 4.7867 5 
4 3.8292 3.65914 3.49032 3.32321 3.15828 2.99596 2.83668 2.68083 2.52877 2.38082 2.23728 2.09841 1.96443 1.83554 1.71187 1.59354 1.48064 1.3732 1.27125 1.17476 1.0837 0.997983 0.917527 0.842215 0.771915 0.70648 0.645752 0.58956 0.53773 0.49008 0.446429 0.406596 0.370403 0.337678 0.308255 0.28198 0.258709 0.23831 0.220669 0.205685 0.193276 0.183379 0.17595 0.170965 0.168423 0.168342 0.170765 0.175755 0.183399 0.193803 0.207097 0.223432 0.242976 0.265919 0.292464 0.322835 0.357263 0.395996 0.439287 0.487395 0.540585 0.599118 0.663254 0.733244 0.809329 0.891735 0.980669 1.07632 1.17884 1.28836 1.40497 1.52875 1.6597 1.79781 1.943 2.09518 2.25417 2.41977 2.59173 2.76974 2.95347 3.1425 3.33642 3.53473 3.73695 3.94251 4.15086 4.3614 4.57352 4.78659 5 
4 3.82912 3.65899 3.4901 3.32293 3.15795 2.9956 2.8363 2.68045 2.5284 2.38049 2.237 2.09821 1.96433 1.83555 1.71201 1.59383 1.4811 1.37384 1.27207 1.17579 1.08493 0.999422 0.91918 0.844084 0.773999 0.708778 0.648259 0.592273 0.540641 0.493182 0.449715 0.410056 0.374027 0.341455 0.312175 0.28603 0.262878 0.242586 0.225039 0.210137 0.197797 0.187956 0.18057 0.175615 0.173089 0.173012 0.175425 0.180391 0.187997 0.19835 0.211579 0.227835 0.247286 0.270121 0.296546 0.326782 0.361062 0.399633 0.442749 0.490671 0.543663 0.601987 0.665904 0.735667 0.811518 0.893684 0.982375 1.07778 1.18005 1.28934 1.40572 1.52927 1.66 1.79791 1.94292 2.09492 2.25377 2.41924 2.5911 2.76904 2.95272 3.14173 3.33565 3.534 3.73627 3.94191 4.15035 4.361 4.57324 4.78645 5 
4 3.82902 3.65879 3.4898 3.32254 3.15749 2.99508 2.83575 2.67988 2.52784 2.37996 2.23654 2.09783 1.96405 1.8354 1.71201 1.59401 1.48145 1.3744 1.27285 1.17679 1.08617 1.00091 0.920917 0.84607 0.776235 0.711261 0.650986 0.595237 0.543836 0.496599 0.453344 0.413887 0.378048 0.345655 0.31654 0.290548 0.267534 0.247366 0.229929 0.215123 0.202864 0.193088 0.185753 0.180834 0.178329 0.178257 0.180659 0.185599 0.193163 0.203458 0.216614 0.232779 0.252125 0.274838 0.301124 0.331205 0.365315 0.4037 0.446615 0.494321 0.547084 0.605166 0.668831 0.738331 0.81391 0.895799 0.984209 1.07933 1.18132 1.29032 1.40643 1.52972 1.66021 1.79788 1.94267 2.09448 2.25316 2.4185 2.59025 2.7681 2.95173 3.14072 3.33466 3.53305 3.73539 3.94113 4.1497 4.36049 4.5729 4.78628 5 
4 3.82888 3.65851 3.48939 3.32202 3.15687 2.99439 2.835 2.67911 2.52707 2.37921 2.23585 2.09722 1.96356 1.83505 1.71184 1.59402 1.48168 1.37486 1.27357 1.17777 1.08742 1.00244 0.922732 0.848173 0.778626 0.713937 0.653942 0.598467 0.547332 0.500351 0.457341 0.418116 0.382497 0.350309 0.321385 0.295568 0.272713 0.252689 0.235379 0.220683 0.208517 0.198819 0.191542 0.186665 0.184184 0.184119 0.18651 0.191422 0.198939 0.209169 0.22224 0.238304 0.257528 0.280101 0.306229 0.336133 0.370048 0.408219 0.450904 0.498363 0.550862 0.608667 0.672039 0.741236 0.816503 0.898072 0.986156 1.08095 1.18262 1.29129 1.40709 1.53007 1.66027 1.79767 1.94222 2.09381 2.2523 2.41747 2.5891 2.76687 2.95044 3.13942 3.33338 3.53184 3.73428 3.94015 4.14888 4.35985 4.57246 4.78605 5 
4 3.8287 3.65815 3.48887 3.32135 3.15607 2.99348 2.83401 2.67807 2.52602 2.37819 2.23488 2.09635 1.96282 1.83446 1.71144 1.59384 1.48175 1.3752 1.27418 1.17869 1.08865 1.004 0.924616 0.850387 0.781171 0.716809 0.657137 0.601976 0.551145 0.504458 0.461728 0.42277 0.387402 0.355448 0.326742 0.301126 0.278454 0.258594 0.241429 0.226859 0.214801 0.20519 0.197982 0.193153 0.1907 0.190643 0.193023 0.197902 0.205366 0.215522 0.228498 0.244445 0.263532 0.285946 0.311894 0.341596 0.375288 0.413216 0.455636 0.502812 0.555009 0.612495 0.675533 0.744382 0.819289 0.90049 0.9882 1.08262 1.18391 1.29221 1.40765 1.53028 1.66015 1.79724 1.9415 2.09284 2.25111 2.41611 2.58759 2.76527 2.94879 3.13777 3.33177 3.53031 3.73288 3.93892 4.14785 4.35905 4.57191 4.78578 5 
4 3.82847 3.6577 3.4882 3.32049 3.15503 2.99231 2.83274 2.67673 2.52465 2.37683 2.23358 2.09515 1.96176 1.83358 1.71077 1.59342 1.48161 1.37536 1.27468 1.17952 1.08985 1.00556 0.926554 0.852705 0.783866 0.719879 0.660574 0.605772 0.555289 0.508937 0.466527 0.427872 0.39279 0.361104 0.332646 0.307258 0.284793 0.26512 0.24812 0.233694 0.221757 0.212246 0.205115 0.200342 0.197922 0.197874 0.200241 0.205083 0.212487 0.22256 0.235429 0.251244 0.270174 0.292408 0.31815 0.347623 0.381061 0.418711 0.460831 0.507683 0.559536 0.616657 0.679313 0.747763 0.822259 0.903037 0.990318 1.0843 1.18516 1.29304 1.40806 1.53029 1.65977 1.79651 1.94045 2.0915 2.24952 2.41432 2.58565 2.76322 2.9467 3.13569 3.32975 3.52841 3.73114 3.93739 4.14656 4.35806 4.57123 4.78543 5 
4 3.82818 3.65712 3.48736 3.3194 3.15373 2.99082 2.83111 2.67501 2.52289 2.37508 2.23188 2.09355 1.96031 1.83234 1.70977 1.59271 1.48121 1.37531 1.275 1.18024 1.09097 1.00711 0.928529 0.855112 0.786704 0.723144 0.664258 0.609865 0.559777 0.513805 0.471758 0.433448 0.39869 0.367307 0.33913 0.314 0.29177 0.272307 0.255494 0.24123 0.229431 0.220032 0.212989 0.208278 0.205895 0.205858 0.20821 0.213011 0.220347 0.230325 0.243072 0.258738 0.277492 0.299521 0.325031 0.354243 0.387393 0.424728 0.466505 0.51299 0.56445 0.621156 0.683376 0.751372 0.825397 0.905692 0.992482 1.08597 1.18633 1.29373 1.40827 1.53004 1.65909 1.79542 1.93899 2.08971 2.24745 2.41201 2.58318 2.76064 2.94407 3.13308 3.32723 3.52603 3.72898 3.93549 4.14498 4.35683 4.57039 4.785 5 
4 3.82782 3.65641 3.48631 3.31804 3.1521 2.98896 2.82907 2.67285 2.52066 2.37284 2.2297 2.09148 1.95841 1.83067 1.70837 1.59163 1.48049 1.37498 1.2751 1.18079 1.09199 1.0086 0.930516 0.85759 0.789673 0.726598 0.668187 0.614258 0.564618 0.519076 0.47744 0.439519 0.405127 0.374086 0.346226 0.321386 0.299421 0.280196 0.263593 0.249511 0.237866 0.228594 0.221649 0.217007 0.214665 0.214641 0.216975 0.22173 0.228989 0.23886 0.25147 0.266968 0.285522 0.30732 0.332567 0.361484 0.394308 0.431286 0.472676 0.518744 0.569759 0.625993 0.687717 0.755195 0.828685 0.90843 0.994659 1.08758 1.18738 1.29421 1.40821 1.52945 1.658 1.79386 1.93701 2.08736 2.24478 2.40909 2.58007 2.75742 2.94081 3.12985 3.32412 3.52311 3.72631 3.93316 4.14304 4.35532 4.56936 4.78448 5 
4 3.82737 3.65552 3.48501 3.31635 3.15008 2.98665 2.82654 2.67015 2.51787 2.37003 2.22694 2.08884 1.95596 1.82847 1.70648 1.5901 1.47937 1.37432 1.27492 1.18112 1.09285 1.01002 0.932485 0.860117 0.792756 0.73023 0.672359 0.618953 0.56982 0.524764 0.48359 0.446107 0.412127 0.381471 0.353966 0.329453 0.307784 0.288825 0.272457 0.258579 0.247107 0.237976 0.231141 0.226576 0.22428 0.224269 0.226583 0.231284 0.238458 0.248208 0.260663 0.275971 0.2943 0.315838 0.340788 0.369374 0.40183 0.438405 0.479357 0.524953 0.575464 0.631164 0.692326 0.759217 0.832098 0.911217 0.996808 1.08908 1.18824 1.29443 1.4078 1.52845 1.65642 1.79176 1.93442 2.08434 2.2414 2.40543 2.57619 2.75342 2.93678 3.12588 3.32029 3.51953 3.72306 3.9303 4.14066 4.35348 4.56811 4.78385 5 
4 3.82682 3.65443 3.4834 3.31428 3.14758 2.98381 2.82341 2.66682 2.51441 2.36654 2.22349 2.08553 1.95285 1.82564 1.70401 1.58804 1.47778 1.37324 1.27439 1.18118 1.09351 1.0113 0.934398 0.862664 0.795932 0.734028 0.676764 0.623949 0.575386 0.530877 0.490223 0.453232 0.419714 0.389488 0.362381 0.338233 0.316895 0.298233 0.282127 0.268476 0.257197 0.248223 0.241509 0.237031 0.234784 0.234786 0.237078 0.24172 0.248795 0.25841 0.270692 0.285787 0.303863 0.325108 0.349726 0.377938 0.40998 0.446101 0.48656 0.531624 0.581567 0.636664 0.697189 0.763416 0.835607 0.914016 0.998882 1.09043 1.18884 1.29431 1.40697 1.52693 1.65425 1.78898 1.93109 2.08052 2.23717 2.40087 2.57141 2.7485 2.93183 3.12102 3.31562 3.51515 3.71908 3.92683 4.13777 4.35125 4.56658 4.78307 5 
4 3.82614 3.6531 3.48144 3.31174 3.14453 2.98032 2.81957 2.66272 2.51016 2.36223 2.21922 2.0814 1.94896 1.82206 1.70083 1.58533 1.47561 1.37165 1.27343 1.18088 1.09391 1.0124 0.936213 0.865194 0.799174 0.737971 0.681392 0.629241 0.581319 0.537422 0.497352 0.460911 0.427909 0.398164 0.371501 0.347759 0.32679 0.308457 0.292643 0.279245 0.268178 0.259378 0.252799 0.248415 0.246223 0.24624 0.248505 0.253079 0.260045 0.269508 0.281594 0.296451 0.314244 0.335162 0.359407 0.3872 0.418778 0.45439 0.494295 0.538761 0.588064 0.642481 0.70229 0.767765 0.839176 0.916782 1.00083 1.09154 1.18912 1.29376 1.40561 1.52478 1.65136 1.78539 1.92687 2.07575 2.23194 2.39527 2.56554 2.74249 2.92581 3.1151 3.30994 3.50985 3.71427 3.92262 4.13426 4.34853 4.56473 4.78213 5 
4 3.82532 3.65147 3.47905 3.30865 3.14082 2.97607 2.81489 2.65772 2.50496 2.35695 2.21398 2.07631 1.94413 1.8176 1.69683 1.58187 1.47275 1.36946 1.27195 1.18016 1.09397 1.01326 0.937878 0.867669 0.802451 0.742035 0.686226 0.634821 0.587616 0.544405 0.504985 0.469159 0.436732 0.407521 0.381352 0.358062 0.337501 0.319535 0.304043 0.290924 0.280093 0.271484 0.265053 0.260773 0.25864 0.258672 0.260906 0.265404 0.272247 0.281541 0.293409 0.307999 0.325477 0.346028 0.369857 0.397183 0.428242 0.463284 0.502568 0.546365 0.594949 0.648602 0.707605 0.772235 0.842766 0.919464 1.00258 1.09235 1.18899 1.29268 1.40361 1.52189 1.64762 1.78086 1.92162 2.06986 2.22551 2.38842 2.5584 2.7352 2.9185 3.10794 3.30308 3.50343 3.70845 3.91753 4.13003 4.34526 4.5625 4.781 5 
4 3.82432 3.6495 3.47616 3.3049 3.1363 2.97091 2.80921 2.65165 2.49864 2.35053 2.2076 2.07009 1.93822 1.8121 1.69184 1.57749 1.46907 1.36654 1.26985 1.17891 1.09361 1.0138 0.939337 0.870039 0.805723 0.746193 0.691247 0.640676 0.594272 0.551826 0.513131 0.477988 0.4462 0.417583 0.391961 0.36917 0.349062 0.331499 0.316363 0.303552 0.29298 0.284582 0.278313 0.274147 0.272078 0.272125 0.274324 0.278736 0.285442 0.294546 0.306172 0.320466 0.337592 0.357736 0.381101 0.407906 0.438387 0.472793 0.511384 0.554431 0.602213 0.65501 0.713107 0.776788 0.84633 0.922004 1.00407 1.09277 1.18834 1.29097 1.40084 1.5181 1.64286 1.7752 1.91513 2.06265 2.21769 2.38012 2.54976 2.72639 2.90969 3.09931 3.29481 3.4957 3.70143 3.9114 4.12493 4.34131 4.55981 4.77964 5 
4 3.82311 3.64711 3.47265 3.30036 3.13085 2.96467 2.80234 2.64432 2.49101 2.34276 2.19986 2.06255 1.93101 1.80537 1.68571 1.57206 1.46443 1.36277 1.26701 1.17704 1.09274 1.01396 0.940524 0.872251 0.808948 0.750411 0.696429 0.64679 0.601279 0.559683 0.521794 0.487408 0.456328 0.428367 0.40335 0.381111 0.3615 0.344383 0.329638 0.317165 0.306877 0.298711 0.292619 0.288576 0.286577 0.286638 0.288797 0.293113 0.299666 0.30856 0.319917 0.333881 0.350618 0.37031 0.39316 0.419387 0.449225 0.482923 0.520743 0.562956 0.60984 0.661681 0.718766 0.781382 0.849814 0.924338 1.00522 1.09272 1.18707 1.2885 1.39718 1.51328 1.63693 1.76823 1.90722 2.0539 2.20823 2.37011 2.53938 2.71581 2.89912 3.08895 3.28488 3.48642 3.69302 3.90404 4.1188 4.33657 4.55657 4.778 5 
4 3.82165 3.64422 3.46841 3.29488 3.12427 2.95716 2.79407 2.63549 2.48181 2.3334 2.19054 2.05345 1.9223 1.79721 1.67823 1.5654 1.45867 1.358 1.2633 1.17444 1.09127 1.01364 0.941366 0.874246 0.812078 0.75465 0.701745 0.653142 0.608624 0.567972 0.530975 0.497427 0.467128 0.439892 0.41554 0.393908 0.374845 0.358215 0.3439 0.331797 0.32182 0.313906 0.308007 0.304098 0.302174 0.30225 0.304363 0.308571 0.314955 0.323615 0.334675 0.348275 0.364581 0.383773 0.406054 0.43164 0.460766 0.49368 0.530644 0.571929 0.617815 0.668591 0.724546 0.785973 0.85316 0.926394 1.00595 1.09209 1.18508 1.28513 1.39245 1.50724 1.62963 1.75974 1.89764 2.04336 2.19688 2.35812 2.52695 2.70315 2.88647 3.07656 3.27301 3.47532 3.68294 3.89522 4.11145 4.33089 4.5527 4.77603 5 
4 3.81989 3.64075 3.46331 3.28829 3.11636 2.94812 2.78414 2.62489 2.47079 2.32219 2.17937 2.04254 1.91184 1.78739 1.6692 1.5573 1.45161 1.35208 1.25858 1.17097 1.08909 1.01276 0.941785 0.875957 0.815058 0.758868 0.707161 0.65971 0.616292 0.576685 0.540673 0.508049 0.478611 0.45217 0.428549 0.407582 0.389119 0.373024 0.359178 0.347479 0.337842 0.330201 0.324513 0.320749 0.318904 0.318994 0.321055 0.325144 0.33134 0.339743 0.350474 0.363674 0.379504 0.398146 0.419798 0.444678 0.473017 0.505064 0.541081 0.581338 0.626118 0.67571 0.730408 0.790508 0.856306 0.928096 1.00616 1.09078 1.18222 1.28072 1.38651 1.4998 1.62074 1.7495 1.88615 2.03076 2.18334 2.34384 2.51214 2.68808 2.87141 3.0618 3.25885 3.46207 3.6709 3.88467 4.10267 4.32408 4.54805 4.77367 5 
4 3.81777 3.63657 3.45718 3.28037 3.10686 2.9373 2.77225 2.61221 2.45762 2.30881 2.16604 2.02951 1.89936 1.77564 1.65838 1.54754 1.44306 1.34482 1.25268 1.1665 1.08607 1.01121 0.941695 0.877312 0.817831 0.763018 0.712642 0.666467 0.624265 0.585811 0.550884 0.519275 0.490782 0.465214 0.442393 0.422154 0.404346 0.388834 0.375499 0.364239 0.35497 0.347628 0.342166 0.338559 0.336799 0.336903 0.338905 0.342862 0.348851 0.356971 0.367341 0.380101 0.395409 0.413446 0.434408 0.45851 0.485983 0.517076 0.552046 0.591169 0.634725 0.683005 0.736308 0.794934 0.859184 0.92936 1.00576 1.08867 1.17837 1.27512 1.37917 1.49075 1.61005 1.73725 1.87246 2.01579 2.16728 2.3269 2.49459 2.6702 2.85352 3.04425 3.242 3.44629 3.65654 3.87209 4.09217 4.31595 4.5425 4.77086 5 
4 3.81522 3.63154 3.44981 3.27087 3.09548 2.92434 2.75804 2.59709 2.44193 2.29288 2.1502 2.01404 1.88453 1.76168 1.6455 1.5359 1.43279 1.33603 1.24546 1.16088 1.08209 1.00888 0.941005 0.878237 0.820334 0.767051 0.718148 0.673384 0.632523 0.595337 0.561602 0.531107 0.503648 0.479033 0.457086 0.43764 0.420545 0.405666 0.392886 0.382103 0.373233 0.366213 0.360996 0.357557 0.355888 0.356005 0.357941 0.361752 0.367514 0.375324 0.385299 0.397576 0.412314 0.429687 0.449893 0.473143 0.499667 0.52971 0.563531 0.601404 0.64361 0.690442 0.742201 0.799192 0.861722 0.930101 1.00464 1.08563 1.17337 1.26816 1.37024 1.47988 1.59731 1.72272 1.85628 1.99812 2.14832 2.30691 2.47386 2.64907 2.83236 3.02346 3.222 3.42752 3.63944 3.85708 4.07964 4.30622 4.53586 4.76748 5 
4 3.81215 3.62549 3.44096 3.25947 3.08186 2.90885 2.74109 2.5791 2.42329 2.274 2.13144 1.99575 1.86701 1.74519 1.63026 1.5221 1.42058 1.32552 1.23672 1.15396 1.07703 1.00566 0.939621 0.878653 0.822502 0.770915 0.723639 0.680429 0.641043 0.605248 0.572818 0.54354 0.517209 0.493634 0.472636 0.454051 0.43773 0.423539 0.411359 0.401092 0.392653 0.385981 0.381027 0.377768 0.376195 0.376324 0.378186 0.381837 0.38735 0.394822 0.404366 0.416117 0.430232 0.446882 0.466262 0.488581 0.514066 0.542961 0.575523 0.612024 0.652746 0.697984 0.748039 0.803222 0.863847 0.93023 1.00269 1.08154 1.1671 1.25966 1.35952 1.46696 1.58225 1.70561 1.83726 1.97736 2.12606 2.28343 2.44949 2.62419 2.80739 2.99888 3.19832 3.40525 3.61911 3.8392 4.06468 4.29461 4.52791 4.76345 5 
4 3.80846 3.61822 3.43033 3.24581 3.06556 2.89037 2.72091 2.55772 2.40121 2.25168 2.10931 1.97422 1.8464 1.72582 1.61236 1.50587 1.40618 1.31305 1.22627 1.14558 1.07073 1.00144 0.937444 0.878477 0.82427 0.774555 0.729073 0.687571 0.649801 0.615527 0.584522 0.55657 0.531467 0.50902 0.489053 0.471401 0.455917 0.442467 0.430936 0.421224 0.41325 0.40695 0.40228 0.399213 0.397742 0.397881 0.399662 0.403137 0.40838 0.415482 0.424558 0.435738 0.449175 0.46504 0.483521 0.504827 0.52918 0.556822 0.588008 0.623009 0.662105 0.705593 0.753775 0.806965 0.865484 0.929655 0.999808 1.07627 1.15938 1.24945 1.3468 1.45175 1.56459 1.6856 1.81504 1.95312 2.10005 2.25595 2.42092 2.59496 2.77801 2.96988 3.1703 3.37885 3.59495 3.8179 4.04684 4.28072 4.51841 4.75862 5 
4 3.80401 3.60946 3.41756 3.22942 3.04605 2.86831 2.6969 2.53236 2.3751 2.22536 2.0833 1.94895 1.82228 1.70316 1.59144 1.4869 1.38931 1.29841 1.21393 1.13557 1.06306 0.996089 0.934375 0.87763 0.825571 0.77792 0.734408 0.694776 0.658773 0.626159 0.596704 0.570192 0.546419 0.525194 0.50634 0.489696 0.475114 0.462463 0.45163 0.442515 0.435039 0.429139 0.424771 0.421909 0.420546 0.420693 0.422384 0.425668 0.430617 0.43732 0.445888 0.456449 0.469153 0.484166 0.501674 0.52188 0.545004 0.571284 0.600973 0.634337 0.671659 0.713231 0.75936 0.810361 0.866559 0.928287 0.995884 1.06969 1.15006 1.23733 1.33186 1.43399 1.54404 1.66236 1.78924 1.92496 2.06979 2.22394 2.38756 2.56075 2.74351 2.93574 3.13722 3.34757 3.56625 3.79254 4.02552 4.26411 4.50701 4.75282 5 
4 3.79864 3.5989 3.40218 3.20974 3.02271 2.842 2.66837 2.50234 2.34428 2.19442 2.05281 1.91943 1.79416 1.6768 1.56713 1.46487 1.36972 1.28136 1.19949 1.12377 1.05388 0.989499 0.93032 0.876033 0.826341 0.780957 0.739604 0.702015 0.667936 0.637125 0.609352 0.584399 0.562064 0.542157 0.524503 0.508942 0.49533 0.483537 0.473451 0.464976 0.458032 0.45256 0.448514 0.445869 0.444619 0.444774 0.446366 0.449442 0.454073 0.460345 0.468365 0.478259 0.490172 0.504265 0.520721 0.539738 0.561533 0.586338 0.614402 0.64599 0.68138 0.720864 0.76475 0.813353 0.867003 0.92604 0.990812 1.06168 1.139 1.22314 1.31449 1.41342 1.52031 1.63553 1.75945 1.89242 2.03477 2.18679 2.34875 2.52082 2.70311 2.89561 3.09819 3.31053 3.53214 3.76229 4.00004 4.2442 4.49334 4.74586 5 
4 3.79214 3.58614 3.38363 3.18608 2.99474 2.81061 2.63446 2.46682 2.30799 2.15812 2.01719 1.88506 1.76153 1.6463 1.53905 1.43944 1.34711 1.26166 1.18275 1.11 1.04305 0.981556 0.925185 0.87361 0.826521 0.78362 0.744622 0.709258 0.677269 0.648411 0.622455 0.599185 0.578398 0.559908 0.543542 0.529143 0.516569 0.505694 0.496406 0.488614 0.482239 0.477221 0.473517 0.471103 0.469971 0.470132 0.471615 0.474468 0.478756 0.484564 0.491996 0.501172 0.512234 0.525339 0.540663 0.5584 0.578761 0.601974 0.628282 0.657947 0.691242 0.728459 0.769902 0.815888 0.866751 0.922834 0.984494 1.0521 1.12604 1.2067 1.29448 1.38981 1.49309 1.60476 1.72526 1.855 1.9944 2.14386 2.30374 2.47434 2.6559 2.84852 3.05219 3.26668 3.49159 3.72619 3.96952 4.22027 4.47687 4.73746 5 
4 3.78423 3.57065 3.3612 3.15756 2.96117 2.77312 2.59418 2.42484 2.26532 2.11566 1.97571 1.84521 1.72383 1.61117 1.5068 1.41029 1.3212 1.23908 1.16352 1.09411 1.03044 0.972156 0.918886 0.870295 0.826057 0.785866 0.749432 0.716481 0.686752 0.660003 0.636004 0.614542 0.595417 0.578446 0.563458 0.550301 0.538835 0.528937 0.520501 0.513434 0.507663 0.503127 0.499786 0.497616 0.496608 0.496773 0.498138 0.50075 0.50467 0.509981 0.516783 0.525191 0.535341 0.547386 0.561497 0.577861 0.596682 0.618183 0.642601 0.670192 0.701226 0.735988 0.774781 0.817922 0.865744 0.918596 0.976841 1.04086 1.11105 1.18783 1.27162 1.36289 1.46208 1.5697 1.68623 1.81219 1.94809 2.09444 2.25173 2.4204 2.60084 2.79333 2.99799 3.21477 3.44332 3.68302 3.93286 4.19144 4.45697 4.72729 5 
4 3.77457 3.55177 3.33394 3.12308 2.9208 2.72829 2.54631 2.37525 2.21523 2.0661 1.92755 1.79917 1.68047 1.57091 1.46996 1.37707 1.29171 1.21339 1.14162 1.07595 1.01594 0.961205 0.911353 0.866031 0.824905 0.787662 0.754007 0.723663 0.696372 0.67189 0.649992 0.630467 0.613119 0.597768 0.58425 0.572415 0.562127 0.553269 0.545735 0.539438 0.534306 0.530281 0.527323 0.525409 0.52453 0.524697 0.525935 0.528288 0.531816 0.536597 0.542725 0.550314 0.559492 0.570407 0.583221 0.598117 0.615291 0.634958 0.65735 0.682713 0.711312 0.743429 0.779359 0.819418 0.863938 0.913269 0.967779 1.02786 1.09392 1.16639 1.24573 1.33243 1.427 1.52998 1.64194 1.76348 1.89522 2.03779 2.19184 2.35798 2.53679 2.72875 2.93419 3.15327 3.3858 3.63127 3.88868 4.15653 4.43278 4.71491 5 
4 3.76268 3.52861 3.30065 3.0812 2.8721 2.67459 2.48939 2.31674 2.15653 2.00841 1.87185 1.74622 1.63084 1.52504 1.42812 1.33945 1.25839 1.18439 1.11689 1.0554 0.999456 0.948631 0.902527 0.860776 0.823035 0.788985 0.75833 0.730794 0.706119 0.684067 0.664414 0.646955 0.6315 0.617874 0.605917 0.595484 0.586445 0.578687 0.572108 0.566625 0.562167 0.55868 0.556125 0.55448 0.553736 0.553902 0.555003 0.55708 0.560191 0.564408 0.569822 0.57654 0.584685 0.594397 0.605833 0.619165 0.634584 0.652295 0.672521 0.695501 0.721492 0.750767 0.783617 0.820352 0.861299 0.906808 0.957251 1.01302 1.07454 1.14226 1.21665 1.29825 1.3876 1.4853 1.59199 1.70837 1.83516 1.97316 2.12315 2.28598 2.46244 2.65328 2.85911 3.08036 3.31711 3.56903 3.83519 4.11403 4.40322 4.69974 5 
4 3.74793 3.49997 3.25972 3.03008 2.81314 2.61016 2.42169 2.24772 2.08787 1.94144 1.80764 1.68557 1.57433 1.47305 1.38091 1.29714 1.22102 1.1519 1.08919 1.03236 0.980908 0.934382 0.892374 0.854505 0.820428 0.789823 0.762394 0.737869 0.715992 0.696532 0.67927 0.664008 0.650562 0.638763 0.628457 0.619507 0.611787 0.605189 0.599616 0.594989 0.591241 0.588319 0.586187 0.584823 0.584219 0.584382 0.585337 0.587121 0.589789 0.593409 0.598067 0.603863 0.610914 0.619353 0.629328 0.641003 0.654559 0.670191 0.688114 0.708555 0.731763 0.758 0.787549 0.820712 0.857811 0.899192 0.945222 0.9963 1.05285 1.11534 1.18426 1.26016 1.34364 1.43535 1.53599 1.64636 1.7673 1.89975 2.04471 2.20322 2.37637 2.56524 2.7708 2.99387 3.2349 3.49389 3.7701 4.06194 4.36677 4.68096 5 
4 3.72942 3.46421 3.20899 2.9673 2.74146 2.53264 2.34109 2.16641 2.00773 1.86397 1.73395 1.61645 1.51033 1.4145 1.32799 1.24988 1.17939 1.11579 1.05845 1.00677 0.960259 0.918435 0.88088 0.847214 0.817087 0.790182 0.766207 0.744894 0.725998 0.709291 0.694566 0.681629 0.670305 0.660435 0.65187 0.644481 0.638149 0.63277 0.628254 0.624525 0.62152 0.619191 0.617501 0.61643 0.61597 0.616129 0.616928 0.618403 0.620603 0.623593 0.627453 0.632278 0.638176 0.645272 0.653705 0.66363 0.675216 0.688649 0.704131 0.721879 0.742129 0.765133 0.791161 0.820505 0.853479 0.890418 0.931687 0.977679 1.02882 1.08558 1.14847 1.21806 1.29497 1.37991 1.47364 1.57703 1.69107 1.81684 1.95553 2.10846 2.27704 2.46274 2.667 2.89117 3.13626 3.40277 3.69036 3.99754 4.32139 4.65747 5 
4 3.70587 3.419 3.14547 2.88961 2.65389 2.43916 2.24513 2.07073 1.91447 1.77471 1.64979 1.53813 1.4383 1.34899 1.26906 1.19749 1.13339 1.07599 1.0246 0.978619 0.937509 0.900798 0.868063 0.838922 0.813032 0.790081 0.769786 0.751889 0.736152 0.722358 0.71031 0.699825 0.690736 0.682893 0.676157 0.670405 0.665526 0.661424 0.658014 0.655224 0.652996 0.651284 0.650055 0.649289 0.648979 0.649131 0.649764 0.650912 0.652621 0.65495 0.657974 0.661778 0.666465 0.67215 0.678963 0.687046 0.696559 0.707675 0.720583 0.735487 0.752608 0.772185 0.794475 0.819756 0.848327 0.880514 0.916669 0.957177 1.00246 1.05299 1.10927 1.17189 1.2415 1.31882 1.40468 1.50005 1.60598 1.72373 1.8547 2.00048 2.16284 2.34371 2.54514 2.76915 3.01758 3.29172 3.59193 3.91712 4.26417 4.62766 5 
4 3.67534 3.36094 3.06496 2.79264 2.54633 2.32617 2.13088 1.95838 1.80633 1.67235 1.55422 1.44995 1.35779 1.27623 1.20396 1.13987 1.08299 1.03249 0.987681 0.94793 0.912701 0.881521 0.85397 0.829677 0.808307 0.789562 0.773169 0.758883 0.746479 0.735754 0.726521 0.718609 0.711863 0.706142 0.701318 0.697277 0.693916 0.691146 0.688888 0.687077 0.685657 0.684587 0.683837 0.683386 0.68323 0.683373 0.683832 0.684638 0.685832 0.68747 0.689618 0.692355 0.695776 0.699985 0.705101 0.711256 0.718596 0.727281 0.737486 0.749399 0.763226 0.779189 0.797529 0.818507 0.842405 0.869533 0.900226 0.934855 0.973831 1.01761 1.0667 1.12168 1.1832 1.25202 1.32901 1.41517 1.51166 1.61987 1.7414 1.8781 2.03213 2.20597 2.40234 2.62418 2.87442 3.15561 3.46933 3.8154 4.19085 4.58913 5 
4 3.63483 3.28487 2.96138 2.67041 2.41353 2.18938 1.99502 1.82693 1.68156 1.55568 1.44644 1.3514 1.26851 1.19607 1.13264 1.07702 1.02821 0.985373 0.947774 0.914804 0.885931 0.860693 0.838686 0.819555 0.802981 0.788683 0.776406 0.765921 0.757018 0.749508 0.743221 0.737998 0.733697 0.730189 0.727357 0.725097 0.723315 0.721929 0.720867 0.720071 0.71949 0.719086 0.71883 0.718706 0.718708 0.718839 0.719116 0.719564 0.720223 0.721139 0.722375 0.724002 0.726103 0.728774 0.732121 0.736265 0.741338 0.747485 0.754863 0.763646 0.774021 0.786192 0.80038 0.816825 0.83579 0.857561 0.882454 0.910818 0.943042 0.979562 1.02087 1.06753 1.12019 1.1796 1.24663 1.32233 1.40793 1.50489 1.61498 1.74032 1.88342 2.04732 2.23554 2.45211 2.70143 2.98788 3.31511 3.68481 4.095 4.53809 5 
4 3.57934 3.18272 2.82582 2.51474 2.2488 2.02372 1.83394 1.67389 1.53857 1.42373 1.32589 1.24221 1.17038 1.10854 1.05519 1.0091 0.969253 0.934804 0.905051 0.879401 0.857346 0.83845 0.822333 0.808663 0.797149 0.787528 0.779569 0.773061 0.767815 0.763661 0.760441 0.758016 0.756256 0.755046 0.75428 0.753866 0.753719 0.753765 0.753942 0.754195 0.754481 0.754764 0.755019 0.755232 0.755395 0.755513 0.755598 0.755675 0.755777 0.755946 0.756236 0.75671 0.757442 0.758517 0.760029 0.762085 0.764802 0.768308 0.772746 0.778269 0.785045 0.793256 0.803101 0.814798 0.828582 0.844717 0.863489 0.885219 0.910266 0.939036 0.971992 1.00966 1.05267 1.10175 1.15774 1.22169 1.29483 1.37869 1.47513 1.58645 1.71549 1.86578 2.04166 2.24842 2.49227 2.78016 3.11902 3.51419 3.9665 4.4683 5 
4 3.49999 3.04118 2.64486 2.31449 2.04387 1.82355 1.64402 1.49711 1.37615 1.27594 1.19242 1.12246 1.0636 1.01393 0.971942 0.936424 0.906399 0.881067 0.859769 0.841953 0.827154 0.814974 0.805069 0.797142 0.790928 0.786197 0.782742 0.780375 0.778931 0.778259 0.77822 0.778692 0.779561 0.780726 0.782095 0.783586 0.785126 0.78665 0.788103 0.789438 0.790616 0.791606 0.792387 0.792944 0.793272 0.793374 0.793262 0.792954 0.79248 0.791876 0.791188 0.790472 0.78979 0.789216 0.788831 0.788728 0.789007 0.789782 0.791174 0.793317 0.796358 0.800456 0.805784 0.812534 0.820913 0.831151 0.843504 0.858258 0.875732 0.896291 0.920354 0.948404 0.981011 1.01885 1.06272 1.11361 1.17272 1.24154 1.32194 1.4163 1.52763 1.65985 1.818 2.00859 2.23989 2.52214 2.86716 3.2868 3.78875 4.3687 5 
4 3.37962 2.83741 2.39834 2.05493 1.78922 1.58321 1.42223 1.29517 1.19388 1.11241 1.04641 0.992661 0.948735 0.912791 0.883409 0.859471 0.840091 0.824554 0.812273 0.802764 0.79562 0.790495 0.787094 0.78516 0.784466 0.784814 0.786029 0.78795 0.790437 0.79336 0.796603 0.80006 0.803638 0.807247 0.810812 0.814262 0.817536 0.820578 0.823341 0.825786 0.827879 0.829595 0.830914 0.831824 0.83232 0.832405 0.832087 0.831383 0.830316 0.828917 0.827224 0.825282 0.823145 0.820874 0.818537 0.816211 0.81398 0.81194 0.810193 0.80885 0.808036 0.807883 0.808539 0.810164 0.812935 0.817047 0.822715 0.830184 0.839727 0.851658 0.866336 0.884182 0.905691 0.931455 0.96219 0.998775 1.0423 1.09414 1.15606 1.23034 1.31998 1.42899 1.5628 1.72883 1.93724 2.20189 2.54112 2.9774 3.53318 4.21779 5 
4 3.18121 2.53071 2.05643 1.71805 1.47529 1.29836 1.16708 1.06809 0.992461 0.934147 0.888946 0.853872 0.826757 0.805993 0.790357 0.77891 0.77091 0.765765 0.762995 0.762204 0.763062 0.765287 0.768641 0.772916 0.777929 0.783521 0.789548 0.795884 0.802412 0.809029 0.815641 0.822162 0.828516 0.834631 0.840445 0.845901 0.850949 0.855545 0.859649 0.863229 0.866258 0.868715 0.870583 0.871853 0.872521 0.872586 0.872057 0.870946 0.869271 0.867056 0.864332 0.861135 0.857507 0.853497 0.849159 0.844555 0.839752 0.834825 0.829856 0.824936 0.820162 0.815641 0.811491 0.80784 0.80483 0.802615 0.801371 0.801291 0.802597 0.805538 0.810406 0.817539 0.827341 0.840292 0.856979 0.878128 0.904649 0.937703 0.978799 1.02993 1.09379 1.1741 1.27608 1.40729 1.57886 1.80748 2.11837 2.54873 3.14893 3.96931 5 
4 2.81458 2.04796 1.57881 1.28582 1.09584 0.968204 0.880054 0.818093 0.774226 0.743304 0.721914 0.707717 0.699052 0.694709 0.693783 0.695583 0.699566 0.705304 0.712448 0.720709 0.729848 0.739662 0.749974 0.760634 0.771507 0.782476 0.793434 0.804286 0.814948 0.825341 0.835394 0.845043 0.85423 0.862902 0.87101 0.878512 0.88537 0.891549 0.897019 0.901756 0.905738 0.90895 0.911378 0.913014 0.913854 0.913899 0.913153 0.911625 0.909329 0.906282 0.902506 0.898028 0.892878 0.887094 0.880714 0.873784 0.866355 0.858482 0.850225 0.84165 0.832831 0.823845 0.81478 0.805729 0.796796 0.788096 0.779754 0.771913 0.764732 0.758393 0.753108 0.749119 0.746718 0.746251 0.748143 0.75292 0.761243 0.773965 0.792201 0.817451 0.851775 0.898084 0.960628 1.04583 1.16379 1.33113 1.57638 1.9504 2.54458 3.51057 5 
4 2.02923 1.26783 0.925173 0.750711 0.654258 0.598783 0.567087 0.55028 0.543346 0.543246 0.548031 0.556388 0.567398 0.580396 0.594883 0.61048 0.626885 0.64386 0.661208 0.678764 0.696389 0.713964 0.731385 0.74856 0.765406 0.781852 0.797829 0.813278 0.828143 0.842374 0.855925 0.868753 0.880819 0.892087 0.902527 0.912107 0.920802 0.928589 0.935446 0.941358 0.946308 0.950285 0.953281 0.955288 0.956303 0.956326 0.955359 0.953407 0.950479 0.946585 0.941739 0.935959 0.929263 0.921675 0.91322 0.903928 0.89383 0.882963 0.871364 0.859076 0.846145 0.832621 0.818557 0.804013 0.789053 0.773747 0.758172 0.742414 0.726567 0.710738 0.695051 0.679645 0.664685 0.650366 0.636925 0.624649 0.613904 0.605154 0.599009 0.596289 0.598131 0.606163 0.622811 0.651861 0.699571 0.77704 0.905758 1.132 1.56849 2.52839 5 
0 0.0345161 0.0689911 0.103384 0.137654 0.171759 0.20566 0.239316 0.272686 0.305732 0.338413 0.370691 0.402527 0.433884 0.464723 0.495009 0.524704 0.553775 0.582185 0.609902 0.636892 0.663123 0.688563 0.713183 0.736953 0.759845 0.781831 0.802886 0.822984 0.842101 0.860214 0.877303 0.893346 0.908324 0.92222 0.935016 0.946699 0.957253 0.966666 0.974928 0.982028 0.987957 0.992709 0.996278 0.998659 0.999851 0.999851 0.998659 0.996278 0.992709 0.987957 0.982028 0.974928 0.966666 0.957253 0.946699 0.935016 0.92222 0.908324 0.893346 0.877303 0.860214 0.842101 0.822984 0.802886 0.781831 0.759845 0.736953 0.713183 0.688563 0.663123 0.636892 0.609902 0.582185 0.553775 0.524704 0.495009 0.464723 0.433884 0.402527 0.370691 0.338413 0.305732 0.272686 0.239316 0.20566 0.171759 0.137654 0.103384 0.0689911 0.0345161 0 
