C h:0.037037
C GRID SIZE:28
C N:26
0 0.00137174 0.00548697 0.0123457 0.0219479 0.0342936 0.0493827 0.0672154 0.0877915 0.111111 0.137174 0.165981 0.197531 0.231824 0.268861 0.308642 0.351166 0.396433 0.444444 0.495199 0.548697 0.604938 0.663923 0.725652 0.790123 0.857339 0.927298 1 
4 2.00685 1.22459 0.863298 0.672833 0.563309 0.497939 0.459745 0.440052 0.434057 0.438943 0.453002 0.475198 0.504933 0.541935 0.586206 0.638023 0.697986 0.767137 0.847186 0.940949 1.05323 1.1927 1.37634 1.64093 2.07635 2.93273 5 
4 2.80145 2.02278 1.5435 1.24287 1.04828 0.919448 0.83392 0.778773 0.746288 0.731713 0.732069 0.74551 0.770959 0.807921 0.856402 0.916905 0.990514 1.07908 1.1856 1.31481 1.47444 1.6774 1.94615 2.32096 2.87443 3.72728 5 
4 3.17622 2.52169 2.04516 1.70704 1.46768 1.29787 1.17795 1.09509 1.04089 1.00984 0.998351 1.00412 1.02577 1.06269 1.11487 1.18296 1.26835 1.37333 1.50153 1.65845 1.85248 2.09646 2.41003 2.82239 3.37319 4.10198 5 
4 3.38182 2.84273 2.40857 2.07267 1.81781 1.62668 1.48527 1.38311 1.31271 1.26881 1.24778 1.24725 1.26575 1.3026 1.35782 1.43211 1.52694 1.64471 1.78906 1.96526 2.1808 2.44614 2.77528 3.18551 3.69403 4.30749 5 
4 3.50843 3.059 2.67392 2.35754 2.10452 1.90615 1.75374 1.63982 1.55852 1.50539 1.47725 1.47187 1.48789 1.52467 1.58221 1.6612 1.76303 1.88994 2.04513 2.23307 2.45963 2.73225 3.05964 3.45046 3.91002 4.43396 5 
4 3.59303 3.21109 2.87085 2.57939 2.33695 2.14012 1.9842 1.86445 1.7767 1.7176 1.68454 1.6757 1.6899 1.72657 1.78574 1.86802 1.9746 2.10737 2.26892 2.46266 2.69274 2.96389 3.2808 3.64684 4.06174 4.51836 5 
4 3.65271 3.3217 3.0193 2.7526 2.5242 2.33369 2.17905 2.05767 1.96691 1.90443 1.86833 1.85721 1.87014 1.90668 1.96686 2.05117 2.1606 2.29658 2.46105 2.65637 2.88518 3.1501 3.4531 3.79456 4.17185 4.57779 5 
4 3.69626 3.40393 3.13236 2.88792 2.67406 2.49194 2.34128 2.22095 2.12955 2.06562 2.02791 2.01544 2.02755 2.06392 2.12459 2.20995 2.32072 2.45794 2.62292 2.81711 3.04197 3.29858 3.58723 3.90668 4.25342 4.62101 5 
4 3.72857 3.46567 3.21866 2.99312 2.79269 2.61935 2.47383 2.35605 2.26548 2.2014 2.16309 2.14994 2.16154 2.19769 2.25845 2.34409 2.45512 2.59223 2.75618 2.94775 3.16748 3.41544 3.69087 3.99172 4.31428 4.65286 5 
4 3.7525 3.51178 3.28388 3.07369 2.88481 2.71959 2.57936 2.46472 2.37576 2.31228 2.27399 2.2606 2.27188 2.30776 2.36829 2.45367 2.56424 2.7004 2.86251 3.05082 3.26527 3.50525 3.76941 4.05531 4.35926 4.67622 5 
4 3.76984 3.54537 3.33177 3.13345 2.95386 2.7955 2.66006 2.54853 2.4614 2.39887 2.36093 2.34752 2.35858 2.3941 2.45417 2.53894 2.6486 2.78336 2.94332 3.12837 3.33804 3.57135 3.82657 4.1011 4.39137 4.69279 5 
4 3.78167 3.56839 3.36481 3.17499 3.00227 2.84921 2.71763 2.60876 2.52335 2.46179 2.4243 2.41094 2.42177 2.45685 2.51628 2.60019 2.70871 2.84192 2.99976 3.18193 3.38774 3.61598 3.86476 4.13143 4.41248 4.70364 5 
4 3.78864 3.58201 3.38449 3.19995 3.03165 2.88212 2.75327 2.64639 2.56233 2.5016 2.46449 2.45115 2.4617 2.49623 2.55486 2.63774 2.74498 2.87664 3.0326 3.21249 3.41557 3.64053 3.88544 4.14763 4.42365 4.70934 5 
4 3.79108 3.58683 3.39159 3.2092 3.04286 2.89508 2.76771 2.66204 2.57888 2.51873 2.48187 2.46847 2.47862 2.51246 2.57014 2.65183 2.75769 2.88784 3.04222 3.22052 3.42206 3.64558 3.8892 4.15026 4.4253 4.71014 5 
4 3.78902 3.58293 3.38626 3.20292 3.03613 2.88833 2.76124 2.65601 2.57331 2.5135 2.47677 2.46318 2.47283 2.50582 2.56234 2.64263 2.74697 2.87559 3.02863 3.20596 3.4071 3.631 3.87589 4.13916 4.41731 4.70595 5 
4 3.78224 3.56992 3.36798 3.1806 3.01101 2.86153 2.73366 2.62826 2.54571 2.48611 2.44944 2.43561 2.44463 2.47658 2.53167 2.61026 2.71277 2.83969 2.99143 3.16822 3.36993 3.59586 3.84453 4.11344 4.39898 4.6964 5 
4 3.7702 3.54681 3.33554 3.14096 2.96635 2.81378 2.68435 2.57844 2.49598 2.43666 2.40014 2.38611 2.39441 2.42509 2.47839 2.55479 2.65495 2.77969 2.92984 3.10614 3.30905 3.53842 3.79326 4.07133 4.36893 4.68072 5 
4 3.75189 3.51185 3.28677 3.0818 2.90017 2.7435 2.6122 2.50591 2.42388 2.36525 2.3292 2.31513 2.32267 2.35181 2.40282 2.47633 2.57331 2.69497 2.84273 3.01803 3.22217 3.45591 3.71906 4.00994 4.32481 4.65759 5 
4 3.72568 3.46216 3.21824 2.99972 2.80955 2.64843 2.51567 2.40979 2.32912 2.272 2.23707 2.22332 2.23015 2.25743 2.3055 2.37515 2.46768 2.5848 2.72864 2.90161 3.10614 3.34436 3.61744 3.92475 4.2629 4.62488 5 
4 3.68879 3.39311 3.12461 2.88969 2.69032 2.52553 2.39281 2.28911 2.21146 2.15727 2.12448 2.11164 2.11789 2.14298 2.18728 2.25177 2.33807 2.44849 2.58597 2.75408 2.95683 3.1983 3.48185 3.80892 4.17727 4.57907 5 
4 3.63648 3.2971 2.99767 2.74445 2.53693 2.37103 2.24145 2.14295 2.07094 2.02174 1.99258 1.98151 1.98743 2.00996 2.04949 2.10716 2.18492 2.28563 2.41313 2.57232 2.76918 3.01046 3.30298 3.65199 4.05828 4.51415 5 
4 3.56013 3.16131 2.82475 2.55381 2.34225 2.18061 2.05946 1.97076 1.90812 1.86672 1.84312 1.83496 1.84091 1.86049 1.8941 1.94296 2.0093 2.09643 2.209 2.35327 2.53741 2.77163 3.06782 3.43792 3.88979 4.4193 5 
4 3.44282 2.96342 2.58642 2.30402 2.09796 1.95003 1.8454 1.77291 1.72447 1.69437 1.67866 1.67477 1.68121 1.69747 1.72388 1.76172 1.8133 1.88217 1.97351 2.09465 2.25582 2.47104 2.75891 3.1422 3.64374 4.27327 5 
4 3.24779 2.66324 2.25363 1.97809 1.79577 1.67643 1.59949 1.55131 1.52282 1.50797 1.50274 1.5046 1.51208 1.52464 1.54258 1.56708 1.60031 1.64572 1.70848 1.79624 1.92038 2.09799 2.35471 2.72832 3.26977 4.03007 5 
4 2.88517 2.18821 1.7869 1.55907 1.43078 1.3606 1.32504 1.31026 1.30778 1.31218 1.32001 1.32907 1.33812 1.34668 1.35498 1.36395 1.37538 1.39214 1.41863 1.46161 1.53164 1.64593 1.83372 2.14666 2.67698 3.57724 5 
4 2.1047 1.41757 1.14676 1.04059 1.00778 1.01026 1.02992 1.05706 1.08599 1.11313 1.1362 1.15371 1.16481 1.16915 1.16684 1.1585 1.14525 1.12895 1.11242 1.10002 1.09872 1.12045 1.18765 1.34765 1.71429 2.6019 5 
0 0.116093 0.230616 0.34202 0.448799 0.549509 0.642788 0.727374 0.802123 0.866025 0.918216 0.95799 0.984808 0.998308 0.998308 0.984808 0.95799 0.918216 0.866025 0.802123 0.727374 0.642788 0.549509 0.448799 0.34202 0.230616 0.116093 0 
